3.65975e+00 -4.07420e+01 -2.19167e+01
6.52123e+00 -3.49494e+01 -2.49427e+01
1.08162e+01 -3.01278e+01 -2.45179e+01
1.05556e+01 -2.65559e+01 -2.63880e+01
1.42275e+01 -2.84373e+01 -2.32058e+01
1.48008e+01 -2.44676e+01 -2.49409e+01
1.81585e+01 -2.59289e+01 -2.24684e+01
2.02522e+01 -2.09533e+01 -2.45308e+01
2.26567e+01 -1.71193e+01 -2.62634e+01
2.81057e+01 -1.91515e+01 -2.41765e+01
2.56591e+01 -1.51552e+01 -2.68158e+01
3.10272e+01 -1.48813e+01 -2.62078e+01
3.33864e+01 -9.87643e+00 -2.93350e+01
3.64274e+01 -1.16990e+01 -2.76296e+01
4.21649e+01 -8.09750e+00 -2.89832e+01
4.24966e+01 -3.51239e+00 -3.06099e+01
4.60395e+01 -5.48552e-01 -2.94741e+01
4.89919e+01 3.59751e+00 -2.78838e+01
2.82439e+01 -1.20841e+01 -2.87936e+01
3.72285e+01 -6.70959e+00 -3.08639e+01
2.29157e+00 -3.72545e+01 -2.57318e+01
4.66882e+01 6.80869e+00 -2.94124e+01
-2.02834e+00 -3.93038e+01 -2.54407e+01
1.47143e+01 -2.13549e+01 -2.68246e+01
5.37032e+00 -3.09522e+01 -2.79643e+01
4.04519e+01 -7.58278e-01 -3.26788e+01
4.19730e+01 4.08099e+00 -3.22523e+01
3.02614e+01 -7.30336e+00 -3.24171e+01
3.72957e+01 -3.53708e+00 -3.28526e+01
2.11790e+01 -1.44983e+01 -2.94109e+01
3.37899e+01 -5.64298e+00 -3.27908e+01
4.64257e+01 1.08775e+01 -2.82514e+01
1.66814e+01 -1.80910e+01 -2.84193e+01
4.32872e+01 7.27409e+00 -3.10586e+01
1.03277e+00 -3.43886e+01 -2.79012e+01
1.15582e+01 -2.20883e+01 -2.81924e+01
2.19799e+01 -1.16655e+01 -3.18424e+01
-3.65722e+00 -3.48508e+01 -2.89065e+01
2.54557e+01 -9.57693e+00 -3.19814e+01
3.90321e+01 1.88057e+00 -3.46200e+01
4.14345e+01 1.05522e+01 -3.19305e+01
4.19746e+00 -2.71833e+01 -3.09642e+01
1.27263e+01 -1.88216e+01 -3.00110e+01
3.35584e+01 -1.95884e+00 -3.55886e+01
9.98171e-01 -3.11340e+01 -3.08398e+01
7.13323e+00 -2.22316e+01 -3.08243e+01
1.62823e+01 -1.44518e+01 -3.18284e+01
4.31294e+01 1.55519e+01 -3.03147e+01
-6.91161e+00 -3.75456e+01 -2.59471e+01
2.54347e+01 -6.41583e+00 -3.49750e+01
3.84694e+01 6.72011e+00 -3.54039e+01
3.59028e+01 4.32837e+00 -3.73324e+01
3.83389e+01 1.31828e+01 -3.48059e+01
-7.31548e+00 -3.42106e+01 -2.78196e+01
2.97644e+01 -1.62828e+00 -3.72836e+01
3.17498e+01 1.71098e+00 -3.83010e+01
3.87650e+01 1.78258e+01 -3.05170e+01
-3.01927e+00 -3.01907e+01 -3.23757e+01
7.77152e+00 -1.84042e+01 -3.27562e+01
1.91554e+01 -8.30654e+00 -3.59690e+01
2.27920e+00 -2.36207e+01 -3.40713e+01
-3.75601e-01 -2.62175e+01 -3.46670e+01
-1.12474e+01 -3.60780e+01 -2.46624e+01
2.38462e+01 -3.71808e+00 -3.80394e+01
-6.54474e+00 -3.12419e+01 -3.03401e+01
9.66929e+00 -1.55457e+01 -3.38689e+01
3.49932e+01 9.26481e+00 -3.90157e+01
3.22723e+01 5.06830e+00 -3.93972e+01
-1.02077e+01 -3.13098e+01 -2.82785e+01
4.58819e+00 -1.97753e+01 -3.41974e+01
2.78947e+01 4.77779e-01 -3.94241e+01
3.52362e+01 1.75948e+01 -3.35254e+01
1.18434e+01 -9.74832e+00 -3.66461e+01
3.43016e+01 1.26880e+01 -3.95361e+01
3.40834e+01 1.57202e+01 -3.75375e+01
2.41845e+01 -4.75397e-01 -4.02406e+01
1.75572e+01 -5.06566e+00 -3.80256e+01
-6.00797e+00 -2.67240e+01 -3.33478e+01
2.76615e+01 3.78257e+00 -4.10834e+01
5.98800e+00 -1.61886e+01 -3.55004e+01
2.96418e+01 9.09308e+00 -4.16649e+01
3.51786e+01 2.14476e+01 -3.04398e+01
6.36867e+00 -1.29265e+01 -3.73503e+01
3.06248e+01 1.31496e+01 -4.12814e+01
5.01755e-01 -2.08541e+01 -3.67674e+01
1.97146e+01 7.19428e-01 -4.05112e+01
2.58122e+00 -1.70419e+01 -3.74828e+01
2.26012e+01 3.69193e+00 -4.21646e+01
3.17202e+01 1.92101e+01 -3.60677e+01
1.16989e+01 -5.11536e+00 -3.80509e+01
-1.35300e+01 -3.17715e+01 -2.63038e+01
-1.30792e+01 -2.88185e+01 -2.83568e+01
2.46293e+01 7.84782e+00 -4.34318e+01
3.20215e+01 2.29062e+01 -3.25126e+01
-1.03271e+01 -2.65782e+01 -3.09262e+01
1.53828e+01 -1.11007e+00 -3.91446e+01
-5.23401e+00 -2.23833e+01 -3.62021e+01
-1.82069e+00 -1.82806e+01 -3.85991e+01
5.59868e+00 -6.84886e+00 -3.89525e+01
2.68254e+01 1.19542e+01 -4.31356e+01
2.96444e+01 1.65502e+01 -4.01637e+01
1.59307e+00 -1.41896e+01 -3.92312e+01
-1.63565e+01 -2.78035e+01 -2.67875e+01
2.05851e+01 7.29843e+00 -4.28576e+01
-9.37676e+00 -2.34566e+01 -3.33461e+01
2.62748e+01 1.63548e+01 -4.22372e+01
1.66758e+01 4.63093e+00 -4.04680e+01
-1.25925e+01 -2.30756e+01 -3.08180e+01
2.68242e+01 2.05096e+01 -3.86386e+01
1.77983e+00 -9.53119e+00 -4.05009e+01
2.78133e+01 2.42516e+01 -3.45275e+01
2.05709e+01 1.14316e+01 -4.39250e+01
1.24118e+01 1.69281e+00 -3.85238e+01
2.27660e+01 1.48486e+01 -4.42072e+01
-1.62062e+01 -2.35450e+01 -2.79074e+01
-2.12792e+00 -1.38702e+01 -3.98053e+01
2.89311e+01 2.70306e+01 -3.09734e+01
7.65219e+00 -1.34620e+00 -3.79730e+01
-9.81091e+00 -1.96525e+01 -3.46972e+01
-7.13614e+00 -1.67030e+01 -3.73851e+01
1.52590e+01 9.72207e+00 -4.14541e+01
1.28799e+01 5.19267e+00 -3.91447e+01
6.75457e+00 3.35986e+00 -3.80205e+01
-2.51631e+00 -6.83786e+00 -4.12620e+01
2.72143e+00 -8.13322e-01 -3.88524e+01
-1.12182e+01 -1.60702e+01 -3.51897e+01
9.52117e+00 7.55311e+00 -3.90578e+01
2.09887e+01 1.94938e+01 -4.30777e+01
2.28240e+01 2.25200e+01 -3.96615e+01
-2.01642e+01 -2.77073e+01 -2.51166e+01
2.38619e+01 2.51325e+01 -3.63056e+01
4.34789e-01 -4.63036e+00 -4.07403e+01
-6.27319e+00 -1.00939e+01 -3.95328e+01
-1.29712e+01 -1.89515e+01 -3.22651e+01
1.72863e+01 1.60491e+01 -4.34540e+01
-1.71969e+01 -1.93248e+01 -2.88919e+01
2.29800e+01 2.85028e+01 -3.33924e+01
-1.09920e+01 -1.26635e+01 -3.64520e+01
1.15622e+01 1.37135e+01 -4.13130e+01
1.95764e+01 2.31418e+01 -4.09712e+01
-2.20420e+01 -2.26601e+01 -2.59890e+01
1.80886e+01 2.73977e+01 -3.70726e+01
-2.41181e+00 -1.83112e+00 -4.03570e+01
3.09381e+00 6.72387e+00 -3.78902e+01
1.40189e+01 1.88499e+01 -4.29266e+01
-7.81798e-01 2.79712e+00 -3.90311e+01
-1.52544e+01 -1.63175e+01 -3.17631e+01
2.42549e+01 3.12430e+01 -2.96566e+01
6.42026e+00 1.11214e+01 -3.89588e+01
-9.54747e+00 -8.35665e+00 -3.82845e+01
-1.55768e+01 -1.21860e+01 -3.41182e+01
-1.87945e+01 -1.59097e+01 -2.97935e+01
-6.74141e+00 -4.75556e+00 -4.04398e+01
-7.93296e+00 -6.39360e-01 -4.02539e+01
-4.81839e+00 1.59286e+00 -4.02351e+01
1.36353e+01 2.30927e+01 -4.22608e+01
1.49269e+01 2.60754e+01 -3.96992e+01
2.00321e+01 3.21799e+01 -3.12022e+01
1.70185e+01 3.07090e+01 -3.40167e+01
-1.30005e+01 -7.76940e+00 -3.68864e+01
8.21079e+00 2.11281e+01 -4.17035e+01
2.88930e-02 8.37135e+00 -3.68665e+01
-1.02408e+01 -3.57933e+00 -3.91625e+01
5.74732e+00 1.64173e+01 -3.99193e+01
-3.57891e+00 5.28121e+00 -3.84586e+01
-1.98957e+01 -1.25294e+01 -3.17447e+01
-2.58606e+01 -2.13561e+01 -2.60188e+01
-2.29521e+01 -1.74431e+01 -2.79363e+01
1.04386e+01 2.50278e+01 -4.09110e+01
1.27211e+01 2.96078e+01 -3.62287e+01
1.68921e+00 1.47920e+01 -3.75757e+01
-1.66057e+01 -5.33828e+00 -3.59489e+01
-1.39022e+01 -1.34623e+00 -3.78541e+01
-7.89390e+00 5.52569e+00 -3.92137e+01
-4.08106e+00 1.02060e+01 -3.60006e+01
-1.89395e+01 -9.21262e+00 -3.37629e+01
-2.46993e+01 -1.31375e+01 -3.00791e+01
4.30462e+00 2.06178e+01 -4.01893e+01
2.10505e+00 1.81570e+01 -3.86716e+01
-1.25144e+01 4.15560e+00 -3.88504e+01
1.65833e+01 3.46986e+01 -2.86121e+01
5.11418e+00 2.48226e+01 -4.03360e+01
9.11782e+00 2.85806e+01 -3.75870e+01
-2.68143e+01 -1.65934e+01 -2.80280e+01
-3.84003e+00 1.50879e+01 -3.56430e+01
1.19940e+01 3.39929e+01 -3.11859e+01
-8.30016e+00 1.13121e+01 -3.58999e+01
1.00169e+00 2.22684e+01 -3.92607e+01
-2.30897e+01 -7.86372e+00 -3.24621e+01
-1.92661e+01 -7.14371e-01 -3.59134e+01
-2.18586e+00 1.84796e+01 -3.69762e+01
-2.10209e+01 -4.24988e+00 -3.43065e+01
7.54561e+00 3.32085e+01 -3.22062e+01
-2.89317e+01 -1.92368e+01 -2.64935e+01
5.79949e+00 2.95941e+01 -3.63713e+01
1.43970e+00 2.64484e+01 -3.88224e+01
-1.71541e+01 1.80176e+00 -3.71308e+01
-1.21362e+01 9.53976e+00 -3.68773e+01
1.25065e+01 3.76118e+01 -2.72014e+01
-2.89507e+01 -1.22377e+01 -2.95942e+01
-3.24245e+00 2.28374e+01 -3.77105e+01
-1.60988e+01 5.23201e+00 -3.75645e+01
-3.24228e+01 -1.50990e+01 -2.73234e+01
-6.04591e+00 1.94865e+01 -3.62574e+01
-2.74813e+01 -8.88778e+00 -3.13713e+01
-2.86119e+00 2.65506e+01 -3.73474e+01
-2.01062e+01 6.03796e+00 -3.64131e+01
-1.67658e+01 8.62469e+00 -3.67463e+01
-1.26331e+01 1.33780e+01 -3.60737e+01
1.99668e+00 3.01696e+01 -3.50812e+01
-9.05335e+00 1.77195e+01 -3.59256e+01
-2.40144e+01 -2.88504e-01 -3.44779e+01
-2.62122e+01 -4.16205e+00 -3.31461e+01
7.49713e+00 3.74538e+01 -2.94268e+01
-2.25530e+01 3.31529e+00 -3.54128e+01
-6.94778e+00 2.51430e+01 -3.63101e+01
-1.65469e+01 1.25168e+01 -3.60338e+01
1.80251e+00 3.31706e+01 -3.19601e+01
-1.22834e+01 1.91367e+01 -3.60260e+01
-9.63169e+00 2.24315e+01 -3.61470e+01
-3.17654e+01 -8.83136e+00 -3.02171e+01
-3.00901e+01 -5.66346e+00 -3.20455e+01
9.08962e+00 4.08828e+01 -2.59065e+01
-2.75014e+01 2.57316e-01 -3.39131e+01
-1.73866e+01 1.64065e+01 -3.51268e+01
-2.72239e+01 3.91928e+00 -3.45064e+01
-2.16387e+01 1.14513e+01 -3.56882e+01
-3.02490e+01 -2.31076e+00 -3.29700e+01
-2.24839e+00 3.26253e+01 -3.17125e+01
-2.40264e+01 6.94829e+00 -3.54515e+01
-8.48111e+00 2.90429e+01 -3.19760e+01
-1.55468e+01 1.94126e+01 -3.47252e+01
-3.67880e+01 -1.12898e+01 -2.72942e+01
-9.82628e+00 2.61545e+01 -3.41575e+01
-3.47081e+01 -5.45959e+00 -3.07566e+01
-1.40448e+01 2.30732e+01 -3.34719e+01
-3.73855e-01 3.72132e+01 -2.89815e+01
-2.85769e+01 7.76718e+00 -3.44825e+01
-1.33515e+01 2.64157e+01 -3.08548e+01
-3.25378e+01 2.27511e+00 -3.33589e+01
-2.63796e+01 1.04463e+01 -3.49001e+01
-2.23901e+01 1.66255e+01 -3.36018e+01
-3.55820e+01 -1.74893e+00 -3.18625e+01
-3.94772e+01 -7.37413e+00 -2.83622e+01
3.66817e+00 4.10748e+01 -2.67482e+01
-3.31616e+01 7.76053e+00 -3.24717e+01
-2.60212e+01 1.37920e+01 -3.38377e+01
-1.86688e+01 2.10297e+01 -3.20610e+01
-7.10999e+00 3.38616e+01 -2.79588e+01
-1.67725e+01 2.44743e+01 -3.01379e+01
-4.85953e+00 3.70155e+01 -2.65126e+01
-4.02773e+01 -4.00163e+00 -2.95686e+01
-2.98556e+01 1.14733e+01 -3.26127e+01
-1.25274e+01 2.94603e+01 -2.82938e+01
-3.66459e+01 3.25883e+00 -3.22956e+01
1.31227e-01 4.20283e+01 -2.47669e+01
-2.59325e+01 1.67807e+01 -3.16652e+01
-2.30991e+01 2.00341e+01 -3.05721e+01
-3.98904e+01 -7.40511e-02 -3.09417e+01
-2.00063e+01 2.35571e+01 -2.89813e+01
-4.16005e+01 -1.00194e+01 -2.58054e+01
-3.59815e+00 4.13541e+01 -2.31132e+01
-2.95305e+01 1.44325e+01 -3.03040e+01
-9.34302e+00 3.55990e+01 -2.44159e+01
-3.75883e+01 8.18220e+00 -3.00725e+01
-4.09635e+01 3.46128e+00 -3.08988e+01
-1.76432e+01 2.72336e+01 -2.67625e+01
-4.48078e+01 -6.89544e+00 -2.60113e+01
-1.38081e+01 3.27579e+01 -2.37303e+01
-3.33412e+01 1.19641e+01 -2.87681e+01
-2.39920e+01 2.30319e+01 -2.72724e+01
-2.72289e+01 1.88191e+01 -2.85538e+01
-4.39774e+01 1.77240e+00 -2.99790e+01
-2.10408e+01 2.62321e+01 -2.58516e+01
-3.05777e+01 1.67028e+01 -2.67699e+01
-4.29648e+01 6.59354e+00 -2.96647e+01
-4.72133e+01 -2.03284e+00 -2.79930e+01
-7.35432e+00 4.03451e+01 -2.09041e+01
-4.84285e+01 1.31598e+00 -2.84552e+01
-1.19839e+01 3.60245e+01 -2.15705e+01
-3.88771e+01 1.18119e+01 -2.66598e+01
-3.50295e+01 1.49346e+01 -2.49712e+01
-1.80012e+01 3.07253e+01 -2.28899e+01
-2.91949e+01 2.13673e+01 -2.46264e+01
-3.24036e+01 1.85874e+01 -2.38440e+01
-4.70731e+01 4.48764e+00 -2.90719e+01
-4.19625e+01 1.03319e+01 -2.76497e+01
-4.58532e+01 8.56035e+00 -2.81653e+01
-1.03851e+01 3.97118e+01 -1.86094e+01
-2.54474e+01 2.63510e+01 -2.26047e+01
-2.13131e+01 3.00102e+01 -2.15757e+01
-5.00396e+01 -5.00340e+00 -2.49223e+01
-1.54490e+01 3.57344e+01 -1.92313e+01
-5.38756e+01 -4.13572e-01 -2.52229e+01
-5.10603e+01 5.48955e+00 -2.73868e+01
-4.03373e+01 1.44066e+01 -2.42812e+01
-6.78755e+00 4.29871e+01 -1.78849e+01
-4.58544e+01 1.24332e+01 -2.53472e+01
-4.90366e+01 1.08555e+01 -2.57881e+01
-3.29278e+01 2.24955e+01 -2.11111e+01
-3.71192e+01 1.87694e+01 -2.15695e+01
-3.09429e+01 2.60419e+01 -1.92010e+01
-4.51724e+01 1.56336e+01 -2.25512e+01
-2.64080e+01 2.93279e+01 -1.87839e+01
-1.21977e+01 4.17274e+01 -1.42902e+01
-5.67026e+01 4.19513e+00 -2.44229e+01
-5.35805e+01 8.50369e+00 -2.51236e+01
-4.16086e+01 1.84682e+01 -2.08759e+01
-1.95975e+01 3.54443e+01 -1.72458e+01
-3.74639e+01 2.24351e+01 -1.89663e+01
-2.38390e+01 3.46991e+01 -1.59220e+01
-1.63588e+01 3.95516e+01 -1.44577e+01
-5.86119e+01 -1.07927e+00 -2.20120e+01
-5.58313e+00 4.53647e+01 -1.43171e+01
-5.11218e+01 1.30887e+01 -2.16969e+01
-5.69677e+01 -5.28041e+00 -2.05732e+01
-4.87594e+01 1.62877e+01 -2.00574e+01
-5.53778e+01 1.04631e+01 -2.13793e+01
-3.13662e+01 2.92009e+01 -1.60595e+01
-5.84440e+01 8.83490e+00 -2.06676e+01
-9.30519e+00 4.44111e+01 -1.20397e+01
-4.52800e+01 1.94817e+01 -1.90896e+01
-3.72710e+01 2.58821e+01 -1.57008e+01
-6.13679e+01 3.47576e+00 -2.09672e+01
-6.23969e+01 -7.44577e-01 -1.90680e+01
-2.72606e+01 3.31671e+01 -1.52628e+01
-3.03557e+01 3.30493e+01 -1.35916e+01
-2.17689e+01 3.91403e+01 -1.27551e+01
-6.01640e+01 -4.71087e+00 -1.81818e+01
-4.78735e+01 2.01905e+01 -1.67146e+01
-5.64676e+01 1.20946e+01 -1.84150e+01
-4.41554e+01 2.32409e+01 -1.48468e+01
-6.28438e+01 7.65195e+00 -1.75956e+01
-5.35409e+01 1.55428e+01 -1.67895e+01
-1.67026e+01 4.33558e+01 -9.19175e+00
-6.31664e+01 -2.57528e+00 -1.59554e+01
-6.47132e+01 2.56591e+00 -1.55213e+01
-6.05224e+01 1.06266e+01 -1.72302e+01
-3.68979e+01 2.89793e+01 -1.27855e+01
-8.86680e+00 4.62736e+01 -7.35683e+00
-5.11855e+01 1.89903e+01 -1.55304e+01
-2.82134e+01 3.66574e+01 -1.11436e+01
-1.29388e+01 4.48530e+01 -8.08319e+00
-3.41717e+01 3.24602e+01 -1.18349e+01
-5.84602e+01 1.36287e+01 -1.56298e+01
-4.14090e+01 2.64268e+01 -1.22356e+01
-2.08868e+01 4.20379e+01 -9.64995e+00
-6.38115e+01 -4.88421e+00 -1.28522e+01
-2.44049e+01 4.05218e+01 -8.25610e+00
-6.27164e+01 1.19488e+01 -1.44537e+01
-5.72666e+01 1.66486e+01 -1.34728e+01
-6.53540e+01 -8.71047e-01 -1.19168e+01
-2.75010e+01 3.83812e+01 -8.10235e+00
-5.35780e+01 2.07802e+01 -1.16017e+01
-4.97075e+01 2.20942e+01 -1.26636e+01
-4.48420e+01 2.57985e+01 -1.06477e+01
-6.53699e+01 8.40426e+00 -1.22348e+01
-3.16372e+01 3.62452e+01 -7.50593e+00
-6.25514e+01 1.45556e+01 -1.17226e+01
-5.82608e+01 1.86978e+01 -1.06431e+01
-3.74617e+01 3.22407e+01 -9.39434e+00
-3.60735e+01 3.51592e+01 -7.04359e+00
-6.49738e+01 -6.63152e+00 -9.83067e+00
-4.03891e+01 2.97758e+01 -9.33739e+00
-5.07255e+01 2.44276e+01 -7.81908e+00
-6.60792e+01 2.65624e+00 -1.09760e+01
-2.12674e+01 4.31963e+01 -5.30592e+00
-6.61596e+01 -3.06605e+00 -8.18560e+00
-4.39251e+01 2.89716e+01 -7.38007e+00
-4.05039e+01 3.28322e+01 -5.85468e+00
-5.63806e+01 2.13949e+01 -7.58038e+00
-7.44969e+00 4.73630e+01 -2.36084e+00
-6.68083e+01 4.94368e+00 -6.79767e+00
-6.55320e+01 1.25082e+01 -6.59624e+00
-6.66697e+01 6.87746e-01 -6.59436e+00
-6.22205e+01 1.73011e+01 -8.41106e+00
-4.76966e+01 2.74063e+01 -5.97734e+00
-1.32752e+01 4.63837e+01 -2.61187e+00
-6.65670e+01 8.81442e+00 -6.91313e+00
-3.39711e+01 3.73624e+01 -2.32605e+00
-2.95063e+01 3.85097e+01 -2.28704e+00
-1.87131e+01 4.44475e+01 -1.52781e+00
-2.53595e+01 4.05349e+01 -2.82826e+00
-5.96173e+01 2.00480e+01 -5.09897e+00
-5.34808e+01 2.48262e+01 -3.74262e+00
-6.26336e+01 1.67191e+01 -3.01140e+00
-1.00288e+01 4.71033e+01 1.86800e-01
-2.20527e+01 4.22247e+01 -4.37065e-01
-4.73468e+01 2.99169e+01 -2.30117e+00
-3.88496e+01 3.55912e+01 -2.28885e+00
-6.58415e+01 -5.82844e+00 -4.94795e+00
-4.30823e+01 3.28638e+01 -1.62025e+00
-6.61048e+01 -9.47710e-01 -2.63318e+00
-6.53699e+01 8.38394e+00 -9.31904e-01
-5.79859e+01 2.16106e+01 -1.44394e+00
-6.60506e+01 4.60187e+00 -1.59287e+00
-6.40601e+01 1.23711e+01 -6.33711e-01
-5.13245e+01 2.81585e+01 -4.74887e-02
-2.66791e+01 3.94484e+01 1.92624e+00
-1.77286e+01 4.42897e+01 2.27629e+00
-5.51447e+01 2.49420e+01 5.32461e-01
-3.48540e+01 3.76814e+01 2.28079e+00
-4.03132e+01 3.50793e+01 8.57906e-01
-1.38961e+01 4.56502e+01 3.73557e+00
-6.52413e+01 -5.04070e+00 3.53322e-02
-6.52388e+01 7.02226e-01 7.04672e-01
-3.13488e+01 3.82795e+01 2.72005e+00
-5.79613e+01 2.15176e+01 2.52351e+00
-6.13970e+01 1.38774e+01 3.30855e+00
-4.85903e+01 3.20070e+01 3.67517e+00
-4.39464e+01 3.39269e+01 2.66036e+00
-2.13690e+01 4.17418e+01 4.14830e+00
-1.03601e+01 4.62231e+01 4.93240e+00
-6.47136e+01 -2.35493e+00 4.06266e+00
-5.32909e+01 2.76326e+01 2.83889e+00
-3.76224e+01 3.72810e+01 4.37068e+00
-6.41060e+01 4.01521e+00 3.12389e+00
-6.87675e+00 4.69784e+01 2.80550e+00
-6.27752e+01 8.38856e+00 4.34156e+00
-4.21411e+01 3.62851e+01 5.39720e+00
-2.74623e+01 3.85604e+01 7.38475e+00
-1.96305e+01 4.21826e+01 7.24253e+00
-5.60986e+01 2.48670e+01 4.39950e+00
-5.27824e+01 2.97160e+01 6.12700e+00
-4.56171e+01 3.53280e+01 6.35954e+00
-3.76987e+01 3.76074e+01 8.23729e+00
-5.51033e+01 2.71542e+01 7.16080e+00
-3.25000e+01 3.79819e+01 7.04727e+00
-5.81531e+01 1.88028e+01 8.47425e+00
-5.71026e+01 2.29231e+01 8.26581e+00
-4.99536e+01 3.26391e+01 7.58522e+00
-2.30123e+01 3.99947e+01 8.33437e+00
-5.95420e+01 1.49450e+01 7.06788e+00
-6.08812e+01 1.10138e+01 7.13594e+00
-6.25349e+01 2.94947e+00 8.42031e+00
-5.22372e+01 3.08592e+01 1.08767e+01
-6.28552e+01 -1.48686e+00 8.46687e+00
-1.51213e+01 4.42839e+01 9.36955e+00
-6.10743e+01 8.02279e+00 1.04075e+01
-4.40077e+01 3.64574e+01 1.08580e+01
-4.90415e+01 3.37523e+01 1.13836e+01
-9.00838e+00 4.57351e+01 1.00290e+01
-5.88388e+01 1.42413e+01 1.04562e+01
-6.23359e+01 -5.09961e+00 8.54742e+00
-5.46451e+01 2.69365e+01 1.28551e+01
-3.26250e+01 3.74254e+01 1.24597e+01
-5.64840e+01 2.23523e+01 1.28065e+01
-3.65203e+01 3.72797e+01 1.31309e+01
-5.75205e+01 1.59027e+01 1.34956e+01
-4.62068e+01 3.50315e+01 1.40755e+01
-1.86806e+01 4.21373e+01 1.10217e+01
-2.89707e+01 3.74804e+01 1.29947e+01
-4.93623e+01 3.24535e+01 1.48463e+01
-2.44526e+01 3.84795e+01 1.32161e+01
-6.13933e+01 9.43564e-01 1.21473e+01
-1.60054e+01 4.35389e+01 1.29112e+01
-5.45035e+01 2.36776e+01 1.66521e+01
-5.61233e+01 1.98151e+01 1.52526e+01
-4.02200e+01 3.58906e+01 1.72173e+01
-5.14949e+01 2.90615e+01 1.67378e+01
-5.89596e+01 1.12976e+01 1.40797e+01
-1.91465e+01 4.11499e+01 1.45175e+01
-5.99317e+01 -2.66424e+00 1.34040e+01
-5.86393e+01 8.30493e+00 1.70884e+01
-6.00635e+01 4.53204e+00 1.48948e+01
-4.53831e+01 3.36807e+01 1.82001e+01
-5.65660e+01 1.52199e+01 1.70251e+01
-1.08263e+01 4.46121e+01 1.46193e+01
-3.33777e+01 3.60181e+01 1.79786e+01
-5.75641e+01 1.18170e+01 1.76882e+01
-4.90065e+01 2.93224e+01 1.98761e+01
-5.49524e+01 1.83886e+01 1.85444e+01
-2.71394e+01 3.65437e+01 1.77573e+01
-5.93908e+01 1.09022e+00 1.59950e+01
-5.06007e+01 2.49799e+01 2.13493e+01
-4.12939e+01 3.33535e+01 2.12438e+01
-5.77823e+01 -4.86376e+00 1.54889e+01
-4.50510e+01 2.99163e+01 2.27396e+01
-5.89599e+00 4.42248e+01 1.46101e+01
-2.04425e+01 3.87338e+01 1.83952e+01
-5.31461e+01 2.01653e+01 2.12312e+01
-1.41715e+01 4.30975e+01 1.69710e+01
-5.73480e+01 -1.19459e+00 1.80815e+01
-5.80750e+01 3.47646e+00 1.84278e+01
-5.51724e+01 1.54975e+01 2.08376e+01
-9.00493e+00 4.29428e+01 1.74819e+01
-5.52933e+01 1.13776e+01 2.21960e+01
-3.69121e+01 3.31745e+01 2.26709e+01
-5.67525e+01 7.43180e+00 2.06831e+01
-5.07200e+01 2.01531e+01 2.41590e+01
-2.39622e+01 3.52928e+01 2.12332e+01
-5.23846e+01 1.45049e+01 2.46303e+01
-4.67652e+01 2.61162e+01 2.45949e+01
-2.92184e+01 3.32937e+01 2.33130e+01
-1.37634e+01 4.03404e+01 1.94658e+01
-3.28584e+01 3.26548e+01 2.38444e+01
-5.43618e+01 -4.64836e+00 2.03725e+01
-4.05024e+01 2.98962e+01 2.50506e+01
-5.58522e+01 1.71904e+00 2.11880e+01
-4.27777e+01 2.62593e+01 2.66741e+01
-1.74868e+01 3.71945e+01 2.15048e+01
-5.42493e+01 5.43924e+00 2.37857e+01
-4.63471e+01 2.17329e+01 2.67817e+01
-4.94479e+01 1.74244e+01 2.62460e+01
-5.28271e+01 9.13085e+00 2.51510e+01
-3.59919e+01 2.93579e+01 2.65087e+01
-1.90627e+01 3.41881e+01 2.32570e+01
-1.39820e+01 3.61297e+01 2.21509e+01
-4.94974e+01 1.04044e+01 2.76401e+01
-2.44284e+01 3.22643e+01 2.46975e+01
-9.52343e+00 3.62381e+01 2.13666e+01
-5.15275e+01 3.38438e+00 2.62093e+01
-4.16490e+01 2.21877e+01 2.84506e+01
-2.98860e+01 2.93249e+01 2.69480e+01
-5.17855e+01 -1.59032e+00 2.48874e+01
-4.74330e+01 1.36105e+01 2.83032e+01
-3.51302e+01 2.53664e+01 2.85141e+01
-6.02412e+00 4.09474e+01 1.84918e+01
-4.41302e+01 1.72344e+01 2.89124e+01
-4.86276e+01 6.45226e+00 2.84341e+01
-2.05324e+01 2.86530e+01 2.60431e+01
-3.93861e+01 1.68924e+01 3.00813e+01
-3.66173e+01 2.13073e+01 2.95153e+01
-2.53840e+01 2.74374e+01 2.72549e+01
-4.22210e+01 1.41713e+01 3.00492e+01
-1.57279e+01 3.11735e+01 2.44450e+01
-4.86970e+01 -1.43767e+00 2.75940e+01
-4.49515e+01 8.56745e+00 2.99802e+01
-3.01374e+01 2.38863e+01 2.87777e+01
-3.19402e+01 2.04484e+01 2.96957e+01
-9.52059e+00 3.13723e+01 2.41010e+01
-5.05427e+01 -5.18271e+00 2.46049e+01
-3.50802e+01 1.69842e+01 3.04392e+01
-4.45984e+01 2.29035e+00 3.03185e+01
-2.15388e+01 2.31593e+01 2.78139e+01
-3.94862e+01 1.04592e+01 3.10565e+01
-3.69529e+01 -1.57889e+01 -2.53862e+01
-1.76044e+01 -3.18339e+01 -2.42525e+01
-1.45812e+01 -3.46744e+01 -2.37913e+01
-2.11565e+00 -4.17945e+01 -2.29407e+01
-3.30892e+01 -1.97021e+01 -2.50550e+01
-8.24117e+00 -4.09004e+01 -2.28541e+01
-2.58918e+01 -2.62448e+01 -2.38852e+01
-3.03690e+01 -2.34172e+01 -2.39113e+01
-4.25436e+01 -1.48449e+01 -2.30978e+01
-8.18716e-01 -4.37221e+01 -2.00222e+01
-4.61703e+01 -1.08239e+01 -2.24394e+01
4.94604e+00 -4.39323e+01 -1.82289e+01
-2.39003e+01 -3.04610e+01 -2.24311e+01
-1.89934e+01 -3.54955e+01 -2.12976e+01
-3.91904e+01 -1.96498e+01 -2.25363e+01
-4.90677e+00 -4.43949e+01 -1.99470e+01
-3.57689e+01 -2.20906e+01 -2.25921e+01
-5.37443e+01 -5.36695e+00 -2.25713e+01
-1.35908e+01 -3.93368e+01 -2.12408e+01
-2.75281e+01 -2.91011e+01 -2.16890e+01
-5.28189e+01 -8.34544e+00 -2.00220e+01
-3.29134e+01 -2.56406e+01 -2.17103e+01
-1.49849e+00 -4.70042e+01 -1.60253e+01
-4.32673e+01 -1.87442e+01 -2.08668e+01
-3.15843e+01 -3.01061e+01 -1.93599e+01
-1.22331e+01 -4.35031e+01 -1.78273e+01
-8.66747e+00 -4.44500e+01 -1.85299e+01
-2.38087e+01 -3.39885e+01 -2.01016e+01
-5.01362e+01 -1.19735e+01 -1.88614e+01
-4.71695e+01 -1.61236e+01 -1.94650e+01
2.54064e+00 -4.85049e+01 -1.44374e+01
-1.79981e+01 -3.99630e+01 -1.85596e+01
-2.78274e+01 -3.23520e+01 -1.93873e+01
-3.84879e+01 -2.42977e+01 -2.01944e+01
-4.30057e+01 -2.29752e+01 -1.83610e+01
-3.72454e+01 -2.73134e+01 -1.89343e+01
-5.10064e+00 -4.74188e+01 -1.53449e+01
-2.75087e+01 -3.57759e+01 -1.65597e+01
-2.40008e+01 -3.85693e+01 -1.65894e+01
-9.75050e+00 -4.70544e+01 -1.38378e+01
-5.34747e+01 -1.14626e+01 -1.57077e+01
-3.44026e+01 -3.14335e+01 -1.72888e+01
-5.72111e+01 -7.83567e+00 -1.66626e+01
-4.73145e+01 -1.93403e+01 -1.76080e+01
-1.60565e+01 -4.45266e+01 -1.46649e+01
-2.06053e+01 -4.10361e+01 -1.63496e+01
-3.09292e+01 -3.42859e+01 -1.61801e+01
-4.63304e+01 -2.32791e+01 -1.56865e+01
-5.16210e+01 -1.54111e+01 -1.55047e+01
-4.29734e+01 -2.70718e+01 -1.55549e+01
-6.12156e+01 -7.59436e+00 -1.32756e+01
-2.61208e+00 -5.08731e+01 -1.10028e+01
6.99061e+00 -4.87563e+01 -1.22037e+01
-3.84532e+01 -3.04285e+01 -1.61944e+01
-4.97042e+01 -2.08984e+01 -1.49953e+01
-2.20180e+01 -4.37460e+01 -1.25780e+01
-5.81852e+01 -1.10036e+01 -1.23581e+01
-3.56035e+01 -3.49535e+01 -1.38380e+01
3.57212e+00 -5.27822e+01 -9.00613e+00
-3.07460e+01 -3.80631e+01 -1.28836e+01
-6.67149e+00 -4.96966e+01 -1.11812e+01
-5.36610e+01 -1.81482e+01 -1.33964e+01
-4.10910e+01 -3.23661e+01 -1.30979e+01
-5.48588e+01 -1.42013e+01 -1.29942e+01
-2.76803e+01 -4.10573e+01 -1.18255e+01
-1.37562e+01 -4.80517e+01 -9.35778e+00
-5.20157e+01 -2.30278e+01 -1.15015e+01
-4.75245e+01 -2.58193e+01 -1.26750e+01
-1.86055e+01 -4.61260e+01 -1.01321e+01
-4.73632e+01 -2.84388e+01 -1.01955e+01
-6.73072e-01 -5.31932e+01 -6.53243e+00
-1.01206e+01 -4.95002e+01 -9.12327e+00
-5.79902e+01 -1.51487e+01 -1.06395e+01
-3.36072e+01 -3.85937e+01 -1.03788e+01
-4.37101e+01 -3.20018e+01 -1.08979e+01
-5.69577e+01 -1.93760e+01 -1.04389e+01
-5.83398e+00 -5.19386e+01 -6.89044e+00
-6.24330e+01 -1.11225e+01 -9.37896e+00
-3.82411e+01 -3.64901e+01 -1.03352e+01
-2.60377e+01 -4.31879e+01 -7.70489e+00
-2.11250e+01 -4.54563e+01 -7.61559e+00
-8.93276e+00 -5.12054e+01 -5.48303e+00
-5.68381e+01 -2.26350e+01 -6.76815e+00
-3.68617e+01 -3.79627e+01 -7.12905e+00
-5.29639e+01 -2.51217e+01 -7.38185e+00
-4.13485e+01 -3.50621e+01 -8.57784e+00
-6.48544e+01 -1.00255e+01 -5.40239e+00
-3.05296e+01 -4.10332e+01 -6.78135e+00
-1.64376e+01 -4.76725e+01 -5.99950e+00
-6.16600e+01 -1.53336e+01 -7.53215e+00
3.33241e+00 -5.42267e+01 -4.47169e+00
-1.36103e+01 -4.93541e+01 -2.93130e+00
-6.02008e+01 -1.93541e+01 -5.61517e+00
-4.81896e+01 -2.99665e+01 -5.86529e+00
-6.35611e+01 -1.37638e+01 -4.42086e+00
-4.29084e+01 -3.42472e+01 -5.18844e+00
-1.89574e+01 -4.65688e+01 -3.78482e+00
-2.29027e+01 -4.41577e+01 -1.29776e+00
-4.86305e-01 -5.38066e+01 -1.21308e+00
-3.45952e+01 -3.85966e+01 -3.97270e+00
-2.84988e+01 -4.13797e+01 -2.74933e+00
-5.95182e+00 -5.25837e+01 -1.12411e+00
-1.08628e+01 -5.06860e+01 -1.18144e+00
3.02384e+00 -5.42612e+01 -4.72681e-01
-3.84614e+01 -3.59890e+01 -1.40753e+00
-3.16933e+01 -3.94424e+01 -1.42953e+00
-6.47778e+01 -9.15787e+00 -1.40521e+00
-4.62872e+01 -3.16694e+01 -1.97621e+00
-5.52702e+01 -2.46366e+01 -1.86566e+00
-5.08806e+01 -2.83033e+01 -2.64808e+00
-3.47529e+01 -3.73179e+01 5.17353e-02
-5.78711e+01 -2.22590e+01 -9.72472e-01
-4.29009e+01 -3.25777e+01 7.76306e-01
-6.07636e+01 -1.80581e+01 -3.54811e-01
-6.31095e+01 -1.37745e+01 8.91336e-02
-5.13032e+01 -2.69217e+01 9.65872e-01
-1.80854e+01 -4.64032e+01 2.12082e+00
-3.02992e+01 -3.81875e+01 3.26035e+00
-1.49823e+01 -4.81967e+01 2.82475e+00
-2.66879e+01 -4.14695e+01 9.21794e-01
-2.35758e+01 -4.26178e+01 3.11545e+00
-7.97869e+00 -5.15742e+01 2.58750e+00
-4.69893e+01 -2.90211e+01 2.29468e+00
-2.53062e+00 -5.28760e+01 4.26903e+00
-6.34553e+01 -1.08978e+01 2.93087e+00
-5.40398e+01 -2.32122e+01 2.91226e+00
-1.09345e+01 -5.00776e+01 3.93607e+00
-3.35794e+01 -3.55620e+01 4.34229e+00
-3.67469e+01 -3.46831e+01 2.88161e+00
-5.63341e+01 -2.01772e+01 3.91518e+00
-6.13211e+01 -1.50394e+01 2.86982e+00
4.15294e+00 -5.35973e+01 3.29753e+00
-6.45111e+01 -6.89124e+00 4.03645e+00
-2.64467e+01 -4.01475e+01 4.42513e+00
-4.87410e+01 -2.60940e+01 4.52060e+00
-4.36401e+01 -2.85425e+01 5.68939e+00
-5.87978e+01 -1.63250e+01 5.00750e+00
-3.58831e+01 -3.23295e+01 6.86269e+00
-1.35223e+01 -4.82066e+01 6.62741e+00
-1.98769e+01 -4.36290e+01 7.66474e+00
-3.94002e+01 -3.09684e+01 5.88790e+00
3.27502e+00 -5.26431e+01 6.56903e+00
-2.77598e+01 -3.77096e+01 7.17015e+00
-6.19692e+01 -8.37989e+00 7.27362e+00
-5.26172e+00 -5.14388e+01 7.42471e+00
-1.66594e+01 -4.53723e+01 9.30204e+00
-6.06982e+01 -1.19623e+01 6.43044e+00
-2.41613e+01 -3.96588e+01 8.80349e+00
-4.97574e+01 -2.26558e+01 7.56456e+00
-4.51831e+01 -2.51642e+01 8.41284e+00
-3.20816e+01 -3.42246e+01 7.67135e+00
-5.12453e+01 -1.88540e+01 1.03436e+01
-5.56552e+01 -1.56501e+01 9.11000e+00
-9.18465e-01 -5.15175e+01 1.01681e+01
-8.50965e+00 -4.96460e+01 1.01856e+01
-3.96842e+01 -2.81279e+01 9.07135e+00
-5.84428e+01 -1.09934e+01 1.00578e+01
-2.76709e+01 -3.59227e+01 1.01782e+01
-1.28376e+01 -4.73183e+01 1.11108e+01
-2.04705e+01 -4.14884e+01 1.17721e+01
-4.76029e+01 -2.11732e+01 1.10057e+01
-2.90555e+01 -3.30335e+01 1.27043e+01
-3.31627e+01 -3.13209e+01 1.04455e+01
-3.52312e+01 -2.87842e+01 1.18135e+01
-3.86972e+01 -2.52452e+01 1.35168e+01
-5.50585e+01 -1.33623e+01 1.20653e+01
-6.00017e+01 -6.30507e+00 1.13877e+01
-4.13758e+00 -5.00096e+01 1.35121e+01
3.75414e+00 -5.09173e+01 1.14743e+01
-4.28789e+01 -2.30703e+01 1.27272e+01
-2.22954e+01 -3.82162e+01 1.49554e+01
-3.18776e+01 -2.96395e+01 1.40840e+01
-1.61502e+01 -4.38728e+01 1.47139e+01
-4.79134e+01 -1.80750e+01 1.45264e+01
-5.15104e+01 -1.51289e+01 1.40947e+01
-9.00733e+00 -4.83464e+01 1.39941e+01
-2.52579e+01 -3.52347e+01 1.48990e+01
-1.26086e+01 -4.62685e+01 1.47605e+01
-5.48340e+01 -9.98176e+00 1.55465e+01
-4.74503e-01 -5.00580e+01 1.47943e+01
-4.33838e+01 -2.07579e+01 1.53669e+01
-3.48374e+01 -2.67250e+01 1.50936e+01
-2.82992e+01 -3.12763e+01 1.63019e+01
3.99581e+00 -4.91857e+01 1.60551e+01
-1.77978e+01 -4.14692e+01 1.71191e+01
-5.08788e+01 -1.29818e+01 1.73141e+01
-8.55051e+00 -4.70646e+01 1.78508e+01
-1.43061e+01 -4.38206e+01 1.79414e+01
-2.97829e+01 -2.75996e+01 1.98942e+01
-4.79434e+01 -1.48724e+01 1.86022e+01
-2.89936e+00 -4.84209e+01 1.83764e+01
-3.91437e+01 -2.19767e+01 1.79391e+01
-4.46696e+01 -1.75304e+01 1.87429e+01
-1.85730e+01 -3.91266e+01 1.98323e+01
-3.50347e+01 -2.44802e+01 1.84158e+01
-2.39736e+01 -3.30274e+01 2.02656e+01
-4.10440e+01 -1.90310e+01 2.05958e+01
-2.11422e+01 -3.63214e+01 1.99774e+01
-5.11397e+01 -9.06833e+00 2.10614e+01
9.58635e-01 -4.84649e+01 1.85698e+01
-1.36525e+01 -4.17562e+01 2.22952e+01
-2.67666e+01 -2.91841e+01 2.13648e+01
-4.92308e+00 -4.67009e+01 2.11050e+01
-3.65212e+01 -2.18941e+01 2.09776e+01
-7.97504e+00 -4.41330e+01 2.34693e+01
-3.21738e+01 -2.41067e+01 2.22140e+01
-1.55384e+01 -3.79370e+01 2.46788e+01
-1.91606e+01 -3.47906e+01 2.41564e+01
-4.44005e+01 -1.50055e+01 2.25713e+01
-3.58136e-01 -4.65374e+01 2.25225e+01
-3.61524e+01 -2.00635e+01 2.39406e+01
-4.58095e+01 -1.18233e+01 2.45149e+01
4.86536e+00 -4.63533e+01 2.17829e+01
-3.99812e+01 -1.62889e+01 2.52006e+01
-2.20723e+01 -3.05590e+01 2.49264e+01
-3.23218e+00 -4.50525e+01 2.41110e+01
-1.14076e+01 -3.92173e+01 2.66586e+01
-3.00560e+01 -2.28777e+01 2.54970e+01
-2.66122e+01 -2.53574e+01 2.55118e+01
-4.16330e+01 -1.23601e+01 2.75444e+01
-4.68584e+01 -7.60370e+00 2.66896e+01
-7.93472e+00 -4.03077e+01 2.73566e+01
-3.36052e+01 -1.93424e+01 2.67288e+01
-1.80079e+01 -3.11649e+01 2.75381e+01
-1.51927e+01 -3.48869e+01 2.72264e+01
4.52757e-02 -4.35047e+01 2.63397e+01
-3.47867e+00 -4.23785e+01 2.68613e+01
-2.03910e+01 -2.82808e+01 2.75671e+01
-3.71479e+01 -1.48815e+01 2.83987e+01
-4.35250e+01 -9.01547e+00 2.83028e+01
-2.16738e+01 -2.34342e+01 2.90667e+01
-2.96998e+01 -1.98584e+01 2.81800e+01
-1.45156e+01 -3.12099e+01 2.90801e+01
-1.06392e+01 -3.43973e+01 2.93769e+01
-4.75054e+00 -3.93868e+01 2.89894e+01
-2.54541e+01 -2.21305e+01 2.82788e+01
-3.33893e+01 -1.55807e+01 2.95216e+01
7.64717e+00 -3.83328e+01 -2.25334e+01
1.08889e+01 -3.57767e+01 -2.22212e+01
4.69747e+01 -5.57525e+00 -2.88794e+01
4.93154e+01 -2.73075e+00 -2.81200e+01
1.41018e+01 -3.39275e+01 -2.13791e+01
5.11253e+01 2.66688e-01 -2.49896e+01
2.46716e+01 -2.24490e+01 -2.26667e+01
3.46220e+01 -1.75495e+01 -2.49800e+01
4.54069e+01 -1.04185e+01 -2.72516e+01
4.02462e+01 -1.52910e+01 -2.58221e+01
5.13996e+01 -4.61727e+00 -2.49200e+01
4.92836e+01 -9.20179e+00 -2.54486e+01
2.31038e+01 -2.61324e+01 -2.11815e+01
1.99399e+01 -2.88025e+01 -2.08527e+01
2.81132e+01 -2.38541e+01 -2.19590e+01
9.63186e+00 -4.10242e+01 -1.94071e+01
5.07504e+01 4.07800e+00 -2.19348e+01
3.33904e+01 -2.19728e+01 -2.32383e+01
4.74386e+01 -1.53646e+01 -2.45533e+01
1.81006e+01 -3.34420e+01 -2.00391e+01
5.24377e+01 -2.41145e+00 -2.19913e+01
4.35232e+01 -1.74257e+01 -2.49105e+01
3.82165e+01 -2.10598e+01 -2.37402e+01
4.20718e+01 -2.06711e+01 -2.36475e+01
5.18959e+01 1.75833e+00 -1.95245e+01
1.57207e+01 -3.85765e+01 -1.93182e+01
2.27080e+01 -3.10532e+01 -1.95737e+01
5.30855e+01 -5.81257e+00 -2.01106e+01
3.17071e+01 -2.60336e+01 -2.11665e+01
3.56835e+01 -2.60063e+01 -2.12513e+01
5.15482e+01 -1.20052e+01 -2.18972e+01
2.77559e+01 -2.85308e+01 -2.00279e+01
5.03052e+01 7.34651e+00 -1.81206e+01
2.00000e+01 -3.61874e+01 -1.86497e+01
4.73744e+01 -2.04877e+01 -2.20013e+01
5.26188e+01 1.43858e+00 -1.47039e+01
5.14061e+01 -1.58159e+01 -2.10376e+01
2.39298e+01 -3.66249e+01 -1.76294e+01
1.06390e+01 -4.54014e+01 -1.55326e+01
1.42474e+01 -4.35285e+01 -1.73912e+01
4.04229e+01 -2.59816e+01 -2.09963e+01
6.58640e+00 -4.58532e+01 -1.54737e+01
5.32096e+01 -1.86893e+00 -1.74128e+01
3.14359e+01 -2.99565e+01 -1.95190e+01
1.87348e+01 -4.28754e+01 -1.69326e+01
2.61140e+01 -3.23271e+01 -1.87534e+01
5.17393e+01 4.78237e+00 -1.32706e+01
4.38860e+01 -2.59669e+01 -2.00066e+01
5.45077e+01 -8.79432e+00 -1.52171e+01
3.56466e+01 -3.05322e+01 -1.93547e+01
3.07551e+01 -3.38392e+01 -1.81093e+01
5.05650e+01 -2.02085e+01 -1.86019e+01
4.86050e+01 -2.34659e+01 -1.80572e+01
5.42573e+01 -4.90009e+00 -1.33254e+01
5.37191e+01 -1.36104e+01 -1.77523e+01
4.05611e+01 -3.04232e+01 -1.91096e+01
2.89427e+01 -3.71266e+01 -1.68720e+01
4.69773e+01 -2.66532e+01 -1.74591e+01
3.78347e+01 -3.33975e+01 -1.81873e+01
2.34692e+01 -4.32182e+01 -1.56137e+01
1.46995e+01 -4.72745e+01 -1.51678e+01
5.28083e+01 -1.75684e+01 -1.70886e+01
4.57369e+01 -3.17616e+01 -1.66196e+01
3.32707e+01 -3.74711e+01 -1.65228e+01
3.01242e+01 -4.09578e+01 -1.52010e+01
3.77233e+01 -3.82970e+01 -1.58999e+01
5.47167e+01 -1.23352e+01 -1.42671e+01
4.15162e+01 -3.53718e+01 -1.70221e+01
2.00252e+01 -4.78210e+01 -1.44700e+01
1.16025e+01 -4.94310e+01 -1.24106e+01
5.39842e+01 -1.63286e+01 -1.36472e+01
2.75648e+01 -4.38091e+01 -1.41925e+01
1.54522e+01 -5.02623e+01 -1.30197e+01
5.31467e+01 1.98838e+00 -8.87671e+00
5.07467e+01 -2.32155e+01 -1.43901e+01
5.01527e+01 -2.77150e+01 -1.36789e+01
5.42118e+01 -3.80758e+00 -9.64242e+00
4.39054e+01 -3.75492e+01 -1.52592e+01
3.68796e+01 -4.26863e+01 -1.33272e+01
5.21886e+01 6.02957e+00 -7.55341e+00
2.52138e+01 -4.77123e+01 -1.26713e+01
4.03976e+01 -4.08365e+01 -1.38535e+01
5.48412e+01 -1.22040e+01 -1.06355e+01
2.13252e+01 -5.07083e+01 -1.07800e+01
5.41596e+01 -1.37155e+00 -5.61513e+00
5.26894e+01 -2.05833e+01 -1.24552e+01
4.97724e+01 -3.21376e+01 -1.23828e+01
1.39837e+01 -5.20531e+01 -8.99864e+00
7.95112e+00 -5.12483e+01 -9.07980e+00
5.45763e+01 -7.02561e+00 -8.17295e+00
4.75896e+01 -3.55414e+01 -1.34242e+01
5.20650e+01 -2.45483e+01 -1.13557e+01
3.23836e+01 -4.57423e+01 -1.21577e+01
2.66810e+01 -4.94926e+01 -9.62106e+00
5.38342e+01 -2.06554e+01 -7.97355e+00
4.22442e+01 -4.20049e+01 -1.04672e+01
4.60410e+01 -3.87123e+01 -1.12352e+01
5.44363e+01 -1.62635e+01 -8.57425e+00
1.84857e+01 -5.20021e+01 -9.17576e+00
5.20669e+01 -3.05137e+01 -8.12838e+00
3.01970e+01 -4.84240e+01 -8.65993e+00
5.45242e+01 -1.16199e+01 -5.59634e+00
5.35433e+01 3.92210e+00 -4.37817e+00
3.58419e+01 -4.60187e+01 -9.21023e+00
5.34234e+01 -2.48072e+01 -7.21448e+00
4.94859e+01 -3.54299e+01 -8.93112e+00
4.50040e+01 -3.99833e+01 -7.63659e+00
9.38983e+00 -5.34827e+01 -6.17530e+00
5.44628e+01 -5.60155e+00 -2.49225e+00
1.93859e+01 -5.20824e+01 -4.74950e+00
5.42446e+01 -1.86756e+01 -4.38107e+00
2.50522e+01 -5.04531e+01 -6.04367e+00
3.71017e+01 -4.47627e+01 -5.62425e+00
3.28411e+01 -4.67294e+01 -4.76778e+00
6.96059e+00 -5.43574e+01 -2.17592e+00
5.41154e+01 -1.54232e+01 -1.91428e+00
5.14384e+01 -3.25054e+01 -4.61605e+00
4.14924e+01 -4.21774e+01 -5.69941e+00
1.23084e+01 -5.37214e+01 -3.56887e+00
4.81604e+01 -3.59691e+01 -4.67783e+00
2.95368e+01 -4.73575e+01 -2.58131e+00
5.51531e+01 5.32160e-01 1.81214e-01
5.40313e+01 -2.31374e+01 -3.52507e+00
5.32615e+01 -2.81086e+01 -3.73053e+00
5.48581e+01 4.69869e+00 -2.89250e-01
4.42617e+01 -3.80644e+01 -2.82601e+00
1.59988e+01 -5.26784e+01 -1.54508e+00
3.96694e+01 -4.14101e+01 -2.51419e+00
5.40259e+01 -1.04089e+01 -3.13666e-01
2.10291e+01 -5.05544e+01 -8.16324e-01
5.54149e+01 -3.77940e+00 4.90837e+00
5.26572e+01 -2.59569e+01 9.52610e-01
4.90144e+01 -3.16553e+01 3.43418e-01
3.47909e+01 -4.35561e+01 -1.09706e+00
5.39749e+01 -2.00628e+01 -1.61925e-01
4.56546e+01 -3.47647e+01 -2.85952e-01
2.48650e+01 -4.86282e+01 -4.73486e-01
5.42659e+01 -7.21164e+00 1.44202e+00
5.36104e+01 -1.32298e+01 2.33564e+00
5.19885e+01 -3.00796e+01 -7.14776e-01
3.72180e+01 -3.92624e+01 1.86290e+00
3.97947e+01 -3.59782e+01 3.21387e+00
3.11856e+01 -4.32245e+01 1.88675e+00
1.18240e+01 -5.26256e+01 2.26314e+00
5.31317e+01 -2.19129e+01 3.06881e+00
5.64189e+01 6.39508e+00 3.70670e+00
2.67231e+01 -4.54591e+01 2.58377e+00
5.69955e+01 2.89490e+00 4.96094e+00
5.30939e+01 -1.63833e+01 4.67202e+00
4.29842e+01 -3.24685e+01 4.03593e+00
2.31312e+01 -4.71299e+01 3.16850e+00
5.02200e+01 -2.53510e+01 4.19772e+00
2.01317e+01 -4.89048e+01 3.06882e+00
1.69601e+01 -5.07000e+01 2.66030e+00
5.39907e+01 -8.57336e+00 5.59153e+00
4.60700e+01 -2.90671e+01 4.65821e+00
3.26436e+01 -3.90366e+01 5.12274e+00
5.16101e+01 -2.07118e+01 6.98562e+00
5.68630e+01 -5.82543e-01 7.13221e+00
5.28401e+01 -1.13489e+01 8.28943e+00
2.92624e+01 -4.10140e+01 5.48561e+00
3.59849e+01 -3.58075e+01 5.94881e+00
4.63152e+01 -2.60430e+01 7.08820e+00
1.68601e+01 -4.89502e+01 5.80626e+00
2.46722e+01 -4.31754e+01 6.71324e+00
3.84300e+01 -3.17635e+01 8.03432e+00
1.32838e+01 -4.95516e+01 8.02756e+00
5.79192e+01 3.82006e+00 8.58392e+00
7.99428e+00 -5.27544e+01 4.69497e+00
4.17757e+01 -2.97689e+01 7.43872e+00
2.02006e+01 -4.57216e+01 7.50237e+00
5.15266e+01 -1.65075e+01 9.02063e+00
4.79213e+01 -2.30092e+01 9.10926e+00
4.33145e+01 -2.52050e+01 1.05632e+01
5.49684e+01 -5.44103e+00 9.80923e+00
3.15145e+01 -3.61262e+01 8.65551e+00
3.45934e+01 -3.28092e+01 9.69661e+00
2.74174e+01 -3.86749e+01 9.30082e+00
9.57226e+00 -5.10894e+01 7.88847e+00
4.81252e+01 -2.04404e+01 1.15264e+01
3.97604e+01 -2.78934e+01 1.08359e+01
5.68380e+01 -4.10356e-01 1.14295e+01
2.35368e+01 -4.13381e+01 9.83332e+00
5.27384e+01 -9.06930e+00 1.23277e+01
4.86343e+01 -1.67016e+01 1.35524e+01
5.05656e+01 -1.34733e+01 1.34624e+01
3.08427e+01 -3.35773e+01 1.19277e+01
1.57472e+01 -4.70858e+01 9.92244e+00
5.49326e+01 -3.20748e+00 1.37985e+01
5.76851e+01 8.44791e+00 1.11439e+01
3.59312e+01 -2.91703e+01 1.25865e+01
4.41869e+01 -2.08283e+01 1.43778e+01
1.92395e+01 -4.35161e+01 1.15951e+01
2.68889e+01 -3.64976e+01 1.23471e+01
7.98552e+00 -4.97075e+01 1.21780e+01
2.33961e+01 -3.90708e+01 1.29513e+01
5.63237e+01 2.57162e+00 1.45335e+01
3.88103e+01 -2.50625e+01 1.48835e+01
5.07761e+01 -1.00807e+01 1.63788e+01
1.58689e+01 -4.37559e+01 1.58020e+01
1.24126e+01 -4.68869e+01 1.39558e+01
5.24713e+01 -5.53359e+00 1.70921e+01
2.82219e+01 -3.30946e+01 1.57999e+01
2.03666e+01 -4.09002e+01 1.42706e+01
3.20601e+01 -3.03763e+01 1.49335e+01
4.49965e+01 -1.69633e+01 1.74466e+01
2.52099e+01 -3.55660e+01 1.60577e+01
5.27434e+01 -6.57347e-01 1.90229e+01
4.05637e+01 -2.21503e+01 1.65907e+01
5.45613e+01 4.27977e+00 1.77510e+01
4.73914e+01 -1.29818e+01 1.84331e+01
3.44494e+01 -2.71363e+01 1.69082e+01
2.24592e+01 -3.74031e+01 1.74618e+01
4.91803e+01 -8.28060e+00 1.97872e+01
3.06399e+01 -2.89783e+01 1.94711e+01
4.10053e+01 -1.94729e+01 1.94539e+01
1.86531e+01 -4.05119e+01 1.79499e+01
3.70706e+01 -2.23867e+01 2.06369e+01
5.07016e+01 -3.56705e+00 2.06840e+01
4.32421e+01 -1.48399e+01 2.16970e+01
7.64756e+00 -4.74629e+01 1.76273e+01
4.62954e+01 -1.01191e+01 2.20717e+01
2.44666e+01 -3.42505e+01 2.02350e+01
1.04252e+01 -4.53873e+01 1.95504e+01
5.21267e+01 3.42074e+00 2.11797e+01
3.31453e+01 -2.53243e+01 2.19461e+01
2.66931e+01 -3.14937e+01 2.16759e+01
1.84544e+01 -3.89214e+01 2.15650e+01
3.93076e+01 -1.81712e+01 2.31238e+01
4.71428e+01 -6.66079e+00 2.33075e+01
1.31003e+01 -4.26364e+01 2.18783e+01
4.83622e+01 -2.12616e+00 2.40911e+01
2.81950e+01 -2.89774e+01 2.38559e+01
2.40936e+01 -3.21720e+01 2.48761e+01
4.39875e+01 -9.73811e+00 2.49798e+01
4.88307e+01 1.37583e+00 2.46825e+01
1.97734e+01 -3.60425e+01 2.45944e+01
3.60991e+01 -1.99216e+01 2.53303e+01
4.16303e+01 -1.24652e+01 2.57274e+01
3.81716e+01 -1.52380e+01 2.74160e+01
4.98188e+01 6.26440e+00 2.45473e+01
4.60456e+01 -4.18694e+00 2.57928e+01
3.19889e+01 -2.25839e+01 2.75864e+01
8.43447e+00 -4.37505e+01 2.41250e+01
2.85235e+01 -2.58906e+01 2.78163e+01
4.31525e+01 -6.64678e+00 2.76160e+01
2.59816e+01 -2.86897e+01 2.73916e+01
3.37582e+01 -1.84815e+01 2.95958e+01
1.53420e+01 -3.80124e+01 2.63440e+01
4.06628e+01 -1.01216e+01 2.83553e+01
2.07106e+01 -3.34182e+01 2.71897e+01
4.43479e+01 -1.81855e+00 2.83518e+01
1.13526e+01 -4.07392e+01 2.62007e+01
2.28917e+01 -3.02023e+01 2.86537e+01
4.52516e+01 3.06464e+00 2.85813e+01
1.71963e+01 -3.44816e+01 2.86669e+01
4.40043e+00 -4.28297e+01 2.65915e+01
3.97680e+01 -7.20977e+00 3.06606e+01
1.21873e+01 -3.79213e+01 2.84652e+01
2.48536e+01 -2.59531e+01 3.09962e+01
3.71461e+01 -1.13916e+01 3.10940e+01
7.73931e+00 -4.08010e+01 2.76024e+01
4.14579e+01 -3.90444e+00 3.03059e+01
2.82032e+01 -2.19008e+01 3.18477e+01
1.92115e+01 -3.15665e+01 3.00414e+01
4.23205e+01 6.04948e-01 3.06662e+01
3.04048e+01 -1.65040e+01 3.37805e+01
1.24930e+01 -3.40266e+01 3.06607e+01
3.40745e+01 -1.29320e+01 3.29493e+01
3.90140e+01 -2.47543e+00 3.26181e+01
1.57714e+01 -3.06355e+01 3.17796e+01
3.61736e+01 -6.49754e+00 3.37838e+01
2.00565e+01 -2.74946e+01 3.22720e+01
7.24662e+00 -3.64823e+01 3.05946e+01
2.16965e+01 -2.22455e+01 3.45394e+01
3.45198e+01 2.58961e+01 -2.87717e+01
4.88966e+01 7.77281e+00 -2.50362e+01
3.12474e+01 2.91403e+01 -2.74715e+01
3.87046e+01 2.36265e+01 -2.65983e+01
4.22481e+01 1.92802e+01 -2.72519e+01
2.68798e+01 3.24708e+01 -2.60872e+01
2.16742e+01 3.52535e+01 -2.53974e+01
1.54663e+01 3.76072e+01 -2.42788e+01
4.67762e+01 1.43417e+01 -2.52670e+01
4.33693e+00 4.33563e+01 -2.30757e+01
1.76860e+00 4.45211e+01 -2.07236e+01
1.26709e+01 4.05748e+01 -2.04146e+01
-2.83072e+00 4.46453e+01 -1.86840e+01
1.92833e+01 3.71986e+01 -2.18007e+01
3.48637e+01 2.92032e+01 -2.54758e+01
9.79579e+00 4.30121e+01 -1.86775e+01
4.51380e+01 1.77540e+01 -2.28998e+01
4.86729e+01 1.09686e+01 -2.13440e+01
3.80892e+01 2.85587e+01 -2.32604e+01
3.20085e+01 3.21327e+01 -2.31665e+01
4.73751e+01 1.41155e+01 -2.03852e+01
4.14141e+01 2.46704e+01 -2.16794e+01
4.31355e+01 2.10221e+01 -2.23924e+01
5.51043e+00 4.50993e+01 -1.79936e+01
2.39169e+01 3.58794e+01 -2.15745e+01
5.55763e-01 4.60248e+01 -1.68750e+01
2.81823e+01 3.51383e+01 -2.07542e+01
3.67011e+01 3.18869e+01 -2.06697e+01
4.89143e+01 1.12319e+01 -1.72576e+01
4.44606e+01 2.08291e+01 -1.81545e+01
4.58814e+01 1.72600e+01 -1.88633e+01
2.34041e+01 3.70759e+01 -1.77452e+01
1.96422e+01 3.81462e+01 -1.68030e+01
4.05741e+01 3.00288e+01 -1.96325e+01
1.60184e+01 3.91003e+01 -1.68391e+01
3.17083e+01 3.56084e+01 -1.82064e+01
4.71237e+01 1.60813e+01 -1.51753e+01
4.32251e+01 2.75245e+01 -1.69096e+01
3.25835e+00 4.64200e+01 -1.29095e+01
9.47732e+00 4.38375e+01 -1.51449e+01
4.94317e+01 1.09973e+01 -1.34148e+01
1.35184e+01 4.11561e+01 -1.36564e+01
-2.37368e+00 4.69784e+01 -1.25290e+01
2.74276e+01 3.72640e+01 -1.57761e+01
8.60658e+00 4.46769e+01 -1.14128e+01
4.46136e+01 2.42085e+01 -1.50030e+01
1.80000e+01 3.90423e+01 -1.34177e+01
4.27133e+01 3.16002e+01 -1.58632e+01
2.23862e+01 3.83203e+01 -1.26559e+01
3.86340e+01 3.37238e+01 -1.73101e+01
5.09556e+01 7.80625e+00 -1.11989e+01
3.56812e+01 3.64227e+01 -1.50738e+01
4.62662e+01 2.10414e+01 -1.23938e+01
4.88832e+01 1.49543e+01 -9.99805e+00
3.11701e+01 3.81331e+01 -1.34154e+01
-7.74474e-02 4.74681e+01 -9.68803e+00
2.60869e+01 3.88345e+01 -1.09371e+01
4.04023e+01 3.58574e+01 -1.29708e+01
-3.80187e+00 4.75678e+01 -6.78678e+00
4.50119e+01 3.01486e+01 -1.27760e+01
1.44408e+01 4.15444e+01 -9.17807e+00
5.01869e+01 1.09997e+01 -9.12418e+00
4.61648e+01 2.63779e+01 -1.12118e+01
3.63600e+01 3.84958e+01 -1.10873e+01
1.97549e+01 3.94309e+01 -8.23914e+00
4.40141e+01 3.53335e+01 -1.01025e+01
3.83166e+00 4.73352e+01 -7.90212e+00
3.10970e+01 3.95332e+01 -9.22357e+00
5.19073e+01 8.98750e+00 -5.50185e+00
1.12978e+01 4.39060e+01 -7.04468e+00
7.18150e+00 4.62990e+01 -6.40846e+00
4.72642e+01 2.92848e+01 -8.82538e+00
4.89257e+01 1.95141e+01 -7.57370e+00
5.10056e+01 1.29705e+01 -5.74221e+00
1.31109e+00 4.78873e+01 -5.24569e+00
2.37983e+01 3.99021e+01 -6.15915e+00
3.99341e+01 3.84370e+01 -8.65107e+00
4.89993e+01 2.59640e+01 -5.52662e+00
1.64168e+01 4.16534e+01 -4.76563e+00
4.77869e+01 3.20342e+01 -5.55860e+00
2.75059e+01 4.01587e+01 -6.55730e+00
3.47866e+01 3.96994e+01 -5.57024e+00
4.99996e+00 4.72599e+01 -2.78087e+00
2.08481e+01 4.05837e+01 -4.34560e+00
4.46985e+01 3.61980e+01 -5.51391e+00
5.12817e+01 2.06475e+01 -1.97952e+00
-3.34340e+00 4.76518e+01 -1.54223e+00
8.75755e+00 4.57776e+01 -3.00282e+00
5.13981e+01 1.63949e+01 -3.68379e+00
2.90942e+01 4.04387e+01 -3.41861e+00
3.99552e+01 3.88225e+01 -3.77908e+00
5.27530e+01 1.19381e+01 -2.57284e+00
2.42041e+01 4.12276e+01 -1.68657e+00
1.28548e+01 4.39332e+01 9.84563e-03
4.61121e+01 3.51914e+01 -2.33776e+00
8.15035e-01 4.71907e+01 -6.42884e-02
3.25589e+01 4.00663e+01 -2.05293e+00
5.44664e+01 8.64888e+00 -1.51591e-01
1.79457e+01 4.22667e+01 3.40317e-01
4.98003e+01 2.98243e+01 -7.78914e-01
3.75230e+01 3.94571e+01 -1.06007e+00
5.10797e+01 2.53294e+01 -6.98540e-01
2.80897e+01 4.14590e+01 1.17333e+00
5.29995e+01 1.66488e+01 1.82845e-01
5.50565e+01 1.20406e+01 2.85121e+00
3.46242e+01 4.01654e+01 1.60190e+00
4.32960e+01 3.74067e+01 6.96702e-01
4.70051e+01 3.46754e+01 1.36440e+00
8.16045e+00 4.55885e+01 9.93590e-01
5.20640e+01 2.64784e+01 3.65667e+00
5.29967e+01 2.16758e+01 2.68565e+00
2.04517e+01 4.23543e+01 2.98198e+00
3.43081e+00 4.60246e+01 2.91193e+00
3.92572e+01 3.90988e+01 3.87048e+00
5.44520e+01 1.67843e+01 4.40548e+00
1.35603e+01 4.42130e+01 5.62452e+00
4.81233e+01 3.33079e+01 4.37829e+00
4.47251e+01 3.60111e+01 5.48109e+00
9.58846e+00 4.49021e+01 4.62328e+00
3.12623e+01 4.12304e+01 5.09241e+00
2.40654e+01 4.24310e+01 4.45442e+00
-2.75689e+00 4.66715e+01 3.81694e+00
2.75463e+01 4.19825e+01 5.75671e+00
5.08799e+01 2.89375e+01 6.32272e+00
5.31312e+01 2.37081e+01 6.47669e+00
3.48588e+01 4.04196e+01 6.47548e+00
5.47988e+01 1.87675e+01 8.71470e+00
6.54009e+00 4.52685e+01 6.62621e+00
2.03320e+01 4.27410e+01 7.39079e+00
4.22531e+01 3.72359e+01 7.91496e+00
5.60854e+01 1.33092e+01 7.16211e+00
4.83805e+01 3.16300e+01 7.90887e+00
1.60583e+01 4.37286e+01 7.68818e+00
3.89926e+01 3.88980e+01 8.33342e+00
5.71453e+01 9.87725e+00 7.88956e+00
2.49496e+01 4.19756e+01 9.98048e+00
3.06413e+01 4.09277e+01 1.07452e+01
4.32916e+01 3.47958e+01 1.17497e+01
5.18558e+01 2.54563e+01 9.84975e+00
4.94595e+01 2.87999e+01 1.00285e+01
-5.07166e+00 4.63011e+01 6.93970e+00
8.60383e-01 4.50850e+01 9.23895e+00
1.19523e+01 4.46392e+01 1.03512e+01
4.62037e+01 3.12679e+01 1.22192e+01
5.61982e+01 1.41601e+01 1.18980e+01
3.58541e+01 3.92391e+01 1.20079e+01
5.42828e+01 1.93248e+01 1.24616e+01
3.94531e+01 3.74020e+01 1.25294e+01
5.17786e+01 2.29599e+01 1.37043e+01
-2.69259e+00 4.54197e+01 9.67705e+00
1.85957e+01 4.29962e+01 1.14398e+01
4.91649e+01 2.66114e+01 1.35907e+01
4.06850e+00 4.43457e+01 1.16550e+01
2.54547e+01 4.11901e+01 1.46012e+01
7.49823e+00 4.42677e+01 1.25088e+01
3.28997e+01 3.90386e+01 1.57637e+01
2.19249e+01 4.19909e+01 1.42765e+01
3.72136e+01 3.71499e+01 1.59791e+01
1.51717e+01 4.33517e+01 1.53250e+01
4.34839e+01 3.19347e+01 1.68688e+01
5.65034e+01 1.02338e+01 1.46472e+01
4.01922e+01 3.47137e+01 1.74143e+01
5.49903e+01 1.34076e+01 1.63577e+01
5.20389e+01 2.04624e+01 1.62845e+01
4.63734e+01 2.76523e+01 1.80566e+01
5.34173e+01 1.67197e+01 1.72191e+01
2.89809e+01 3.96713e+01 1.75339e+01
4.91177e+01 2.36940e+01 1.78120e+01
1.02512e+01 4.20541e+01 1.77783e+01
-1.09275e+00 4.38326e+01 1.37674e+01
4.34947e+01 2.98431e+01 2.15876e+01
5.07154e+01 1.91126e+01 2.01493e+01
2.51385e+01 4.02082e+01 1.98607e+01
3.06831e+01 3.82681e+01 2.04309e+01
2.06626e+01 4.16909e+01 1.92197e+01
3.67059e+01 3.55471e+01 2.04730e+01
5.46138e+01 9.71800e+00 1.79005e+01
4.06441e+01 3.27874e+01 2.10253e+01
3.15975e+00 4.25408e+01 1.52663e+01
5.20526e+01 1.32276e+01 2.12397e+01
6.43122e+00 4.20197e+01 1.66758e+01
4.76097e+01 2.34889e+01 2.23993e+01
4.48197e+01 2.71342e+01 2.34456e+01
2.75099e+01 3.88185e+01 2.22950e+01
1.45336e+01 4.07380e+01 2.17161e+01
4.87113e+01 1.75876e+01 2.44818e+01
3.10951e+01 3.68893e+01 2.40295e+01
3.93211e+01 3.17395e+01 2.46633e+01
5.24085e+01 8.30663e+00 2.14442e+01
-1.32704e+00 4.10051e+01 1.73309e+01
2.99965e+00 3.93252e+01 1.89275e+01
3.42856e+01 3.56816e+01 2.32876e+01
3.52718e+01 3.34515e+01 2.64339e+01
2.08157e+01 4.07388e+01 2.32819e+01
2.40601e+01 3.94241e+01 2.47689e+01
4.39157e+01 2.38408e+01 2.69272e+01
4.56619e+01 1.93017e+01 2.72829e+01
4.06229e+01 2.85965e+01 2.68675e+01
3.08391e+01 3.54687e+01 2.77980e+01
5.01182e+01 1.04156e+01 2.43903e+01
2.83173e+01 3.73982e+01 2.60629e+01
8.59976e+00 3.75564e+01 2.24867e+01
3.72115e+01 2.87539e+01 2.92923e+01
2.15196e+01 3.90674e+01 2.76459e+01
4.67434e+01 1.39052e+01 2.74145e+01
2.72943e+01 3.63674e+01 2.95750e+01
1.69129e+01 3.87042e+01 2.66013e+01
3.29418e+01 3.21768e+01 2.99573e+01
3.93998e+01 2.47129e+01 2.99832e+01
2.98806e+01 3.27982e+01 3.16134e+01
2.34846e+00 3.56067e+01 2.24316e+01
-2.72590e+00 3.68818e+01 2.08590e+01
2.37115e+01 3.74988e+01 3.03246e+01
1.26746e+01 3.60159e+01 2.81552e+01
1.88091e+01 3.78210e+01 2.95083e+01
4.71249e+01 8.00983e+00 2.73780e+01
4.11781e+01 2.01082e+01 3.05119e+01
2.38966e+01 3.40225e+01 3.33057e+01
3.49680e+01 2.52849e+01 3.25020e+01
3.19424e+01 2.79793e+01 3.30128e+01
4.24875e+01 1.41726e+01 3.08294e+01
8.96500e+00 3.48587e+01 2.67930e+01
4.40323e+01 9.01658e+00 2.99949e+01
4.72303e+00 3.40113e+01 2.51867e+01
2.84354e+01 2.91939e+01 3.42265e+01
3.79156e+01 1.93589e+01 3.28107e+01
1.73346e+01 3.52909e+01 3.27903e+01
1.99907e+01 3.29253e+01 3.48892e+01
3.38036e+01 2.02029e+01 3.48133e+01
3.75460e+01 1.31539e+01 3.39765e+01
3.03346e+01 2.40222e+01 3.53496e+01
2.04819e+01 2.92552e+01 3.63238e+01
1.27454e+01 3.38367e+01 3.33237e+01
-4.32823e+00 3.35715e+01 2.35173e+01
-1.11467e+00 3.27486e+01 2.46724e+01
7.04247e+00 3.31480e+01 3.00001e+01
2.68192e+01 2.42390e+01 3.64958e+01
5.15696e-01 3.08937e+01 2.86252e+01
2.42832e+01 2.71878e+01 3.63161e+01
4.12600e+01 5.36320e+00 3.19960e+01
3.81278e+01 8.53797e+00 3.39323e+01
1.47318e+01 3.14685e+01 3.55183e+01
3.32304e+01 1.54025e+01 3.57579e+01
-2.65500e+01 2.28453e+01 2.86459e+01
-1.46982e+01 2.79514e+01 2.54343e+01
-4.05425e+01 5.13881e+00 3.14292e+01
-4.49224e+01 -3.50699e+00 2.94480e+01
-3.11380e+01 1.37743e+01 3.08796e+01
-2.39751e+01 2.03751e+01 2.88890e+01
-3.46193e+01 1.16277e+01 3.12897e+01
-2.52410e+01 1.66541e+01 2.98287e+01
-1.12053e+01 2.70886e+01 2.59417e+01
-1.67186e+01 2.10522e+01 2.78424e+01
-1.49095e+01 2.45030e+01 2.66481e+01
-3.63475e+01 6.93025e+00 3.18231e+01
-3.98542e+01 9.40623e-01 3.17051e+01
-2.03110e+01 1.92812e+01 2.86519e+01
-2.73835e+01 1.29591e+01 3.07380e+01
-3.19834e+01 8.04478e+00 3.17593e+01
-1.19648e+01 2.19218e+01 2.78922e+01
-4.13913e+01 -3.90441e+00 3.09048e+01
-1.94270e+01 1.46615e+01 2.96940e+01
-4.27500e+00 3.00478e+01 2.68998e+01
-6.66918e+00 2.56173e+01 2.83723e+01
-2.33215e+01 1.20312e+01 3.05120e+01
-3.51825e+01 2.81454e+00 3.23004e+01
-2.97656e+01 2.88908e+00 3.23193e+01
-2.75415e+01 9.10366e+00 3.13688e+01
-3.96283e+01 -7.99967e+00 3.06003e+01
-3.68133e+01 -7.78786e-01 3.22965e+01
-3.50610e+01 -5.69461e+00 3.22081e+01
-3.33280e+01 -3.18793e-01 3.25859e+01
-1.38408e+01 1.69930e+01 2.93855e+01
-2.44478e+01 5.36837e+00 3.17332e+01
-9.29015e+00 2.03908e+01 2.95200e+01
-1.57204e+01 1.29198e+01 3.03166e+01
-1.98863e+01 8.75493e+00 3.10656e+01
-3.51933e+01 -1.08265e+01 3.10754e+01
-3.08865e+01 -3.34196e+00 3.27013e+01
-2.88064e+00 2.73638e+01 3.06077e+01
-2.47931e+01 -3.47278e-02 3.23632e+01
-5.97831e+00 2.12369e+01 3.08801e+01
-1.09169e+01 1.54135e+01 3.07918e+01
-2.89249e+00 2.25335e+01 3.22728e+01
-2.94044e+01 -7.44955e+00 3.25160e+01
-2.05482e+01 3.57205e+00 3.19228e+01
-6.89714e+00 1.68052e+01 3.19064e+01
-2.51022e+01 -5.59890e+00 3.26198e+01
1.40933e+00 2.84478e+01 3.27909e+01
4.48547e+00 3.07448e+01 3.28837e+01
-3.12792e+01 -1.20156e+01 3.15580e+01
-1.58256e+01 7.19115e+00 3.16096e+01
-1.88319e-01 2.46043e+01 3.31432e+01
-1.18970e+01 1.14667e+01 3.15962e+01
-8.36082e+00 1.35228e+01 3.22255e+01
-1.56446e+01 3.16967e+00 3.22663e+01
-1.88987e+01 -1.51846e+00 3.24165e+01
-2.42272e+00 1.82336e+01 3.37713e+01
-1.16728e+01 5.88313e+00 3.27288e+01
8.82600e+00 3.03176e+01 3.51033e+01
-2.44708e+01 -1.06539e+01 3.21676e+01
4.50596e+00 2.58191e+01 3.50474e+01
-2.16170e+01 -4.43788e+00 3.25330e+01
-8.83192e+00 8.25912e+00 3.31522e+01
-2.80954e+01 -1.47178e+01 3.10259e+01
-5.28822e+00 1.19802e+01 3.37004e+01
-1.23481e+00 1.43076e+01 3.47528e+01
1.82503e+00 2.16787e+01 3.49557e+01
-1.98541e+01 -9.44549e+00 3.22729e+01
-1.10862e+01 1.21412e+00 3.32883e+01
-1.65351e+01 -5.93923e+00 3.24914e+01
6.11471e+00 2.24543e+01 3.65157e+01
-2.53878e+01 -1.88064e+01 2.99223e+01
8.78430e+00 2.62149e+01 3.65468e+01
3.48971e+00 1.73561e+01 3.60878e+01
-1.28554e+01 -1.90259e+00 3.29251e+01
-3.16015e+00 8.79243e+00 3.46441e+01
-2.41432e+01 -1.55470e+01 3.13064e+01
-2.09600e+01 -1.39446e+01 3.17741e+01
-7.94509e+00 2.86474e+00 3.39562e+01
1.43109e+01 2.62829e+01 3.72793e+01
-1.67059e+01 -1.22892e+01 3.20443e+01
8.58394e+00 1.84135e+01 3.73552e+01
-4.57151e+00 4.17010e+00 3.47035e+01
-2.07706e+01 -1.79526e+01 3.10103e+01
-1.18573e+01 -5.81986e+00 3.29311e+01
-8.50773e+00 -3.91666e+00 3.37239e+01
3.89425e+00 1.28797e+01 3.61792e+01
-1.30581e+01 -9.78838e+00 3.24255e+01
1.65003e+00 9.47079e+00 3.56959e+01
1.16134e+01 2.21305e+01 3.77468e+01
5.17548e-01 5.79090e+00 3.56858e+01
-1.71340e+01 -1.71686e+01 3.14109e+01
-5.19677e+00 -9.12549e-01 3.47002e+01
7.42976e+00 1.38281e+01 3.69726e+01
-1.13072e+00 2.52689e+00 3.56081e+01
1.56223e+01 2.15353e+01 3.81598e+01
5.04384e+00 8.52886e+00 3.64798e+01
-7.47767e+00 -9.51070e+00 3.33263e+01
9.06552e+00 8.17347e+00 3.73440e+01
2.12560e+01 2.37377e+01 3.77233e+01
-1.07992e+00 -1.35623e+00 3.57303e+01
1.38456e+01 1.77885e+01 3.81188e+01
1.12987e+01 1.50290e+01 3.77186e+01
-1.15531e+01 -1.32967e+01 3.22851e+01
2.72751e+00 2.06527e+00 3.65328e+01
-1.35484e+01 -1.89283e+01 3.15803e+01
-2.99127e+00 -6.15189e+00 3.49351e+01
1.22540e+01 1.07161e+01 3.78044e+01
-1.78164e+01 -2.21816e+01 3.04900e+01
5.65394e+00 4.98322e+00 3.68563e+01
1.73129e+01 1.70220e+01 3.83253e+01
1.60643e+01 1.25056e+01 3.82638e+01
2.09298e+01 2.01283e+01 3.80934e+01
-8.62542e+00 -1.54624e+01 3.24538e+01
-1.62784e+01 -2.70846e+01 2.97801e+01
8.26978e+00 1.48230e+00 3.78617e+01
9.04142e-01 -7.37152e+00 3.59430e+01
-1.29499e+01 -2.35966e+01 3.12643e+01
4.42014e+00 -1.75305e+00 3.72547e+01
2.11951e+01 1.59962e+01 3.82999e+01
-4.79444e+00 -1.54339e+01 3.30535e+01
1.97612e+01 1.23000e+01 3.84308e+01
-1.28487e+00 -1.21586e+01 3.43845e+01
1.22059e+01 3.73873e+00 3.83794e+01
2.44864e+01 1.87691e+01 3.78147e+01
-1.01673e+01 -2.09260e+01 3.18781e+01
5.12759e+00 -5.94064e+00 3.73092e+01
8.37543e+00 -2.71588e+00 3.82225e+01
1.47467e+01 7.12205e+00 3.83572e+01
-6.81759e+00 -1.97609e+01 3.24062e+01
1.37301e+01 -5.38018e-01 3.90732e+01
3.33153e+00 -1.01857e+01 3.61705e+01
1.82822e+01 7.35849e+00 3.87082e+01
2.61992e+01 1.14255e+01 3.80036e+01
1.67704e+01 4.04716e+00 3.89240e+01
-1.13294e+01 -2.78071e+01 3.10229e+01
2.90441e+01 1.73536e+01 3.69224e+01
-6.35587e+00 -2.39221e+01 3.23171e+01
-9.20757e-01 -1.75638e+01 3.36613e+01
8.75174e+00 -7.13478e+00 3.81622e+01
1.19193e+01 -4.43815e+00 3.89860e+01
2.27892e+01 7.94531e+00 3.86423e+01
-2.69636e+00 -2.05805e+01 3.30424e+01
1.94100e+00 -1.57926e+01 3.46007e+01
6.84302e+00 -1.07528e+01 3.70739e+01
1.97312e+01 2.21350e+00 3.93107e+01
1.23356e+01 -9.39828e+00 3.85993e+01
-7.53354e+00 -3.00220e+01 3.15266e+01
-4.49802e+00 -2.73773e+01 3.23694e+01
1.90028e+01 -2.11672e+00 3.96935e+01
1.69504e+01 -7.77615e+00 3.93629e+01
6.01654e+00 -1.71743e+01 3.53413e+01
2.22744e+00 -2.09244e+01 3.38908e+01
1.03633e+01 -1.40813e+01 3.71364e+01
2.73304e+01 6.37945e+00 3.82054e+01
3.04776e+01 1.23938e+01 3.69663e+01
1.77441e-01 -2.45953e+01 3.32224e+01
2.27327e+01 -5.13863e-01 3.94682e+01
2.76929e+01 2.82301e+00 3.83844e+01
2.17418e+01 -5.96794e+00 3.94117e+01
3.16547e+01 8.94335e+00 3.68303e+01
1.51579e+01 -1.31434e+01 3.81836e+01
1.09239e+01 -1.80683e+01 3.61263e+01
-6.44906e-01 -2.82952e+01 3.27852e+01
2.53014e+01 -2.97722e+00 3.90677e+01
-5.78419e+00 -3.52137e+01 3.06426e+01
7.97194e+00 -2.05827e+01 3.49904e+01
2.21097e+01 -1.06993e+01 3.86840e+01
3.28477e+01 4.97241e+00 3.66052e+01
-1.81513e+00 -3.20388e+01 3.19781e+01
5.39191e+00 -2.52316e+01 3.38012e+01
3.10265e+01 3.06902e-01 3.74484e+01
1.96501e+01 -1.47202e+01 3.78654e+01
2.68584e+00 -2.98326e+01 3.28266e+01
1.09797e+01 -2.40797e+01 3.45226e+01
2.57752e+01 -7.69460e+00 3.85489e+01
1.78838e+01 -1.82731e+01 3.66924e+01
2.99941e+01 -5.73618e+00 3.74326e+01
-2.26486e+00 -3.66640e+01 3.06728e+01
1.55917e+01 -2.20615e+01 3.53587e+01
1.44166e+00 -3.50339e+01 3.14697e+01
2.79611e+01 -1.03041e+01 3.73991e+01
9.32198e+00 -2.98482e+01 3.29585e+01
4.86535e+00 -3.25771e+01 3.22770e+01
3.55707e+01 5.47696e-01 3.52609e+01
3.73773e+01 4.32205e+00 3.43893e+01
2.27826e+01 -1.73065e+01 3.66308e+01
3.35062e+01 -2.55072e+00 3.62239e+01
2.57811e+01 -1.43735e+01 3.69671e+01
-2.98577e-01 -3.95116e+01 2.94264e+01
1.63236e+01 -2.57158e+01 3.39910e+01
4.20553e+00 -3.93226e+01 2.94359e+01
3.20587e+01 -1.07964e+01 3.52666e+01
2.61534e+01 -1.88114e+01 3.48477e+01
