1.4567320723e-03 9.4434968677e-03 2.0771587393e+00
2.1950250350e-01 9.0533913553e-03 2.0740652951e+00
1.1099411858e-01 1.9845338170e-01 2.0786382752e+00
-1.0686555788e-01 1.9778320484e-01 2.0671289120e+00
-2.1493328689e-01 9.7413511363e-03 2.0591813177e+00
-1.0747232582e-01 -1.7862648423e-01 2.0751947791e+00
1.0992811775e-01 -1.7928491864e-01 2.0755329606e+00
4.4053972678e-01 8.6544490829e-03 2.0701080324e+00
3.8283540992e-01 2.2872082493e-01 2.0680568948e+00
2.2223206220e-01 3.9010496775e-01 2.0639983433e+00
2.2082537843e-03 4.4866526209e-01 2.0626502592e+00
-2.1556564860e-01 3.8657504433e-01 2.0433042997e+00
-3.7332404711e-01 2.2669691769e-01 2.0444365721e+00
-4.3080644486e-01 1.0023853104e-02 2.0377955757e+00
-3.7414648640e-01 -2.0670858284e-01 2.0396331543e+00
-2.1664843414e-01 -3.6706169469e-01 2.0516253288e+00
6.9063386394e-04 -4.2674067821e-01 2.0597339195e+00
2.1871361279e-01 -3.6860785323e-01 2.0548193696e+00
3.8057735501e-01 -2.1055332455e-01 2.0721954346e+00
6.6316418868e-01 8.1530952910e-03 2.0426570067e+00
6.3031163052e-01 2.2414091779e-01 2.0499076845e+00
5.2914130924e-01 4.1881149074e-01 2.0575966730e+00
3.6893688914e-01 5.6970000412e-01 2.0585284068e+00
1.6731146529e-01 6.5955957849e-01 2.0606590898e+00
-5.2421722436e-02 6.7268707049e-01 2.0388442993e+00
-2.6193469760e-01 6.1199248210e-01 2.0154672121e+00
-4.3910558035e-01 4.8949804471e-01 2.0066359499e+00
-5.6543645198e-01 3.1702613453e-01 1.9824705778e+00
-6.3463295222e-01 1.1631457616e-01 1.9843353440e+00
-6.3882179253e-01 -9.6601062129e-02 1.9985631344e+00
-5.7561532541e-01 -3.0206880990e-01 2.0293691522e+00
-4.4471504231e-01 -4.7403046224e-01 2.0323081825e+00
-2.6312088858e-01 -5.9101943735e-01 2.0200990968e+00
-5.3924557897e-02 -6.4542546049e-01 2.0300535096e+00
1.6093128867e-01 -6.2530659660e-01 2.0149939896e+00
3.5815652958e-01 -5.3873811119e-01 2.0101758609e+00
5.1863091368e-01 -3.9481985320e-01 2.0213006827e+00
6.2353377798e-01 -2.0556186479e-01 2.0261021023e+00
8.8780641377e-01 7.6197014880e-03 2.0084757011e+00
8.6020324808e-01 2.3791495801e-01 2.0054392691e+00
7.8172768506e-01 4.5919358429e-01 2.0463665549e+00
6.4311478749e-01 6.4983364735e-01 2.0483501282e+00
4.5899776932e-01 7.9945831189e-01 2.0551333102e+00
2.3933758522e-01 8.9092868524e-01 2.0451494079e+00
2.9822370287e-03 9.1332483644e-01 2.0133926753e+00
-2.2838350954e-01 8.7126649813e-01 1.9867801524e+00
-4.3738229464e-01 7.7169458038e-01 1.9690496492e+00
-6.0971690745e-01 6.2206129073e-01 1.9413123983e+00
-7.3943905860e-01 4.3812390091e-01 1.9196877620e+00
-8.2476282866e-01 2.3163963263e-01 1.9195421682e+00
-8.6235369491e-01 1.0372984226e-02 1.9442194838e+00
-8.4413185853e-01 -2.1614673083e-01 1.9732529873e+00
-7.6713740735e-01 -4.3336841863e-01 2.0061851599e+00
-6.3225333637e-01 -6.2355446823e-01 2.0338002343e+00
-4.4484945848e-01 -7.6118306504e-01 2.0078329206e+00
-2.2945121539e-01 -8.4712283023e-01 2.0008879912e+00
-1.2585886237e-04 -8.7296233626e-01 1.9891613028e+00
2.2705302680e-01 -8.3924362236e-01 1.9764623927e+00
4.3794927671e-01 -7.5021541746e-01 1.9695992218e+00
6.1970172709e-01 -6.1150247118e-01 1.9695337006e+00
7.6166429530e-01 -4.3195425272e-01 1.9815010521e+00
8.5272653939e-01 -2.2086557337e-01 1.9920876179e+00
1.1073611156e+00 6.9363803097e-03 1.9368799971e+00
1.0833580160e+00 2.3701263386e-01 1.9216371224e+00
1.0217216427e+00 4.6160451749e-01 1.9423745402e+00
9.1763021649e-01 6.7341914311e-01 1.9728858426e+00
7.6726173076e-01 8.5706979688e-01 1.9789555828e+00
5.8105640464e-01 1.0089268625e+00 1.9951226473e+00
3.6238193455e-01 1.1120111667e+00 1.9925489046e+00
1.2481319243e-01 1.1618574709e+00 1.9866727170e+00
-1.1641731761e-01 1.1447839711e+00 1.9455693823e+00
-3.4552073768e-01 1.0801950736e+00 1.9259301722e+00
-5.4935554467e-01 9.6464525380e-01 1.8915119662e+00
-7.2298981291e-01 8.1527696471e-01 1.8684304668e+00
-8.6354935233e-01 6.3908154552e-01 1.8503768592e+00
-9.7239512700e-01 4.4421654771e-01 1.8501096966e+00
-1.0476273034e+00 2.3359454103e-01 1.8656985032e+00
-1.0870522887e+00 1.0580228934e-02 1.9014973917e+00
-1.0812479134e+00 -2.1969724049e-01 1.9337866879e+00
-1.0267973631e+00 -4.4737448798e-01 1.9654403553e+00
-9.2360525814e-01 -6.6207915554e-01 2.0052774890e+00
-7.6724012078e-01 -8.4336460804e-01 2.0113551108e+00
-5.6944135256e-01 -9.7657046520e-01 1.9841324845e+00
-3.5005730506e-01 -1.0676848205e+00 1.9767969977e+00
-1.1774959889e-01 -1.1073421273e+00 1.9590589927e+00
1.1561005705e-01 -1.0973662347e+00 1.9364968403e+00
3.4187530887e-01 -1.0466612395e+00 1.9349985644e+00
5.4971829041e-01 -9.4487198676e-01 1.9082429131e+00
7.3476101707e-01 -8.0865620100e-01 1.9043008617e+00
8.8885785554e-01 -6.3868733373e-01 1.9079552333e+00
1.0071504265e+00 -4.4178942423e-01 1.9247759212e+00
1.0838691355e+00 -2.2383899318e-01 1.9475905548e+00
1.3128940581e+00 6.0291158269e-03 1.8067814490e+00
1.2936680786e+00 2.4043709589e-01 1.8021332844e+00
1.2402620961e+00 4.7066701817e-01 1.8125455753e+00
1.1484689102e+00 6.9017416094e-01 1.8203582892e+00
1.0285018814e+00 9.0266357878e-01 1.8674509209e+00
8.6653857470e-01 1.0889064449e+00 1.8924131205e+00
6.7120936010e-01 1.2473418526e+00 1.9242542460e+00
4.4324340020e-01 1.3581720581e+00 1.9315194708e+00
1.9518940850e-01 1.4175875629e+00 1.9291803978e+00
-5.9709511553e-02 1.4185234660e+00 1.9112995028e+00
-3.0647945288e-01 1.3644212682e+00 1.8857967919e+00
-5.3224991334e-01 1.2602789688e+00 1.8507810542e+00
-7.2912381070e-01 1.1175065683e+00 1.8115749753e+00
-8.9819870841e-01 9.5220971932e-01 1.7900280970e+00
-1.0375846219e+00 7.6586597978e-01 1.7691038441e+00
-1.1513890655e+00 5.6598772170e-01 1.7655859786e+00
-1.2414299592e+00 3.5401761617e-01 1.7885577724e+00
-1.3036660282e+00 1.2843688217e-01 1.8298170655e+00
-1.3259401493e+00 -1.0890612425e-01 1.8571548757e+00
-1.3082702074e+00 -3.5092049131e-01 1.8860835029e+00
-1.2481194058e+00 -5.9111979819e-01 1.9240837458e+00
-1.1428300305e+00 -8.2145938463e-01 1.9740258981e+00
-9.8684201017e-01 -1.0248424040e+00 2.0076848374e+00
-7.7897061352e-01 -1.1708816128e+00 1.9673121133e+00
-5.5107455676e-01 -1.2800730192e+00 1.9523998911e+00
-3.0846363215e-01 -1.3405646271e+00 1.9270656800e+00
-6.2166371859e-02 -1.3548146357e+00 1.8956960174e+00
1.8057637411e-01 -1.3345511419e+00 1.8848334918e+00
4.1365315903e-01 -1.2694355493e+00 1.8617125443e+00
6.2953990361e-01 -1.1634879572e+00 1.8309952736e+00
8.2664034148e-01 -1.0298932619e+00 1.8258237445e+00
9.9651651129e-01 -8.6398269577e-01 1.8219462910e+00
1.1353316238e+00 -6.7217257809e-01 1.8264485659e+00
1.2378948161e+00 -4.5879785936e-01 1.8337092755e+00
1.2992285356e+00 -2.2988692057e-01 1.8340808178e+00
1.5204390621e+00 5.1249429801e-03 1.6782316211e+00
1.4988576432e+00 2.4183569601e-01 1.6650211496e+00
1.4518168988e+00 4.7535531770e-01 1.6713483878e+00
1.3747001296e+00 7.0299335079e-01 1.6846235190e+00
1.2694175836e+00 9.2397869626e-01 1.7136197675e+00
1.1383806319e+00 1.1408563257e+00 1.7727458376e+00
9.6895123737e-01 1.3354519343e+00 1.8176864322e+00
7.6366782221e-01 1.4977941420e+00 1.8479981519e+00
5.2694723367e-01 1.6140376476e+00 1.8552950231e+00
2.6961802176e-01 1.6784874519e+00 1.8466423172e+00
4.2059330158e-03 1.6875760549e+00 1.8251074381e+00
-2.5660951667e-01 1.6484971581e+00 1.8068528823e+00
-5.0213217416e-01 1.5626979610e+00 1.7880469256e+00
-7.2245287591e-01 1.4327514621e+00 1.7585612748e+00
-9.1501755987e-01 1.2739922630e+00 1.7320614269e+00
-1.0801340439e+00 1.0942880636e+00 1.7078410933e+00
-1.2206905572e+00 9.0016517447e-01 1.6899495877e+00
-1.3374228281e+00 6.9354490551e-01 1.6781821390e+00
-1.4355637538e+00 4.7819723919e-01 1.6927792543e+00
-1.5137749805e+00 2.5137594534e-01 1.7325857809e+00
-1.5605007951e+00 1.0830985307e-02 1.7676556608e+00
-1.5689773572e+00 -2.3823345738e-01 1.7863985254e+00
-1.5445799444e+00 -4.9154496436e-01 1.8171207872e+00
-1.4831521644e+00 -7.4558911018e-01 1.8646730810e+00
-1.3764699425e+00 -9.9120154622e-01 1.9183201799e+00
-1.2229505454e+00 -1.2172177030e+00 1.9738568197e+00
-1.0085803172e+00 -1.3811291108e+00 1.9443779399e+00
-7.6794341604e-01 -1.4986773199e+00 1.9073829136e+00
-5.1395989812e-01 -1.5714020295e+00 1.8687693530e+00
-2.5622088986e-01 -1.6019930393e+00 1.8293857387e+00
-1.5012521882e-03 -1.6022337470e+00 1.8078534406e+00
2.4730952322e-01 -1.5646420550e+00 1.7825163725e+00
4.8690425581e-01 -1.4964777616e+00 1.7669025662e+00
7.1206944223e-01 -1.3927278684e+00 1.7478359280e+00
9.2003659421e-01 -1.2605763736e+00 1.7397416682e+00
1.1044388261e+00 -1.0983563781e+00 1.7333946392e+00
1.2612078047e+00 -9.1061918138e-01 1.7327559028e+00
1.3875295671e+00 -7.0217007293e-01 1.7417874711e+00
1.4719148862e+00 -4.7336383577e-01 1.7320599996e+00
1.5173983539e+00 -2.3520415854e-01 1.7159851692e+00
1.7409486612e+00 4.2299430198e-03 1.5571277793e+00
1.7157728625e+00 2.4465669720e-01 1.5393797499e+00
1.6713709985e+00 4.8187628820e-01 1.5401654830e+00
1.6027088958e+00 7.1509345074e-01 1.5500676783e+00
1.5110496638e+00 9.4512613568e-01 1.5768918858e+00
1.3939862223e+00 1.1708159028e+00 1.6186117008e+00
1.2429375305e+00 1.3805378097e+00 1.6515054650e+00
1.0577854883e+00 1.5650355157e+00 1.6705304841e+00
8.4874213919e-01 1.7350999246e+00 1.7115850519e+00
6.0775126515e-01 1.8589153312e+00 1.7263064916e+00
3.4611951661e-01 1.9379042373e+00 1.7326139547e+00
7.3594806590e-02 1.9770075446e+00 1.7471785541e+00
-2.0024150075e-01 1.9526948487e+00 1.7347017128e+00
-4.6107528127e-01 1.8710890504e+00 1.7024484626e+00
-6.9743391246e-01 1.7402567496e+00 1.6530503477e+00
-9.0594372254e-01 1.5801628484e+00 1.6059650321e+00
-1.0915038654e+00 1.4084670494e+00 1.5810136080e+00
-1.2564980911e+00 1.2257882515e+00 1.5703719699e+00
-1.4008261644e+00 1.0301998537e+00 1.5635821140e+00
-1.5271471964e+00 8.2433156678e-01 1.5679286454e+00
-1.6287629204e+00 6.0436456909e-01 1.5699614990e+00
-1.7131601622e+00 3.7558312360e-01 1.5942510710e+00
-1.7668196347e+00 1.3432034623e-01 1.6076831259e+00
-1.8062172341e+00 -1.1587663804e-01 1.6507094164e+00
-1.8090661742e+00 -3.7408714520e-01 1.6750555589e+00
-1.7870813208e+00 -6.3991103029e-01 1.7219436178e+00
-1.7272422074e+00 -9.0833086511e-01 1.7779138762e+00
-1.6226382553e+00 -1.1709305102e+00 1.8399004594e+00
-1.4717832902e+00 -1.4181592055e+00 1.9072498073e+00
-1.2541151642e+00 -1.6023368113e+00 1.8953839991e+00
-9.9784164170e-01 -1.7218801234e+00 1.8359743531e+00
-7.3156148593e-01 -1.8014337346e+00 1.7852019058e+00
-4.6480067993e-01 -1.8533133432e+00 1.7581320363e+00
-1.9817049634e-01 -1.8631174529e+00 1.7206377671e+00
6.2857461994e-02 -1.8561070593e+00 1.7115818182e+00
3.1724973246e-01 -1.8075154677e+00 1.6837406275e+00
5.6129772373e-01 -1.7277759761e+00 1.6539617434e+00
7.9607330008e-01 -1.6297963817e+00 1.6467516248e+00
1.0156515197e+00 -1.5015828870e+00 1.6401138052e+00
1.2128962833e+00 -1.3411219925e+00 1.6264951673e+00
1.3910545093e+00 -1.1621315953e+00 1.6346240839e+00
1.5352071837e+00 -9.5453156858e-01 1.6313439454e+00
1.6506111604e+00 -7.3143222958e-01 1.6432513448e+00
1.7102743415e+00 -4.8599388520e-01 1.6048115515e+00
1.7490438775e+00 -2.4163543648e-01 1.6005467865e+00
1.9742470825e+00 3.2509931308e-03 1.4214470305e+00
1.9434131398e+00 2.5298320662e-01 1.4000630243e+00
1.9018188018e+00 5.0032550792e-01 1.4040221449e+00
1.8316307106e+00 7.4146510908e-01 1.4015995999e+00
1.7399983460e+00 9.7828009219e-01 1.4124609055e+00
1.6256122441e+00 1.2107305774e+00 1.4375201136e+00
1.4788318149e+00 1.4275369823e+00 1.4543330078e+00
1.3058418567e+00 1.6303387883e+00 1.4754638426e+00
1.1102666438e+00 1.8231426966e+00 1.5128803739e+00
8.9248430525e-01 2.0095565082e+00 1.5761392863e+00
6.3996608701e-01 2.1453704171e+00 1.6084062816e+00
3.6534650236e-01 2.2356586252e+00 1.6301931583e+00
7.7403445242e-02 2.2613302304e+00 1.6237251705e+00
-2.0993738418e-01 2.2335132344e+00 1.6073385650e+00
-4.8377607216e-01 2.1440872355e+00 1.5680906312e+00
-7.3414054987e-01 2.0093149351e+00 1.5202961720e+00
-9.5640965503e-01 1.8431179341e+00 1.4720773025e+00
-1.1559288592e+00 1.6670173351e+00 1.4448232324e+00
-1.3374813468e+00 1.4846969380e+00 1.4376675507e+00
-1.4965938223e+00 1.2860855399e+00 1.4257787812e+00
-1.6369944561e+00 1.0769278418e+00 1.4174700711e+00
-1.7528979998e+00 8.5406320263e-01 1.4038709915e+00
-1.8531120302e+00 6.2522942547e-01 1.4107915905e+00
-1.9333960765e+00 3.8683990930e-01 1.4299282006e+00
-1.9872908747e+00 1.3783042216e-01 1.4452393657e+00
-2.0264895418e+00 -1.1974801347e-01 1.4764706491e+00
-2.0360839352e+00 -3.8548032093e-01 1.4969549599e+00
-2.0270995434e+00 -6.6108310622e-01 1.5397715353e+00
-1.9826653822e+00 -9.4217240145e-01 1.5893862059e+00
-1.9046685570e+00 -1.2296369243e+00 1.6658430468e+00
-1.7787374554e+00 -1.5102667173e+00 1.7492678865e+00
-1.5896734111e+00 -1.7527435156e+00 1.7984319191e+00
-1.3374587949e+00 -1.9202145233e+00 1.7762214395e+00
-1.0533279482e+00 -2.0176588364e+00 1.7118585865e+00
-7.6923809832e-01 -2.0872708469e+00 1.6715268320e+00
-4.8502813826e-01 -2.1176001575e+00 1.6296654683e+00
-2.0585332274e-01 -2.1087699689e+00 1.5798500997e+00
6.4544025982e-02 -2.0924222765e+00 1.5614656782e+00
3.3112564116e-01 -2.0683319808e+00 1.5718450072e+00
5.8815549612e-01 -1.9907746891e+00 1.5446823086e+00
8.3551068237e-01 -1.8899655965e+00 1.5240990910e+00
1.0704138593e+00 -1.7634656032e+00 1.5075557640e+00
1.2945663992e+00 -1.6196650074e+00 1.5110070613e+00
1.4961598585e+00 -1.4441694117e+00 1.5098850493e+00
1.6690175074e+00 -1.2404598157e+00 1.5059643733e+00
1.8136903213e+00 -1.0176965177e+00 1.5137648124e+00
1.9154102380e+00 -7.7241695035e-01 1.5090125518e+00
1.9640972347e+00 -5.1138612541e-01 1.4734784917e+00
1.9875069358e+00 -2.5284023792e-01 1.4557171341e+00
2.2284865569e+00 2.2094214014e-03 1.2795393514e+00
2.1893373364e+00 2.6725011484e-01 1.2536625731e+00
2.1449497316e+00 5.2923351572e-01 1.2534064029e+00
2.0678361918e+00 7.8230417573e-01 1.2396604310e+00
1.9747063497e+00 1.0325648484e+00 1.2460395944e+00
1.8609605770e+00 1.2802748533e+00 1.2693047754e+00
1.7052558722e+00 1.5030113565e+00 1.2690719227e+00
1.5291713553e+00 1.7156932615e+00 1.2811506790e+00
1.3330547750e+00 1.9194941684e+00 1.3067708305e+00
1.1207377798e+00 2.1267408791e+00 1.3622838239e+00
8.7313851998e-01 2.2920417880e+00 1.3960097208e+00
6.0285062823e-01 2.4327376983e+00 1.4377712200e+00
3.1230757711e-01 2.5438048100e+00 1.4878882256e+00
5.5369641751e-03 2.5736668174e+00 1.4978594838e+00
-2.9610872638e-01 2.4923095169e+00 1.4394076514e+00
-5.8267430459e-01 2.3926486192e+00 1.4079791233e+00
-8.4292242515e-01 2.2403352192e+00 1.3613832580e+00
-1.0719238189e+00 2.0533468179e+00 1.3094257578e+00
-1.2783428323e+00 1.8617932186e+00 1.2789225629e+00
-1.4719066892e+00 1.6742593224e+00 1.2775876580e+00
-1.6353234401e+00 1.4596673231e+00 1.2537152610e+00
-1.7884669219e+00 1.2451488257e+00 1.2492432567e+00
-1.9192031815e+00 1.0169662276e+00 1.2428161657e+00
-2.0310913812e+00 7.8006112049e-01 1.2479922285e+00
-2.1144074745e+00 5.3076552252e-01 1.2508139600e+00
-2.1751898826e+00 2.7375571462e-01 1.2583121990e+00
-2.2292218825e+00 9.9553597025e-03 1.2887192712e+00
-2.2619006344e+00 -2.6448925709e-01 1.3153009982e+00
-2.2736902408e+00 -5.4940851339e-01 1.3455560982e+00
-2.2568785814e+00 -8.4356885950e-01 1.3825194653e+00
-2.2055076483e+00 -1.1450736447e+00 1.4339593633e+00
-2.1129523460e+00 -1.4495950387e+00 1.5022783290e+00
-1.9586735054e+00 -1.7320080357e+00 1.5564166451e+00
-1.7451048655e+00 -1.9729866365e+00 1.5878117060e+00
-1.4760422362e+00 -2.1438833436e+00 1.5735002589e+00
-1.1751211172e+00 -2.2413590558e+00 1.5210511403e+00
-8.7649762999e-01 -2.3131451655e+00 1.4892296099e+00
-5.7683594482e-01 -2.3369242767e+00 1.4447186329e+00
-2.8496013030e-01 -2.3282667878e+00 1.4001750608e+00
-2.9918531257e-03 -2.3071228967e+00 1.3731119800e+00
2.7350087353e-01 -2.2835613024e+00 1.3722382161e+00
5.4691229410e-01 -2.2377918077e+00 1.3749982718e+00
8.1574424876e-01 -2.1639703131e+00 1.3760813058e+00
1.0746084863e+00 -2.0540546194e+00 1.3671283309e+00
1.3192680118e+00 -1.9112929261e+00 1.3525579153e+00
1.5588704583e+00 -1.7585174294e+00 1.3662604990e+00
1.7710108078e+00 -1.5660533336e+00 1.3674049670e+00
1.9474575811e+00 -1.3398785382e+00 1.3590447461e+00
2.0826617495e+00 -1.0884010425e+00 1.3455030573e+00
2.1883860224e+00 -8.2743249386e-01 1.3522508361e+00
2.2253607150e+00 -5.4541638898e-01 1.3140801380e+00
2.2452831357e+00 -2.7027014050e-01 1.3043696167e+00
2.4858156871e+00 1.0186704308e-03 1.1037260499e+00
2.4497605685e+00 2.8180284086e-01 1.0904987472e+00
2.4007239593e+00 5.5830253124e-01 1.0850797595e+00
2.3178279341e+00 8.2431847083e-01 1.0666525154e+00
2.2307028631e+00 1.0933859241e+00 1.0798582386e+00
2.1074613663e+00 1.3497766275e+00 1.0873783951e+00
1.9510875181e+00 1.5889342311e+00 1.0910863670e+00
1.7679271800e+00 1.8104450353e+00 1.0950581028e+00
1.5711330733e+00 2.0294667419e+00 1.1174840795e+00
1.3575497296e+00 2.2470213508e+00 1.1566310219e+00
1.1053405140e+00 2.4123708570e+00 1.1662483015e+00
8.3204782749e-01 2.5466762636e+00 1.1745965205e+00
5.4499536408e-01 2.6692197725e+00 1.2016954864e+00
2.4439400408e-01 2.8008475861e+00 1.2664607884e+00
-7.2846833096e-02 2.7621655881e+00 1.2273088694e+00
-3.7956586582e-01 2.6843957903e+00 1.1921231378e+00
-6.7244840259e-01 2.5842713942e+00 1.1733436602e+00
-9.4087352167e-01 2.4345864964e+00 1.1451979187e+00
-1.1773699442e+00 2.2432808969e+00 1.1068956162e+00
-1.3845562260e+00 2.0326557969e+00 1.0696317539e+00
-1.5832303178e+00 1.8375272004e+00 1.0648971524e+00
-1.7619028918e+00 1.6278920033e+00 1.0580975597e+00
-1.9267674260e+00 1.4108256066e+00 1.0573497204e+00
-2.0747964816e+00 1.1826231100e+00 1.0611126149e+00
-2.2015908500e+00 9.4154683358e-01 1.0696058691e+00
-2.2896158984e+00 6.8221828467e-01 1.0634739884e+00
-2.3513511177e+00 4.1609535532e-01 1.0580824663e+00
-2.4064132049e+00 1.4694318794e-01 1.0711556799e+00
-2.4473409073e+00 -1.3035140948e-01 1.0863736342e+00
-2.4837509016e+00 -4.1962183524e-01 1.1169376107e+00
-2.4996680530e+00 -7.2280982072e-01 1.1536337765e+00
-2.4948391527e+00 -1.0440236642e+00 1.2118256218e+00
-2.4257492249e+00 -1.3604115609e+00 1.2530474190e+00
-2.2897175955e+00 -1.6554160607e+00 1.2791623600e+00
-2.0850670303e+00 -1.9059759646e+00 1.2809333755e+00
-1.8474072505e+00 -2.1296184681e+00 1.2931456794e+00
-1.5647403808e+00 -2.2882938757e+00 1.2773227915e+00
-1.2558096210e+00 -2.3769519870e+00 1.2334672544e+00
-9.5736909063e-01 -2.4588732946e+00 1.2203960324e+00
-6.5673786269e-01 -2.4963201034e+00 1.1971506185e+00
-3.6013473320e-01 -2.4890861137e+00 1.1603002592e+00
-7.3759420078e-02 -2.4682757225e+00 1.1342047038e+00
2.0596763385e-01 -2.4431347294e+00 1.1246242114e+00
4.8101270387e-01 -2.3926253364e+00 1.1119810018e+00
7.5929138749e-01 -2.3513249402e+00 1.1291980650e+00
1.0383252158e+00 -2.2858916436e+00 1.1485393956e+00
1.3083127812e+00 -2.1763808487e+00 1.1526482797e+00
1.5716591326e+00 -2.0409944531e+00 1.1614376242e+00
1.8322925422e+00 -1.8887480552e+00 1.1893433743e+00
2.0615973250e+00 -1.6878101585e+00 1.2014151608e+00
2.2419115372e+00 -1.4400163633e+00 1.1915017841e+00
2.3750042256e+00 -1.1656586678e+00 1.1759283764e+00
2.4645261491e+00 -8.7781607107e-01 1.1637581945e+00
2.4882410045e+00 -5.7632485603e-01 1.1246413198e+00
2.5032146500e+00 -2.8600755708e-01 1.1180725930e+00
2.7377030018e+00 -3.0345810421e-04 8.9472639414e-01
2.6894299899e+00 2.9731730149e-01 8.7661731381e-01
2.6449321675e+00 5.9250899261e-01 8.7842334411e-01
2.5597159184e+00 8.7639993275e-01 8.6442773993e-01
2.4675608357e+00 1.1617805955e+00 8.7228639068e-01
2.3269524865e+00 1.4250611977e+00 8.6586809481e-01
2.1611064014e+00 1.6751926011e+00 8.6611648098e-01
1.9780918024e+00 1.9188177063e+00 8.7863336853e-01
1.7675266948e+00 2.1413076117e+00 8.8841918070e-01
1.5443470475e+00 2.3629552190e+00 9.1234263306e-01
1.2926798157e+00 2.5546054261e+00 9.2910213821e-01
1.0084334869e+00 2.6855465312e+00 9.2327040184e-01
7.1462017384e-01 2.8075978383e+00 9.3272051578e-01
4.0946362810e-01 2.9275810479e+00 9.6203270965e-01
8.6985697964e-02 2.9587238544e+00 9.6154030036e-01
-2.3340500874e-01 2.8905340571e+00 9.2758656964e-01
-5.4379553008e-01 2.8154523620e+00 9.1473296329e-01
-8.3504796369e-01 2.6879869657e+00 8.9503844422e-01
-1.1090811350e+00 2.5461550707e+00 8.9003816416e-01
-1.3491744257e+00 2.3517859733e+00 8.7019823460e-01
-1.5627210614e+00 2.1393826756e+00 8.5175511469e-01
-1.7566971030e+00 1.9203262780e+00 8.3821096968e-01
-1.9338386545e+00 1.6943513803e+00 8.2694159809e-01
-2.1020766968e+00 1.4672678837e+00 8.2599542367e-01
-2.2650818729e+00 1.2375514888e+00 8.4185328210e-01
-2.3891815005e+00 9.8135071159e-01 8.4381589119e-01
-2.4727242778e+00 7.0833251222e-01 8.3444022437e-01
-2.5394710818e+00 4.3242220359e-01 8.3448336202e-01
-2.5949834969e+00 1.5181833557e-01 8.4181440485e-01
-2.6357786620e+00 -1.3631638290e-01 8.4789012509e-01
-2.6732338694e+00 -4.3551900012e-01 8.6551479419e-01
-2.7057795170e+00 -7.5341494525e-01 9.0231784081e-01
-2.7209429457e+00 -1.0953194884e+00 9.5978497110e-01
-2.6513589409e+00 -1.4257576863e+00 9.9034696034e-01
-2.4958045226e+00 -1.7204806888e+00 9.9600121728e-01
-2.2715149659e+00 -1.9664809947e+00 9.8494047371e-01
-2.0156657127e+00 -2.1807118003e+00 9.8134522536e-01
-1.7297203407e+00 -2.3487507071e+00 9.7315210860e-01
-1.4306579242e+00 -2.4791072140e+00 9.6606093752e-01
-1.1183794390e+00 -2.5511296231e+00 9.4301691583e-01
-8.1390770105e-01 -2.6045394308e+00 9.2961795150e-01
-5.1216210065e-01 -2.6167403395e+00 9.0743084052e-01
-2.1703575384e-01 -2.5800282499e+00 8.6923629635e-01
6.6358980868e-02 -2.5438391584e+00 8.4604847734e-01
3.4412221138e-01 -2.5060327653e+00 8.3526546141e-01
6.2126398584e-01 -2.4636421710e+00 8.3509848960e-01
9.0862537397e-01 -2.4374605738e+00 8.6177008451e-01
1.2005978578e+00 -2.3831224768e+00 8.8731035341e-01
1.4851421756e+00 -2.2789297815e+00 8.9778971107e-01
1.7714001902e+00 -2.1548745850e+00 9.1826783853e-01
2.0530537051e+00 -2.0020499875e+00 9.4630491525e-01
2.2911022841e+00 -1.7846805919e+00 9.5070544323e-01
2.4795606666e+00 -1.5224351967e+00 9.4255569202e-01
2.6260244186e+00 -1.2377319001e+00 9.3867313307e-01
2.7310202663e+00 -9.3834817185e-01 9.4224343639e-01
2.7572366072e+00 -6.1815146517e-01 9.1788473043e-01
2.7535046091e+00 -3.0511112713e-01 9.0011225257e-01
2.9624321382e+00 -1.7689150541e-03 6.4087303498e-01
2.8900281821e+00 3.0731952765e-01 6.1659841998e-01
2.8362022655e+00 6.1172563840e-01 6.1350118903e-01
2.7640416624e+00 9.1244056985e-01 6.1326915535e-01
2.6621500781e+00 1.2054708620e+00 6.1351641121e-01
2.5246285673e+00 1.4844367647e+00 6.1310270119e-01
2.3457408422e+00 1.7374590677e+00 6.0729797404e-01
2.1447304777e+00 1.9737196716e+00 6.0555327584e-01
1.9234262947e+00 2.1914239762e+00 6.0587205428e-01
1.6923563613e+00 2.4050254820e+00 6.1501445036e-01
1.4382330136e+00 2.5922363879e+00 6.2128623338e-01
1.1676151892e+00 2.7624588945e+00 6.3067946224e-01
8.7280831871e-01 2.8833837006e+00 6.3111489569e-01
5.6663194709e-01 2.9832412074e+00 6.3632587228e-01
2.5102300457e-01 3.0795093159e+00 6.5387610323e-01
-7.5576437382e-02 3.0703979216e+00 6.4563994192e-01
-3.9623819466e-01 3.0079040267e+00 6.3275641132e-01
-7.0847681618e-01 2.9306944328e+00 6.3049409849e-01
-9.9349798827e-01 2.7724784365e+00 6.1161008590e-01
-1.2567147343e+00 2.5980302405e+00 5.9994927077e-01
-1.4954529855e+00 2.4031948444e+00 5.9119557754e-01
-1.7161052982e+00 2.2008805486e+00 5.8846327819e-01
-1.9106788448e+00 1.9752020516e+00 5.7983963763e-01
-2.0977640945e+00 1.7515443553e+00 5.7870577999e-01
-2.2755093286e+00 1.5219134594e+00 5.8301243276e-01
-2.4351563789e+00 1.2777521634e+00 5.8943935971e-01
-2.5551966792e+00 1.0094127656e+00 5.8704985926e-01
-2.6495576880e+00 7.3174066753e-01 5.8697282185e-01
-2.7050912712e+00 4.4325128758e-01 5.7745816640e-01
-2.7578264818e+00 1.5444992865e-01 5.7733916006e-01
-2.8114094581e+00 -1.4125323931e-01 5.8566003812e-01
-2.8486902282e+00 -4.4788202757e-01 5.9413901115e-01
-2.8834211851e+00 -7.7290875412e-01 6.1809655522e-01
-2.8924016374e+00 -1.1175099200e+00 6.5226902068e-01
-2.8504124545e+00 -1.4716817166e+00 6.8985707660e-01
-2.6782725433e+00 -1.7651123203e+00 6.8776535587e-01
-2.4316321935e+00 -2.0007072273e+00 6.7148138504e-01
-2.1608891130e+00 -2.2059722337e+00 6.6352170521e-01
-1.9006727979e+00 -2.4242357367e+00 6.8419004422e-01
-1.5855418150e+00 -2.5417299446e+00 6.7120017465e-01
-1.2859829741e+00 -2.6644591500e+00 6.7733446303e-01
-9.6902913990e-01 -2.7047243587e+00 6.5803285235e-01
-6.5951655809e-01 -2.7075700678e+00 6.3385816239e-01
-3.6067300492e-01 -2.6792188770e+00 6.0642284182e-01
-7.3833751888e-02 -2.6255739862e+00 5.7725577426e-01
2.0256273529e-01 -2.5761670940e+00 5.5868934117e-01
4.7474040151e-01 -2.5280973007e+00 5.4897831550e-01
7.5264275038e-01 -2.4991885055e+00 5.5674911508e-01
1.0417472895e+00 -2.4717920093e+00 5.7537338075e-01
1.3413072766e+00 -2.4263927128e+00 5.9771976987e-01
1.6350962135e+00 -2.3284010176e+00 6.0868462175e-01
1.9421785912e+00 -2.2218365211e+00 6.3328487566e-01
2.2444812456e+00 -2.0770251242e+00 6.5980295468e-01
2.4990946740e+00 -1.8593844285e+00 6.6796795594e-01
2.7006207320e+00 -1.5916911327e+00 6.6676694605e-01
2.8656061760e+00 -1.3026748354e+00 6.7276854235e-01
2.9911454132e+00 -9.9561387646e-01 6.8615846038e-01
2.9834878795e+00 -6.4769146017e-01 6.5233737413e-01
2.9769333446e+00 -3.2055794131e-01 6.4119995656e-01
3.1293814650e+00 -3.3495202002e-03 3.3632900641e-01
3.0525190923e+00 3.1843546089e-01 3.2424046671e-01
2.9792692559e+00 6.3091641169e-01 3.1811916487e-01
2.8970351832e+00 9.3896037314e-01 3.1612736971e-01
2.7806361638e+00 1.2346903252e+00 3.1296526039e-01
2.6485611812e+00 1.5277786282e+00 3.1577725283e-01
2.4528592133e+00 1.7776644314e+00 3.0889439262e-01
2.2379131479e+00 2.0086232353e+00 3.0460890749e-01
2.0002904546e+00 2.2117811396e+00 2.9963258452e-01
1.7599555916e+00 2.4127992446e+00 3.0046609933e-01
1.4999494704e+00 2.5858540498e+00 2.9984855718e-01
1.2283427385e+00 2.7445032556e+00 3.0148942657e-01
9.5415171988e-01 2.9286443626e+00 3.1379389550e-01
6.4358588304e-01 3.0048812685e+00 3.1005672880e-01
3.2901240519e-01 3.0812108753e+00 3.1310474097e-01
5.7792736120e-03 3.1364865826e+00 3.1906151885e-01
-3.1957033662e-01 3.1008268888e+00 3.1533221104e-01
-6.3923356572e-01 3.0405289953e+00 3.1488785061e-01
-9.4593687793e-01 2.9374501015e+00 3.1438679129e-01
-1.2301593403e+00 2.7863643071e+00 3.1213918624e-01
-1.4760516141e+00 2.5726417110e+00 3.0282607879e-01
-1.7039966962e+00 2.3596305152e+00 2.9834871977e-01
-1.9153385920e+00 2.1406729192e+00 2.9604716321e-01
-2.1134121355e+00 1.9150868232e+00 2.9507239141e-01
-2.3031611745e+00 1.6847815273e+00 2.9673143013e-01
-2.4634016697e+00 1.4302102303e+00 2.9446580180e-01
-2.5984759599e+00 1.1623909328e+00 2.9233054729e-01
-2.7169674863e+00 8.8830040544e-01 2.9433249610e-01
-2.8281215656e+00 6.0820957866e-01 3.0256834471e-01
-2.8960582546e+00 3.1090275010e-01 3.0300098199e-01
-2.9515498187e+00 7.0270120523e-03 3.0406465664e-01
-2.9768955404e+00 -3.0298476846e-01 3.0115336690e-01
-2.9948920200e+00 -6.2146341773e-01 3.0435542678e-01
-2.9943485442e+00 -9.5267188664e-01 3.1400688312e-01
-3.0090540159e+00 -1.3235847531e+00 3.4265949855e-01
-2.8736323369e+00 -1.6415254553e+00 3.4733385628e-01
-2.6133770457e+00 -1.8717254624e+00 3.3209146508e-01
-2.3503179982e+00 -2.0900864682e+00 3.2835220138e-01
-2.0870512224e+00 -2.3049408727e+00 3.3541502906e-01
-1.8001821840e+00 -2.4806757779e+00 3.4151410657e-01
-1.4935020832e+00 -2.6010479842e+00 3.4158887236e-01
-1.1892175806e+00 -2.6946455904e+00 3.4169859006e-01
-8.7011343687e-01 -2.6895538990e+00 3.2362126896e-01
-5.6984717530e-01 -2.6776178068e+00 3.0927078387e-01
-2.8360839459e-01 -2.6697519136e+00 3.0070244536e-01
-4.2359190555e-03 -2.6373780204e+00 2.9094946626e-01
2.6972216153e-01 -2.6037617267e+00 2.8517265166e-01
5.4070454475e-01 -2.5526531329e+00 2.7942052302e-01
8.1675616731e-01 -2.5125165384e+00 2.8046780469e-01
1.1028236253e+00 -2.4718414436e+00 2.8619254923e-01
1.4037812413e+00 -2.4264258486e+00 2.9665587293e-01
1.7093139016e+00 -2.3458728538e+00 3.0569629124e-01
2.0375084055e+00 -2.2616073585e+00 3.2340279072e-01
2.3656038438e+00 -2.1349025630e+00 3.4195436928e-01
2.6443420671e+00 -1.9259881678e+00 3.4999621514e-01
2.8700677047e+00 -1.6613404721e+00 3.5332595625e-01
3.0700943132e+00 -1.3760692750e+00 3.6347945380e-01
3.1384374890e+00 -1.0256618776e+00 3.5259526433e-01
3.1390647076e+00 -6.7078423934e-01 3.3774863887e-01
3.1438224297e+00 -3.3463701968e-01 3.3560897180e-01
3.2176704300e+00 -4.9398458665e-03 -2.5638508897e-03
3.1608642820e+00 3.2936801114e-01 -3.9460147135e-03
3.0968117350e+00 6.5816745229e-01 -5.3002617321e-03
2.9742142925e+00 9.6573743466e-01 -6.5276736783e-03
2.8469118511e+00 1.2674785871e+00 -7.7274072335e-03
2.6928340121e+00 1.5563401901e+00 -8.8556872361e-03
2.4615449843e+00 1.7826139948e+00 -9.6699907322e-03
2.2303143580e+00 1.9981857994e+00 -1.0438941519e-02
1.9914544341e+00 2.1991509042e+00 -1.1141146981e-02
1.7442619124e+00 2.3863815092e+00 -1.1779864736e-02
1.4893496922e+00 2.5646406144e+00 -1.2375680427e-02
1.2232056739e+00 2.7325531197e+00 -1.2920555662e-02
9.4595978591e-01 2.8993990253e+00 -1.3453927654e-02
6.3973106077e-01 2.9842356316e+00 -1.3621266276e-02
3.2851568453e-01 3.0773738379e+00 -1.3820680157e-02
5.5720628264e-03 3.1362535445e+00 -1.3867424167e-02
-3.2102701485e-01 3.1115822512e+00 -1.3557514705e-02
-6.4515774059e-01 3.0680248579e+00 -1.3169055937e-02
-9.5906293988e-01 2.9790750644e+00 -1.2594506356e-02
-1.2505177813e+00 2.8330427704e+00 -1.1791969265e-02
-1.5037838438e+00 2.6209429757e+00 -1.0733227567e-02
-1.7447419080e+00 2.4174696808e+00 -9.7188095918e-03
-1.9594995690e+00 2.1888052853e+00 -8.6140179198e-03
-2.1633592300e+00 1.9577969896e+00 -7.5061351183e-03
-2.3653174912e+00 1.7281634939e+00 -6.4052777528e-03
-2.5429333496e+00 1.4756178976e+00 -5.2225456929e-03
-2.6993611063e+00 1.2080538010e+00 -3.9894338929e-03
-2.8431434619e+00 9.3089881405e-01 -2.7235933082e-03
-2.9310091151e+00 6.2809422600e-01 -1.3841122423e-03
-3.0031523679e+00 3.2033745763e-01 -3.3509826365e-05
-3.0757989197e+00 5.9576055694e-03 1.3454988398e-03
-3.1065757712e+00 -3.1725667994e-01 2.7356602209e-03
-3.1031522231e+00 -6.4371315985e-01 4.1180767378e-03
-3.1203039709e+00 -9.9465682933e-01 5.6172804391e-03
-3.0999445169e+00 -1.3634242896e+00 7.1685019911e-03
-2.9061380785e+00 -1.6547986934e+00 8.2824688869e-03
-2.6419752501e+00 -1.8905223987e+00 9.1161893203e-03
-2.3820057220e+00 -2.1235058039e+00 9.9409231787e-03
-2.0762767044e+00 -2.2926489101e+00 1.0466137253e-02
-1.7584085939e+00 -2.4154164166e+00 1.0787032784e-02
-1.4386598905e+00 -2.4910045231e+00 1.0906649364e-02
-1.1258136931e+00 -2.5241409295e+00 1.0850557730e-02
-8.2983125762e-01 -2.5420173356e+00 1.0740343895e-02
-5.4923229128e-01 -2.5630710413e+00 1.0653275283e-02
-2.7655149371e-01 -2.5911589469e+00 1.0601016383e-02
-4.3155613272e-03 -2.5827264525e+00 1.0394146941e-02
2.6647651000e-01 -2.5695884581e+00 1.0168228202e-02
5.3632987750e-01 -2.5290859636e+00 9.8268405460e-03
8.1149008541e-01 -2.4921607693e+00 9.4972899160e-03
1.0950869420e+00 -2.4473571751e+00 9.1290225237e-03
1.4007618298e+00 -2.4152226814e+00 8.8006111227e-03
1.7098557112e+00 -2.3397484878e+00 8.2862380225e-03
2.0532315933e+00 -2.2747314949e+00 7.7946696483e-03
2.4035241691e+00 -2.1676539021e+00 7.1203658591e-03
2.7007660322e+00 -1.9666631083e+00 6.0811006621e-03
2.9525257884e+00 -1.7107999136e+00 4.8376971741e-03
3.1211985377e+00 -1.3952704172e+00 3.3934580494e-03
3.2062587841e+00 -1.0463993191e+00 1.8603627317e-03
3.2254092310e+00 -6.8987410969e-01 3.3623060586e-04
3.2448349799e+00 -3.4701832026e-01 -1.1301000005e-03
3.2050121108e+00 -6.3646543117e-03 -3.4358098207e-01
3.1646627871e+00 3.2823096155e-01 -3.4939375074e-01
3.0626048257e+00 6.4793059431e-01 -3.4353845133e-01
2.9618622777e+00 9.6180024621e-01 -3.4491032341e-01
2.8478228344e+00 1.2723169478e+00 -3.5120365797e-01
2.6362007448e+00 1.5217022539e+00 -3.3593219697e-01
2.4199556878e+00 1.7549997593e+00 -3.2739565086e-01
2.1950599618e+00 1.9721520644e+00 -3.2311323997e-01
1.9539495511e+00 2.1633487698e+00 -3.1843355329e-01
1.7086449095e+00 2.3435145750e+00 -3.1704947908e-01
1.4580162317e+00 2.5167570799e+00 -3.1909472301e-01
1.1931416639e+00 2.6686270851e+00 -3.2087836974e-01
9.1660882294e-01 2.8066821903e+00 -3.2475211271e-01
6.2268476469e-01 2.9042320963e+00 -3.2550911159e-01
3.2087274979e-01 3.0072921015e+00 -3.3349958840e-01
5.2444436728e-03 3.0634854074e+00 -3.3844158211e-01
-3.1592713684e-01 3.0601004139e+00 -3.3872636925e-01
-6.3830948454e-01 3.0363147201e+00 -3.4293790606e-01
-9.5463271884e-01 2.9685695261e+00 -3.4678880805e-01
-1.2522631626e+00 2.8421287322e+00 -3.4681248437e-01
-1.5164240794e+00 2.6504131384e+00 -3.3956529009e-01
-1.7661944843e+00 2.4543135438e+00 -3.3705859580e-01
-1.9883566406e+00 2.2269928490e+00 -3.3078980244e-01
-2.1953132226e+00 1.9903230539e+00 -3.2516692081e-01
-2.3831385602e+00 1.7389927585e+00 -3.1841287594e-01
-2.5610984345e+00 1.4827777626e+00 -3.1510734162e-01
-2.7325039354e+00 1.2207611658e+00 -3.1751237648e-01
-2.8969105719e+00 9.4748712819e-01 -3.2585712752e-01
-2.9718382409e+00 6.3423719098e-01 -3.1482338127e-01
-3.0405135252e+00 3.2201642303e-01 -3.0921899300e-01
-3.1326034053e+00 4.7090416208e-03 -3.1611842592e-01
-3.1900775693e+00 -3.2771889516e-01 -3.2008244940e-01
-3.2077881990e+00 -6.7000600515e-01 -3.2317865814e-01
-3.2405375861e+00 -1.0419667267e+00 -3.4283970730e-01
-3.1419041949e+00 -1.3862967290e+00 -3.4540935813e-01
-2.9593079301e+00 -1.6959020326e+00 -3.4361802153e-01
-2.6943886050e+00 -1.9455864370e+00 -3.3529249539e-01
-2.3724021642e+00 -2.1249767420e+00 -3.2156491964e-01
-2.0267381098e+00 -2.2403493472e+00 -3.0500670988e-01
-1.6719929928e+00 -2.2847818518e+00 -2.8186000823e-01
-1.3399201748e+00 -2.2946368560e+00 -2.5870371173e-01
-1.0461537185e+00 -2.3176294604e+00 -2.4466570512e-01
-7.7783289132e-01 -2.3592274652e+00 -2.3917187762e-01
-5.2028896594e-01 -2.4097286705e+00 -2.3926756188e-01
-2.6440683814e-01 -2.4626419762e+00 -2.4358900998e-01
-4.2880311058e-03 -2.4760201815e+00 -2.4273375055e-01
2.5793532420e-01 -2.4802260870e+00 -2.4403573561e-01
5.2194071262e-01 -2.4552771922e+00 -2.4283247465e-01
7.9438706036e-01 -2.4358754983e+00 -2.4719303769e-01
1.0767097408e+00 -2.4035660048e+00 -2.5325856375e-01
1.3842249355e+00 -2.3855263128e+00 -2.6854248691e-01
1.6948476086e+00 -2.3180865204e+00 -2.7935084890e-01
2.0340080972e+00 -2.2501252297e+00 -2.9986043231e-01
2.3961687837e+00 -2.1602847403e+00 -3.2800234005e-01
2.7059298714e+00 -1.9713162484e+00 -3.4355062179e-01
2.9761200086e+00 -1.7272596556e+00 -3.5787666109e-01
3.1652919727e+00 -1.4191923601e+00 -3.6399117584e-01
3.2518972764e+00 -1.0645543613e+00 -3.5903663976e-01
3.2630033598e+00 -7.0001153048e-01 -3.4955462174e-01
3.2192477279e+00 -3.4413383826e-01 -3.3792934779e-01
3.1441813819e+00 -7.6750985339e-03 -6.7727226062e-01
3.0406813559e+00 3.1776508909e-01 -6.5539025469e-01
2.9537266377e+00 6.3295409079e-01 -6.5601237352e-01
2.8688903545e+00 9.4812828054e-01 -6.7340592634e-01
2.7165600978e+00 1.2341191143e+00 -6.6741306009e-01
2.5128988670e+00 1.4805242210e+00 -6.4561090435e-01
2.2899516747e+00 1.6985779279e+00 -6.2534439079e-01
2.0565112264e+00 1.8930749345e+00 -6.0900240854e-01
1.8194846353e+00 2.0718029405e+00 -5.9877536234e-01
1.5831593680e+00 2.2460235454e+00 -5.9803571342e-01
1.3354600260e+00 2.4003512507e+00 -5.9664655132e-01
1.0756890123e+00 2.5326377562e+00 -5.9453330813e-01
8.1128425347e-01 2.6723659603e+00 -6.0617384210e-01
5.2914196428e-01 2.7785716652e+00 -6.1377001905e-01
2.3575790017e-01 2.8899444687e+00 -6.3536617093e-01
-7.2795024780e-02 2.9135362752e+00 -6.3416029141e-01
-3.8657676686e-01 2.9247138806e+00 -6.4311656318e-01
-7.0298158222e-01 2.9049535856e+00 -6.5610000743e-01
-1.0173817022e+00 2.8518599900e+00 -6.7321838735e-01
-1.3120328079e+00 2.7297403955e+00 -6.7833831228e-01
-1.5786997069e+00 2.5520405015e+00 -6.7317100025e-01
-1.8308950231e+00 2.3605192066e+00 -6.7347623036e-01
-2.0415094321e+00 2.1153180132e+00 -6.5339373274e-01
-2.2322137117e+00 1.8595654195e+00 -6.3256298322e-01
-2.4065854937e+00 1.5974835252e+00 -6.1431169046e-01
-2.5822608124e+00 1.3408138290e+00 -6.1212667666e-01
-2.7637012840e+00 1.0822535308e+00 -6.2892920410e-01
-2.9345237872e+00 8.0471222141e-01 -6.5408997032e-01
-3.0141589901e+00 4.8766847450e-01 -6.4138516700e-01
-3.0869341118e+00 1.6696801623e-01 -6.3924126524e-01
-3.1690750886e+00 -1.6475214402e-01 -6.5614291093e-01
-3.2551251236e+00 -5.2022287638e-01 -6.9215454894e-01
-3.3255320851e+00 -9.0754296087e-01 -7.4395308348e-01
-3.2267346351e+00 -1.2624883727e+00 -7.4250978960e-01
-3.0988302307e+00 -1.6190865776e+00 -7.6239696945e-01
-2.8076076141e+00 -1.8700573798e+00 -7.2906428590e-01
-2.4541656546e+00 -2.0386158816e+00 -6.8207911838e-01
-2.0785462306e+00 -2.1330097832e+00 -6.2845936853e-01
-1.6971627989e+00 -2.1463299831e+00 -5.5955594646e-01
-1.3553215131e+00 -2.1362785832e+00 -4.9938486946e-01
-1.0619903276e+00 -2.1447388849e+00 -4.6191700724e-01
-8.0025385130e-01 -2.1739907881e+00 -4.4308128012e-01
-5.5494057660e-01 -2.2224710928e+00 -4.4016781973e-01
-3.1398665460e-01 -2.2883163991e+00 -4.5219611455e-01
-6.7512339273e-02 -2.3611370067e+00 -4.7475638742e-01
1.8737732551e-01 -2.3789745124e+00 -4.7939898019e-01
4.4995817540e-01 -2.3960713193e+00 -4.9226262796e-01
7.2034099207e-01 -2.3887428260e+00 -5.0244573781e-01
1.0050943451e+00 -2.3777178339e+00 -5.2054263781e-01
1.3111234062e+00 -2.3641857434e+00 -5.4928263154e-01
1.6132662224e+00 -2.2862872510e+00 -5.6153302856e-01
1.9436266893e+00 -2.2130614616e+00 -5.9520353372e-01
2.3022210753e+00 -2.1275829750e+00 -6.4858093960e-01
2.6776151642e+00 -2.0068840905e+00 -7.1703641552e-01
2.9734143192e+00 -1.7739273008e+00 -7.5361366880e-01
3.1650694473e+00 -1.4556391055e+00 -7.6063810316e-01
3.2487626171e+00 -1.0891331053e+00 -7.4393496298e-01
3.2437597458e+00 -7.1142178167e-01 -7.1313547783e-01
3.1836086763e+00 -3.4797238662e-01 -6.7975980475e-01
2.9917670096e+00 -8.6713295809e-03 -9.7422096845e-01
2.9016096843e+00 3.1287612768e-01 -9.5484286103e-01
2.8172481238e+00 6.2554799835e-01 -9.6409602238e-01
2.7058101997e+00 9.2758080938e-01 -9.7494604911e-01
2.5079594555e+00 1.1806338885e+00 -9.3078453445e-01
2.2945914838e+00 1.4050151972e+00 -8.9234371136e-01
2.0765394743e+00 1.6093469045e+00 -8.6746204029e-01
1.8577052837e+00 1.8009996102e+00 -8.5722923678e-01
1.6233482061e+00 1.9621645171e+00 -8.3908529438e-01
1.3835814680e+00 2.1038510239e+00 -8.2245636530e-01
1.1463412038e+00 2.2489425285e+00 -8.2414662678e-01
8.9873665083e-01 2.3801509330e+00 -8.2958153580e-01
6.3875548470e-01 2.4958631372e+00 -8.3937597239e-01
3.6561997323e-01 2.5972173408e+00 -8.5636032586e-01
7.8452746448e-02 2.6872404434e+00 -8.8472290177e-01
-2.2034958208e-01 2.7035580492e+00 -8.8806832796e-01
-5.2472044610e-01 2.7047078533e+00 -9.0632607168e-01
-8.3194425548e-01 2.6786751564e+00 -9.3403782919e-01
-1.1270698987e+00 2.5894424608e+00 -9.4794100909e-01
-1.4136149918e+00 2.4741593641e+00 -9.7040418617e-01
-1.6696795568e+00 2.2958103695e+00 -9.6942283439e-01
-1.9020161981e+00 2.0856696753e+00 -9.6026147963e-01
-2.1085866373e+00 1.8482232817e+00 -9.4094442322e-01
-2.2954361515e+00 1.5961143878e+00 -9.2099056693e-01
-2.4648812807e+00 1.3333831929e+00 -9.0645364942e-01
-2.6383015202e+00 1.0714401950e+00 -9.1992182442e-01
-2.8171753627e+00 7.9950840389e-01 -9.6120947211e-01
-2.9613352944e+00 4.9753663301e-01 -9.9464446254e-01
-3.0338892992e+00 1.6922954479e-01 -9.9207143867e-01
-3.1158152936e+00 -1.7053144696e-01 -1.0220232620e+00
-3.2097524518e+00 -5.3777222298e-01 -1.0914052960e+00
-3.2469718124e+00 -9.2801481987e-01 -1.1583154759e+00
-3.1246483558e+00 -1.2828095219e+00 -1.1541865847e+00
-2.9415976919e+00 -1.6134893260e+00 -1.1574522037e+00
-2.5843645948e+00 -1.8055985221e+00 -1.0590580437e+00
-2.2132210408e+00 -1.9342350194e+00 -9.6934889251e-01
-1.8007599487e+00 -1.9413448117e+00 -8.2829667313e-01
-1.4512347576e+00 -1.9450077076e+00 -7.3014991915e-01
-1.1584902592e+00 -1.9709186075e+00 -6.7721053166e-01
-8.9665943840e-01 -2.0037494092e+00 -6.4463855786e-01
-6.5491676011e-01 -2.0496924127e+00 -6.3205052620e-01
-4.2108410567e-01 -2.1062920180e+00 -6.3645448975e-01
-1.8648985970e-01 -2.1808113259e+00 -6.6401714147e-01
5.8361464059e-02 -2.2608434358e+00 -7.0669199920e-01
3.1467348157e-01 -2.2942575435e+00 -7.2851157658e-01
5.8481892837e-01 -2.3259186530e+00 -7.6263440259e-01
8.6926190405e-01 -2.3351031626e+00 -7.9578852798e-01
1.1740158018e+00 -2.3336624738e+00 -8.3949057979e-01
1.4686445977e+00 -2.2490169804e+00 -8.4468879969e-01
1.7864646032e+00 -2.1674110909e+00 -8.7991198866e-01
2.1535108274e+00 -2.1057898088e+00 -9.7014985690e-01
2.5450959412e+00 -2.0091678300e+00 -1.0858918720e+00
2.8465620624e+00 -1.7802855422e+00 -1.1384535495e+00
3.0365325544e+00 -1.4578072461e+00 -1.1388256175e+00
3.1102190998e+00 -1.0842704429e+00 -1.0975147814e+00
3.1154034949e+00 -7.0984421785e-01 -1.0524276297e+00
3.0753724229e+00 -3.4998450265e-01 -1.0140692839e+00
2.7844372800e+00 -9.4396261196e-03 -1.2398208892e+00
2.7101568616e+00 3.0230023008e-01 -1.2303541801e+00
2.6042655745e+00 5.9885095342e-01 -1.2200903161e+00
2.4453873959e+00 8.6610038133e-01 -1.1793255481e+00
2.2639732434e+00 1.1063566695e+00 -1.1404110836e+00
2.0564582124e+00 1.3126081791e+00 -1.0933689804e+00
1.8459898982e+00 1.4994314868e+00 -1.0635497580e+00
1.6297737900e+00 1.6659220938e+00 -1.0411358054e+00
1.4132852646e+00 1.8213037993e+00 -1.0317626407e+00
1.1890692896e+00 1.9574791051e+00 -1.0211071675e+00
9.6309569069e-01 2.0928210089e+00 -1.0284602245e+00
7.2684379476e-01 2.2181607120e+00 -1.0438044729e+00
4.7639081771e-01 2.3255038150e+00 -1.0621944563e+00
2.1118957366e-01 2.4082941182e+00 -1.0817570522e+00
-6.6395630999e-02 2.4421582234e+00 -1.0855692515e+00
-3.5031881432e-01 2.4503829278e+00 -1.0983647967e+00
-6.3643101710e-01 2.4258970315e+00 -1.1165783513e+00
-9.1649035172e-01 2.3570583357e+00 -1.1305274408e+00
-1.1879409344e+00 2.2572840389e+00 -1.1504658681e+00
-1.4570940806e+00 2.1446943397e+00 -1.1919265850e+00
-1.6930137244e+00 1.9659240444e+00 -1.1929351118e+00
-1.9060944044e+00 1.7568926500e+00 -1.1822285405e+00
-2.1023178187e+00 1.5303623551e+00 -1.1723774356e+00
-2.2782990601e+00 1.2856949598e+00 -1.1632020310e+00
-2.4434651174e+00 1.0308561621e+00 -1.1720814540e+00
-2.6091922848e+00 7.6643407072e-01 -1.2140012538e+00
-2.7559223404e+00 4.7845040781e-01 -1.2657001039e+00
-2.8647433342e+00 1.6462269517e-01 -1.3082631540e+00
-2.9346904490e+00 -1.6878622775e-01 -1.3462984429e+00
-3.0110026511e+00 -5.2732371656e-01 -1.4369736767e+00
-2.9945867153e+00 -8.9277103283e-01 -1.4888555857e+00
-2.8357535404e+00 -1.2145648624e+00 -1.4565343456e+00
-2.5856956157e+00 -1.4757578596e+00 -1.3876731290e+00
-2.2634465974e+00 -1.6546000540e+00 -1.2811831836e+00
-1.8712318794e+00 -1.7072678406e+00 -1.0940476263e+00
-1.5378970088e+00 -1.7533867340e+00 -9.7621540564e-01
-1.2432693712e+00 -1.7895840307e+00 -8.9453732160e-01
-9.8420735326e-01 -1.8335271309e+00 -8.4992336675e-01
-7.4625233259e-01 -1.8823315331e+00 -8.2718372460e-01
-5.1916210046e-01 -1.9370283373e+00 -8.2307044107e-01
-2.9448586017e-01 -2.0019435441e+00 -8.4195251069e-01
-6.3698668830e-02 -2.0793556540e+00 -8.8728766116e-01
1.8144965246e-01 -2.1645511668e+00 -9.5582704009e-01
4.4205219678e-01 -2.2127637779e+00 -1.0063997759e+00
7.1771052573e-01 -2.2354535889e+00 -1.0528333015e+00
1.0083428754e+00 -2.2310394999e+00 -1.0974980238e+00
1.2920428649e+00 -2.1515185058e+00 -1.0978086799e+00
1.5934776088e+00 -2.0698361158e+00 -1.1320648393e+00
1.9272493090e+00 -1.9929750328e+00 -1.2203913801e+00
2.2851632316e+00 -1.8920003547e+00 -1.3485267809e+00
2.5871160436e+00 -1.6908388701e+00 -1.4290514745e+00
2.7738334673e+00 -1.3863279736e+00 -1.4260913115e+00
2.8643664638e+00 -1.0378400706e+00 -1.3834807404e+00
2.8741843706e+00 -6.7938679357e-01 -1.3204316706e+00
2.8544911402e+00 -3.3755664895e-01 -1.2835387289e+00
2.5311603787e+00 -9.9756415979e-03 -1.4693924485e+00
2.4394686834e+00 2.8677278318e-01 -1.4265420474e+00
2.3387500286e+00 5.6875719622e-01 -1.4179785867e+00
2.1804735377e+00 8.1928762552e-01 -1.3649031407e+00
2.0003743281e+00 1.0416168549e+00 -1.3148074262e+00
1.8052671318e+00 1.2371031638e+00 -1.2719295138e+00
1.5982623177e+00 1.4055741726e+00 -1.2320085265e+00
1.3925631180e+00 1.5616249788e+00 -1.2144209897e+00
1.1839327528e+00 1.7050710838e+00 -1.2085681352e+00
9.6876880361e-01 1.8343134883e+00 -1.2076000200e+00
7.4832289122e-01 1.9610450906e+00 -1.2268921952e+00
5.1127145546e-01 2.0549774951e+00 -1.2296036083e+00
2.6299195042e-01 2.1313385989e+00 -1.2413684743e+00
3.1684967261e-03 2.2031799995e+00 -1.2822742822e+00
-2.6664442973e-01 2.2148856038e+00 -1.2931153871e+00
-5.3868257170e-01 2.1911817077e+00 -1.3070209997e+00
-8.0514878382e-01 2.1246991122e+00 -1.3161156284e+00
-1.0652663260e+00 2.0330314148e+00 -1.3393256059e+00
-1.3156255830e+00 1.9125265166e+00 -1.3684424669e+00
-1.5352994008e+00 1.7357214225e+00 -1.3561834380e+00
-1.7432548566e+00 1.5446621269e+00 -1.3549663720e+00
-1.9285450457e+00 1.3278536319e+00 -1.3444863016e+00
-2.0989648293e+00 1.0967024351e+00 -1.3464729190e+00
-2.2597381382e+00 8.5315372524e-01 -1.3743141175e+00
-2.3991009872e+00 5.8897872364e-01 -1.4132494625e+00
-2.5217831923e+00 3.0520111922e-01 -1.4737683665e+00
-2.6098271221e+00 -1.3652118674e-03 -1.5348984410e+00
-2.6674675791e+00 -3.2797138359e-01 -1.6118397187e+00
-2.6379050468e+00 -6.5770849725e-01 -1.6386040529e+00
-2.5157611450e+00 -9.6351971713e-01 -1.6156996602e+00
-2.3419688439e+00 -1.2427131889e+00 -1.6003966180e+00
-2.0657248207e+00 -1.4360114824e+00 -1.4937734472e+00
-1.7125228877e+00 -1.5089856650e+00 -1.2785029410e+00
-1.4097012868e+00 -1.5727702562e+00 -1.1472835386e+00
-1.1418195673e+00 -1.6308710526e+00 -1.0685718518e+00
-8.9964128140e-01 -1.6887830528e+00 -1.0265250460e+00
-6.7420624040e-01 -1.7516748560e+00 -1.0143638759e+00
-4.5469566128e-01 -1.8163191614e+00 -1.0221767707e+00
-2.3353449428e-01 -1.8834923692e+00 -1.0509781307e+00
-3.9223866700e-03 -1.9554165801e+00 -1.1053019253e+00
2.4185860053e-01 -2.0379910954e+00 -1.1945669596e+00
5.0325648820e-01 -2.0758481075e+00 -1.2541412181e+00
7.7285917287e-01 -2.0618109160e+00 -1.2800175078e+00
1.0512090503e+00 -2.0179340245e+00 -1.3050837477e+00
1.3299138428e+00 -1.9319341320e+00 -1.3204578065e+00
1.6278414756e+00 -1.8430559458e+00 -1.3877876277e+00
1.9447211115e+00 -1.7372580657e+00 -1.5054986022e+00
2.2112522033e+00 -1.5425846784e+00 -1.5688712909e+00
2.3932274231e+00 -1.2685154815e+00 -1.5634740364e+00
2.5176359372e+00 -9.6594776291e-01 -1.5531863030e+00
2.5883899907e+00 -6.4947534364e-01 -1.5469559442e+00
2.5822187547e+00 -3.2410860902e-01 -1.5076736367e+00
2.2259264656e+00 -1.0091355704e-02 -1.6210645479e+00
2.1455870246e+00 2.6691278229e-01 -1.5743124946e+00
2.0574305979e+00 5.3157854400e-01 -1.5751205300e+00
1.9074969810e+00 7.6419442421e-01 -1.5126013126e+00
1.7368794416e+00 9.6943002421e-01 -1.4556819721e+00
1.5577588700e+00 1.1542574517e+00 -1.4222649922e+00
1.3626424232e+00 1.3104832602e+00 -1.3831635749e+00
1.1659454002e+00 1.4530149661e+00 -1.3661562934e+00
9.6352278725e-01 1.5797620712e+00 -1.3577154830e+00
7.5724435034e-01 1.7011249737e+00 -1.3725787193e+00
5.3797302328e-01 1.7996027772e+00 -1.3813796378e+00
3.0695601305e-01 1.8768574806e+00 -1.3932761882e+00
6.4977569796e-02 1.9396306819e+00 -1.4250427025e+00
-1.8706993264e-01 1.9614606849e+00 -1.4441550129e+00
-4.4089023219e-01 1.9358635898e+00 -1.4466479475e+00
-6.8946051727e-01 1.8717753949e+00 -1.4464858859e+00
-9.3359442773e-01 1.7885208970e+00 -1.4711695980e+00
-1.1654967787e+00 1.6706439994e+00 -1.4918120910e+00
-1.3744011025e+00 1.5104704045e+00 -1.4847593909e+00
-1.5722600022e+00 1.3343560077e+00 -1.4922252269e+00
-1.7517430725e+00 1.1347877106e+00 -1.4989369887e+00
-1.9084678401e+00 9.1275023305e-01 -1.5055678501e+00
-2.0482535562e+00 6.7478450270e-01 -1.5335970813e+00
-2.1600812509e+00 4.1678147098e-01 -1.5686408185e+00
-2.2534269719e+00 1.4214010534e-01 -1.6346119866e+00
-2.3090478718e+00 -1.5123777158e-01 -1.7050844481e+00
-2.2808646809e+00 -4.4790334275e-01 -1.7102079314e+00
-2.1894313264e+00 -7.3096574271e-01 -1.6935537238e+00
-2.0631607292e+00 -1.0014298070e+00 -1.7086231987e+00
-1.8473557903e+00 -1.2096372029e+00 -1.6343851302e+00
-1.5620770835e+00 -1.3260665885e+00 -1.4575879263e+00
-1.2879281859e+00 -1.4042438774e+00 -1.3113113856e+00
-1.0421060612e+00 -1.4749726729e+00 -1.2274151227e+00
-8.1758228113e-01 -1.5472312737e+00 -1.1943365154e+00
-6.0362881285e-01 -1.6208201781e+00 -1.1951028889e+00
-3.9010825979e-01 -1.6868044841e+00 -1.2088693462e+00
-1.7287062757e-01 -1.7521389929e+00 -1.2468731509e+00
5.4323681893e-02 -1.8188058052e+00 -1.3139037502e+00
2.9668985010e-01 -1.8728724191e+00 -1.3921725524e+00
5.5203924539e-01 -1.8885731307e+00 -1.4482869736e+00
8.1068101517e-01 -1.8490480377e+00 -1.4629483317e+00
1.0722954661e+00 -1.7775051448e+00 -1.4788593113e+00
1.3383033465e+00 -1.6828765550e+00 -1.5197651677e+00
1.6104383590e+00 -1.5673258700e+00 -1.6027580695e+00
1.8478327123e+00 -1.3874271805e+00 -1.6519607013e+00
2.0295775450e+00 -1.1504207853e+00 -1.6613492335e+00
2.1609652935e+00 -8.8304091844e-01 -1.6653127728e+00
2.2510725390e+00 -6.0090080276e-01 -1.6870132773e+00
2.2838924244e+00 -3.0587176436e-01 -1.6951032122e+00
1.9181301050e+00 -1.0036501279e-02 -1.7335743458e+00
1.8561012144e+00 2.5142203375e-01 -1.7006790166e+00
1.7659018578e+00 4.9819658773e-01 -1.6820516690e+00
1.6309605284e+00 7.1819499674e-01 -1.6274114445e+00
1.4754696446e+00 9.1427411486e-01 -1.5842179026e+00
1.3042800598e+00 1.0873535419e+00 -1.5536511358e+00
1.1164334349e+00 1.2321144499e+00 -1.5165127054e+00
9.2053737899e-01 1.3553475572e+00 -1.4877139534e+00
7.2116229781e-01 1.4684512614e+00 -1.4870412623e+00
5.1197385681e-01 1.5631798649e+00 -1.4936696801e+00
2.9233059265e-01 1.6399605672e+00 -1.5127283814e+00
6.1385841224e-02 1.6910510692e+00 -1.5365981317e+00
-1.7808492550e-01 1.7090145715e+00 -1.5598780403e+00
-4.1798520673e-01 1.6767238767e+00 -1.5566083260e+00
-6.5350981247e-01 1.6139189807e+00 -1.5637789817e+00
-8.8327100731e-01 1.5267144823e+00 -1.5908419632e+00
-1.1026040212e+00 1.4090787833e+00 -1.6213974545e+00
-1.3022561289e+00 1.2540630862e+00 -1.6315976218e+00
-1.4886866745e+00 1.0776667873e+00 -1.6553535109e+00
-1.6484855940e+00 8.7137045940e-01 -1.6658262522e+00
-1.7806506882e+00 6.4256019069e-01 -1.6781708865e+00
-1.8883969661e+00 3.9679798893e-01 -1.7128001870e+00
-1.9686829243e+00 1.3407326379e-01 -1.7721479741e+00
-2.0004237364e+00 -1.4368677106e-01 -1.8202354841e+00
-1.9492641002e+00 -4.1761790882e-01 -1.7914345809e+00
-1.8622165735e+00 -6.8183346079e-01 -1.7931507016e+00
-1.7194326477e+00 -9.1966764160e-01 -1.7747226349e+00
-1.5099930261e+00 -1.0996483149e+00 -1.6782350172e+00
-1.2666342713e+00 -1.2181939035e+00 -1.5355378512e+00
-1.0289172464e+00 -1.3050424953e+00 -1.4213588652e+00
-8.0806635382e-01 -1.3846292935e+00 -1.3660157114e+00
-5.9709284367e-01 -1.4624365969e+00 -1.3581561663e+00
-3.8732631543e-01 -1.5370271041e+00 -1.3833908737e+00
-1.7140313639e-01 -1.5988204128e+00 -1.4207199267e+00
5.3717377793e-02 -1.6473653232e+00 -1.4719259459e+00
2.9159184851e-01 -1.6858894368e+00 -1.5479447718e+00
5.4147509968e-01 -1.6915639495e+00 -1.6145103775e+00
7.9409643502e-01 -1.6460906583e+00 -1.6464392976e+00
1.0450286995e+00 -1.5614792667e+00 -1.6748791552e+00
1.2940269653e+00 -1.4483378783e+00 -1.7312980395e+00
1.5134718130e+00 -1.2791045858e+00 -1.7579349585e+00
1.6886485371e+00 -1.0624990893e+00 -1.7574407279e+00
1.8264386119e+00 -8.2183118395e-01 -1.7733381180e+00
1.9139466153e+00 -5.5897973690e-01 -1.7834800172e+00
1.9514545163e+00 -2.8516560826e-01 -1.7886409355e+00
1.6233561249e+00 -9.8671413253e-03 -1.8137855599e+00
1.5731473653e+00 2.4004637930e-01 -1.7901916980e+00
1.4797257194e+00 4.7224553626e-01 -1.7460624209e+00
1.3568286690e+00 6.8331789294e-01 -1.7096039729e+00
1.2099760271e+00 8.7200188870e-01 -1.6855306727e+00
1.0433694368e+00 1.0376198336e+00 -1.6727552867e+00
8.5218325234e-01 1.1651081429e+00 -1.6255084219e+00
6.5466411664e-01 1.2755834487e+00 -1.6095616041e+00
4.4754022394e-01 1.3660345528e+00 -1.6114381033e+00
2.2997664500e-01 1.4357996548e+00 -1.6323794862e+00
1.6733738258e-03 1.4702196579e+00 -1.6460460393e+00
-2.3214515657e-01 1.4693985609e+00 -1.6616877698e+00
-4.6466640856e-01 1.4274277647e+00 -1.6700356470e+00
-6.9092140569e-01 1.3515739674e+00 -1.6865679687e+00
-9.0762783610e-01 1.2447240687e+00 -1.7140137654e+00
-1.1117790323e+00 1.1076422688e+00 -1.7501664564e+00
-1.2967990569e+00 9.3784197875e-01 -1.7834883021e+00
-1.4534180066e+00 7.3542315951e-01 -1.8048145700e+00
-1.5807133388e+00 5.0852150858e-01 -1.8357754976e+00
-1.6746373393e+00 2.6070247503e-01 -1.8835858458e+00
-1.7127958242e+00 -4.4787365397e-03 -1.9032454027e+00
-1.6903172769e+00 -2.7188165588e-01 -1.8943473633e+00
-1.6203177467e+00 -5.3092930750e-01 -1.8959767087e+00
-1.4901189361e+00 -7.6370710637e-01 -1.8627999436e+00
-1.3068413454e+00 -9.5186112090e-01 -1.7822234879e+00
-1.0886847138e+00 -1.0853057211e+00 -1.6577604211e+00
-8.6801664072e-01 -1.1858675144e+00 -1.5597637576e+00
-6.5522704787e-01 -1.2748205145e+00 -1.5223178832e+00
-4.4489684808e-01 -1.3577671206e+00 -1.5376714120e+00
-2.2901974095e-01 -1.4282964300e+00 -1.5813503622e+00
-3.4063141132e-03 -1.4720984392e+00 -1.6217688014e+00
2.3236108418e-01 -1.4992008516e+00 -1.6878936451e+00
4.7966837204e-01 -1.5014619663e+00 -1.7719492491e+00
7.2944682968e-01 -1.4530242778e+00 -1.8280371569e+00
9.7407265521e-01 -1.3596752887e+00 -1.8799133655e+00
1.1912815626e+00 -1.2057919941e+00 -1.8878825941e+00
1.3692186063e+00 -1.0055590959e+00 -1.8717524711e+00
1.5070878525e+00 -7.7786925798e-01 -1.8656627628e+00
1.5967152382e+00 -5.2903458900e-01 -1.8585863444e+00
1.6413413541e+00 -2.7065159017e-01 -1.8608402431e+00
1.3447181560e+00 -9.5425669650e-03 -1.8508331137e+00
1.3047279433e+00 2.2776198896e-01 -1.8411853555e+00
1.2173774330e+00 4.4822896532e-01 -1.8011971177e+00
1.0952604668e+00 6.4558257252e-01 -1.7600839991e+00
9.5025360484e-01 8.2213255671e-01 -1.7493755707e+00
7.8116416829e-01 9.7220986071e-01 -1.7445697845e+00
5.8900807656e-01 1.0855304378e+00 -1.7171732796e+00
3.8502063496e-01 1.1741114422e+00 -1.7147328029e+00
1.6947557520e-01 1.2352269447e+00 -1.7316546649e+00
-5.5437628923e-02 1.2540473490e+00 -1.7339331506e+00
-2.8364929823e-01 1.2403779510e+00 -1.7574639019e+00
-5.0715421702e-01 1.1807476546e+00 -1.7659746344e+00
-7.2061439519e-01 1.0845684571e+00 -1.7825227611e+00
-9.2352825573e-01 9.5958814587e-01 -1.8293856025e+00
-1.1041229080e+00 7.9591306515e-01 -1.8679482244e+00
-1.2549705004e+00 5.9809524423e-01 -1.9029658216e+00
-1.3655798684e+00 3.7079530342e-01 -1.9297865107e+00
-1.4217941710e+00 1.2236015458e-01 -1.9297234537e+00
-1.4350277293e+00 -1.3400073876e-01 -1.9613311998e+00
-1.3915355051e+00 -3.8907048245e-01 -1.9858149948e+00
-1.2854363225e+00 -6.2449222322e-01 -1.9735200740e+00
-1.1235372716e+00 -8.2070051944e-01 -1.9116010699e+00
-9.2387588822e-01 -9.6677497174e-01 -1.8085271684e+00
-7.1339099826e-01 -1.0771786369e+00 -1.7285134002e+00
-5.0241453157e-01 -1.1701545392e+00 -1.7106435534e+00
-2.8647398973e-01 -1.2467854469e+00 -1.7398225054e+00
-6.0844454954e-02 -1.2912885548e+00 -1.7684648451e+00
1.7291357708e-01 -1.3107645658e+00 -1.8226157100e+00
4.1524055751e-01 -1.3025559804e+00 -1.9073686178e+00
6.5902639010e-01 -1.2480490946e+00 -1.9878026887e+00
8.7835533230e-01 -1.1191289987e+00 -1.9840342985e+00
1.0604170408e+00 -9.3860728781e-01 -1.9440630367e+00
1.2023094393e+00 -7.2815762727e-01 -1.9139424859e+00
1.2983661684e+00 -4.9677204686e-01 -1.8931480204e+00
1.3484451221e+00 -2.5455878688e-01 -1.8843536335e+00
1.0941889040e+00 -9.2754837193e-03 -1.8899771818e+00
1.0583416405e+00 2.1605867908e-01 -1.8841252865e+00
9.7180684132e-01 4.2379560557e-01 -1.8428425796e+00
8.4968982463e-01 6.0822062136e-01 -1.8140956595e+00
6.9973320489e-01 7.6855082424e-01 -1.8156824330e+00
5.2181461498e-01 8.9512820816e-01 -1.8132194941e+00
3.2357292806e-01 9.8618414185e-01 -1.8164640454e+00
1.1066514902e-01 1.0375083356e+00 -1.8217590108e+00
-1.0993376459e-01 1.0454789395e+00 -1.8271471664e+00
-3.3023444526e-01 1.0098295428e+00 -1.8377356287e+00
-5.4325536873e-01 9.3337059416e-01 -1.8637606750e+00
-7.4249144530e-01 8.1726748332e-01 -1.9067444633e+00
-9.1844797797e-01 6.6029994150e-01 -1.9541495698e+00
-1.0562580527e+00 4.6322622108e-01 -1.9824163840e+00
-1.1384167366e+00 2.3495630455e-01 -1.9667555008e+00
-1.1722704848e+00 -5.7301154351e-03 -1.9779355311e+00
-1.1563902474e+00 -2.5098393172e-01 -2.0247937327e+00
-1.0836222827e+00 -4.8913151907e-01 -2.0760119903e+00
-9.4072995998e-01 -6.8992703706e-01 -2.0329607321e+00
-7.5562842154e-01 -8.4320487153e-01 -1.9514492526e+00
-5.5238682275e-01 -9.5805065922e-01 -1.8949213967e+00
-3.3983793879e-01 -1.0445030630e+00 -1.8897363131e+00
-1.1719559545e-01 -1.0960020692e+00 -1.9040079336e+00
1.1297032225e-01 -1.1146159791e+00 -1.9494650562e+00
3.4681292105e-01 -1.0899182900e+00 -2.0034933295e+00
5.7515875442e-01 -1.0163122013e+00 -2.0614674904e+00
7.6728396489e-01 -8.6562087900e-01 -2.0067999242e+00
9.1982926939e-01 -6.7822591649e-01 -1.9575980931e+00
1.0277562377e+00 -4.6675202545e-01 -1.9292475959e+00
1.0870726442e+00 -2.4042979493e-01 -1.9140665733e+00
8.6320937674e-01 -9.0705816385e-03 -1.9358113250e+00
8.2558158171e-01 2.1253587877e-01 -1.9284844586e+00
7.2990433388e-01 4.1264513522e-01 -1.8891806884e+00
5.9245355650e-01 5.8364677939e-01 -1.8773443589e+00
4.1881299770e-01 7.1651509287e-01 -1.8778837903e+00
2.1777184553e-01 8.0291311654e-01 -1.8817629302e+00
4.2451915341e-04 8.3956706907e-01 -1.8985489179e+00
-2.2163417957e-01 8.2015247182e-01 -1.9141791124e+00
-4.3564040556e-01 7.4661187315e-01 -1.9407739200e+00
-6.3075523899e-01 6.2326311108e-01 -1.9937646708e+00
-7.8888227949e-01 4.4810857962e-01 -2.0347997821e+00
-8.8410327466e-01 2.2928548471e-01 -2.0073206821e+00
-9.2243826894e-01 -6.3476488474e-03 -2.0216843354e+00
-8.9716935696e-01 -2.4618217161e-01 -2.0648974098e+00
-8.0523259465e-01 -4.7182373840e-01 -2.1078586287e+00
-6.4847461240e-01 -6.5563572940e-01 -2.0885394222e+00
-4.4934300661e-01 -7.8283629638e-01 -2.0265315019e+00
-2.3167098759e-01 -8.6407746837e-01 -2.0050775220e+00
-2.6608390008e-03 -8.9856085481e-01 -2.0204213969e+00
2.3023256151e-01 -8.8129316434e-01 -2.0621083317e+00
4.5076410683e-01 -7.9696827011e-01 -2.0731206840e+00
6.3218698338e-01 -6.4326979674e-01 -2.0112379939e+00
7.6598914979e-01 -4.5154472488e-01 -1.9710709202e+00
8.4494637636e-01 -2.3562118462e-01 -1.9546221751e+00
6.4071088549e-01 -8.8261997715e-03 -1.9688828043e+00
6.0204170750e-01 1.9827872877e-01 -1.9684337950e+00
4.9796298273e-01 3.7929789385e-01 -1.9426638896e+00
3.4512579799e-01 5.2019745681e-01 -1.9441144467e+00
1.5568996054e-01 6.0679852967e-01 -1.9529197466e+00
-5.2891418975e-02 6.3065104185e-01 -1.9711529804e+00
-2.6143184725e-01 5.8819242270e-01 -2.0010251082e+00
-4.4992265224e-01 4.8121128135e-01 -2.0464963235e+00
-5.9050600315e-01 3.1158253452e-01 -2.0439065309e+00
-6.6600884975e-01 1.0370545721e-01 -2.0338743139e+00
-6.7009470304e-01 -1.1823219538e-01 -2.0573017265e+00
-5.9996743094e-01 -3.3124611179e-01 -2.1007787823e+00
-4.5872089893e-01 -5.0470985437e-01 -2.0981188620e+00
-2.6925456018e-01 -6.1743113397e-01 -2.0607635603e+00
-5.6958743983e-02 -6.6891723747e-01 -2.0533454706e+00
1.6124298817e-01 -6.5605499486e-01 -2.0789554224e+00
3.6094728331e-01 -5.6506610610e-01 -2.0541566499e+00
5.1609463188e-01 -4.1143719392e-01 -2.0073573180e+00
6.1219635858e-01 -2.1920803300e-01 -1.9820647498e+00
4.2372318373e-01 -8.5453868780e-03 -1.9911208022e+00
3.6583092157e-01 2.0328306009e-01 -1.9991029313e+00
2.1145366751e-01 3.5919866233e-01 -2.0071022290e+00
-3.8192328944e-04 4.2049920420e-01 -2.0286342381e+00
-2.1768018226e-01 3.6881041563e-01 -2.0550197177e+00
-3.8117341188e-01 2.1201170852e-01 -2.0589619182e+00
-4.4282005193e-01 -7.3398800496e-03 -2.0601099492e+00
-3.8357527908e-01 -2.2789587238e-01 -2.0672407727e+00
-2.2122647532e-01 -3.8812589625e-01 -2.0721112905e+00
-1.9113893200e-03 -4.4628349103e-01 -2.0746585784e+00
2.1543267651e-01 -3.8485806247e-01 -2.0483644017e+00
3.7039386468e-01 -2.2304019126e-01 -2.0101557635e+00
2.1130905977e-01 -8.3090996653e-03 -2.0219905813e+00
1.0541816994e-01 1.7594743192e-01 -2.0296466045e+00
-1.0804195451e-01 1.7788288498e-01 -2.0411067423e+00
-2.1726486737e-01 -7.6726604200e-03 -2.0466301911e+00
-1.0946251329e-01 -1.9496968664e-01 -2.0555136434e+00
1.0575157561e-01 -1.9391790940e-01 -2.0411681754e+00
-1.1310429807e-03 -8.0186193922e-03 -2.0400964594e+00
