-1.46261e-02 -3.49425e-04 5.17732e-01
3.40568e-02 -4.02807e-04 4.94955e-01
9.40443e-03 4.52126e-02 4.95215e-01
-3.83544e-02 4.58671e-02 5.04333e-01
-6.23050e-02 -2.90883e-04 5.15702e-01
-3.91378e-02 -4.84935e-02 5.26839e-01
1.00203e-02 -4.76961e-02 5.14656e-01
8.27520e-02 -4.56100e-04 4.71779e-01
6.87108e-02 5.04017e-02 4.69712e-01
3.30367e-02 8.85583e-02 4.76501e-01
-1.45934e-02 1.02293e-01 4.78034e-01
-6.07444e-02 8.95080e-02 4.85340e-01
-9.43304e-02 5.26945e-02 4.98046e-01
-1.06733e-01 -2.33258e-04 5.01859e-01
-9.59641e-02 -5.44944e-02 5.10535e-01
-6.32201e-02 -9.67093e-02 5.22638e-01
-1.47516e-02 -1.12104e-01 5.22199e-01
3.49152e-02 -9.40966e-02 5.02338e-01
7.05195e-02 -5.26276e-02 4.82211e-01
1.31411e-01 -5.08567e-04 4.45567e-01
1.22741e-01 4.78221e-02 4.47086e-01
9.92190e-02 9.17430e-02 4.52509e-01
6.34862e-02 1.26223e-01 4.57726e-01
1.98163e-02 1.45557e-01 4.56906e-01
-2.59528e-02 1.49595e-01 4.58306e-01
-6.91501e-02 1.38754e-01 4.64782e-01
-1.05855e-01 1.13478e-01 4.75764e-01
-1.31985e-01 7.37978e-02 4.80317e-01
-1.45361e-01 2.53446e-02 4.79627e-01
-1.46037e-01 -2.58359e-02 4.82128e-01
-1.33916e-01 -7.55113e-02 4.88873e-01
-1.08799e-01 -1.18341e-01 4.94614e-01
-7.27113e-02 -1.51908e-01 5.08813e-01
-2.71047e-02 -1.67897e-01 5.14720e-01
2.22124e-02 -1.62301e-01 5.08875e-01
6.75799e-02 -1.35975e-01 4.90517e-01
1.02639e-01 -9.57663e-02 4.67439e-01
1.24545e-01 -4.94025e-02 4.52189e-01
1.81082e-01 -5.62994e-04 4.22178e-01
1.73715e-01 4.97960e-02 4.24419e-01
1.53053e-01 9.72974e-02 4.28021e-01
1.21844e-01 1.40516e-01 4.38208e-01
8.02869e-02 1.71735e-01 4.38245e-01
3.37670e-02 1.91779e-01 4.40134e-01
-1.45673e-02 1.97564e-01 4.39336e-01
-6.10626e-02 1.91072e-01 4.41733e-01
-1.02949e-01 1.72578e-01 4.47270e-01
-1.38258e-01 1.43039e-01 4.56539e-01
-1.64978e-01 1.02397e-01 4.64351e-01
-1.80546e-01 5.26306e-02 4.62252e-01
-1.85516e-01 -1.26340e-04 4.58918e-01
-1.79962e-01 -5.22654e-02 4.56042e-01
-1.64910e-01 -1.01552e-01 4.58295e-01
-1.40207e-01 -1.45341e-01 4.62518e-01
-1.06468e-01 -1.81780e-01 4.70701e-01
-6.43854e-02 -2.09867e-01 4.85741e-01
-1.49612e-02 -2.19354e-01 4.88096e-01
3.70293e-02 -2.12430e-01 4.87101e-01
8.65101e-02 -1.88267e-01 4.79077e-01
1.26781e-01 -1.46851e-01 4.54379e-01
1.57129e-01 -1.00662e-01 4.37673e-01
1.75682e-01 -5.13101e-02 4.27470e-01
2.32137e-01 -6.19768e-04 4.01376e-01
2.25910e-01 4.93549e-02 4.02850e-01
2.08868e-01 9.76901e-02 4.05928e-01
1.82709e-01 1.43620e-01 4.13598e-01
1.48251e-01 1.85639e-01 4.24344e-01
1.04482e-01 2.13704e-01 4.19864e-01
5.78474e-02 2.34661e-01 4.21088e-01
9.35602e-03 2.42352e-01 4.16908e-01
-3.79719e-02 2.40806e-01 4.15644e-01
-8.27066e-02 2.32185e-01 4.21141e-01
-1.22978e-01 2.12442e-01 4.25201e-01
-1.58314e-01 1.85217e-01 4.34353e-01
-1.87793e-01 1.49575e-01 4.45825e-01
-2.08697e-01 1.03918e-01 4.48994e-01
-2.19450e-01 5.21458e-02 4.41108e-01
-2.21765e-01 -7.54711e-05 4.32656e-01
-2.16391e-01 -5.07718e-02 4.27101e-01
-2.04047e-01 -9.91629e-02 4.25991e-01
-1.84279e-01 -1.43322e-01 4.24887e-01
-1.56918e-01 -1.80073e-01 4.20282e-01
-1.23736e-01 -2.11361e-01 4.21391e-01
-8.51790e-02 -2.40741e-01 4.35856e-01
-3.97427e-02 -2.58652e-01 4.46222e-01
1.03906e-02 -2.64163e-01 4.54081e-01
6.22881e-02 -2.55844e-01 4.58210e-01
1.12000e-01 -2.32348e-01 4.55092e-01
1.54296e-01 -1.93154e-01 4.38288e-01
1.88064e-01 -1.47843e-01 4.21660e-01
2.12959e-01 -1.00191e-01 4.10754e-01
2.28346e-01 -5.09961e-02 4.05915e-01
2.85624e-01 -6.80721e-04 3.85303e-01
2.79542e-01 5.10925e-02 3.85753e-01
2.63922e-01 1.01552e-01 3.87701e-01
2.39432e-01 1.49527e-01 3.91181e-01
2.07799e-01 1.95367e-01 3.99503e-01
1.68287e-01 2.35278e-01 4.06210e-01
1.21533e-01 2.62375e-01 4.03039e-01
7.19626e-02 2.78747e-01 3.97263e-01
2.19758e-02 2.84823e-01 3.90412e-01
-2.65103e-02 2.84520e-01 3.88129e-01
-7.27858e-02 2.79563e-01 3.92668e-01
-1.15945e-01 2.66202e-01 3.98431e-01
-1.54709e-01 2.43127e-01 4.02765e-01
-1.89069e-01 2.13539e-01 4.10408e-01
-2.18558e-01 1.77203e-01 4.20792e-01
-2.40342e-01 1.31436e-01 4.24046e-01
-2.54501e-01 8.03735e-02 4.23551e-01
-2.58298e-01 2.63270e-02 4.11443e-01
-2.55543e-01 -2.58578e-02 4.02789e-01
-2.46013e-01 -7.54706e-02 3.95650e-01
-2.31603e-01 -1.22907e-01 3.94560e-01
-2.09489e-01 -1.63430e-01 3.85642e-01
-1.82496e-01 -1.98261e-01 3.78495e-01
-1.51016e-01 -2.28447e-01 3.75824e-01
-1.15573e-01 -2.58158e-01 3.84181e-01
-7.46449e-02 -2.84786e-01 3.98702e-01
-2.77222e-02 -3.01255e-01 4.10278e-01
2.36045e-02 -3.07988e-01 4.21593e-01
7.70238e-02 -3.01702e-01 4.28968e-01
1.28714e-01 -2.79321e-01 4.27194e-01
1.75082e-01 -2.43576e-01 4.17507e-01
2.14664e-01 -2.00784e-01 4.07005e-01
2.45886e-01 -1.53382e-01 3.97047e-01
2.68049e-01 -1.03461e-01 3.89119e-01
2.81907e-01 -5.26368e-02 3.86753e-01
3.34586e-01 -7.32792e-04 3.56120e-01
3.30576e-01 5.18324e-02 3.60374e-01
3.18609e-01 1.04771e-01 3.67111e-01
2.99201e-01 1.57838e-01 3.76811e-01
2.69052e-01 2.06011e-01 3.80336e-01
2.30207e-01 2.47174e-01 3.79889e-01
1.87238e-01 2.85935e-01 3.85386e-01
1.38152e-01 3.12368e-01 3.83220e-01
8.55932e-02 3.21270e-01 3.69535e-01
3.44966e-02 3.24864e-01 3.60451e-01
-1.46090e-02 3.23398e-01 3.55431e-01
-6.13684e-02 3.19620e-01 3.57248e-01
-1.05645e-01 3.10511e-01 3.62237e-01
-1.46768e-01 2.93446e-01 3.67060e-01
-1.83171e-01 2.65671e-01 3.67156e-01
-2.17218e-01 2.37024e-01 3.76521e-01
-2.47036e-01 2.01769e-01 3.87350e-01
-2.69533e-01 1.56821e-01 3.90862e-01
-2.84719e-01 1.06263e-01 3.89568e-01
-2.92408e-01 5.31272e-02 3.84676e-01
-2.90807e-01 2.40934e-05 3.72219e-01
-2.85619e-01 -5.10717e-02 3.69370e-01
-2.73896e-01 -9.99217e-02 3.65461e-01
-2.56141e-01 -1.44492e-01 3.58815e-01
-2.32027e-01 -1.80914e-01 3.45114e-01
-2.05623e-01 -2.13991e-01 3.37560e-01
-1.76122e-01 -2.44492e-01 3.35522e-01
-1.43051e-01 -2.73705e-01 3.39822e-01
-1.05981e-01 -3.03585e-01 3.52313e-01
-6.33028e-02 -3.27557e-01 3.65036e-01
-1.53730e-02 -3.41626e-01 3.74757e-01
3.67463e-02 -3.50355e-01 3.88158e-01
9.09894e-02 -3.44967e-01 3.95717e-01
1.44358e-01 -3.25487e-01 3.97079e-01
1.94086e-01 -2.93826e-01 3.93133e-01
2.38860e-01 -2.54900e-01 3.88698e-01
2.75879e-01 -2.08935e-01 3.81810e-01
3.03498e-01 -1.58227e-01 3.72836e-01
3.23042e-01 -1.06377e-01 3.66759e-01
3.31774e-01 -5.29720e-02 3.57498e-01
3.70915e-01 -7.64017e-04 3.05668e-01
3.68992e-01 4.94249e-02 3.12115e-01
3.63250e-01 1.02655e-01 3.26277e-01
3.48338e-01 1.56628e-01 3.37786e-01
3.23263e-01 2.07604e-01 3.44113e-01
2.91083e-01 2.56465e-01 3.51294e-01
2.50622e-01 2.99076e-01 3.55253e-01
2.04855e-01 3.36438e-01 3.59408e-01
1.53006e-01 3.58180e-01 3.53635e-01
9.83488e-02 3.60066e-01 3.35929e-01
4.66435e-02 3.61244e-01 3.25995e-01
-2.68728e-03 3.60146e-01 3.21219e-01
-4.96536e-02 3.57333e-01 3.21669e-01
-9.40036e-02 3.48006e-01 3.22486e-01
-1.36167e-01 3.36238e-01 3.27631e-01
-1.74572e-01 3.13488e-01 3.28065e-01
-2.09590e-01 2.85502e-01 3.29313e-01
-2.43217e-01 2.57948e-01 3.39037e-01
-2.73724e-01 2.24989e-01 3.51156e-01
-2.98126e-01 1.82712e-01 3.58235e-01
-3.15864e-01 1.33765e-01 3.60651e-01
-3.25191e-01 8.02375e-02 3.55766e-01
-3.25995e-01 2.62004e-02 3.45037e-01
-3.22632e-01 -2.56855e-02 3.40128e-01
-3.14467e-01 -7.63571e-02 3.38742e-01
-2.98788e-01 -1.23146e-01 3.31518e-01
-2.77480e-01 -1.63644e-01 3.19735e-01
-2.52917e-01 -1.97978e-01 3.07308e-01
-2.27250e-01 -2.30070e-01 3.00659e-01
-1.99199e-01 -2.60122e-01 2.98291e-01
-1.68440e-01 -2.90166e-01 3.01747e-01
-1.34204e-01 -3.20591e-01 3.10657e-01
-9.52210e-02 -3.46832e-01 3.20259e-01
-5.11777e-02 -3.62793e-01 3.25484e-01
-3.09929e-03 -3.76077e-01 3.34639e-01
4.91571e-02 -3.86969e-01 3.48695e-01
1.04065e-01 -3.86187e-01 3.59502e-01
1.58897e-01 -3.71290e-01 3.64642e-01
2.10582e-01 -3.42043e-01 3.62737e-01
2.56663e-01 -3.01803e-01 3.55402e-01
2.98528e-01 -2.59648e-01 3.52315e-01
3.29911e-01 -2.09051e-01 3.42642e-01
3.51893e-01 -1.55947e-01 3.31515e-01
3.66406e-01 -1.03343e-01 3.22552e-01
3.71746e-01 -5.10216e-02 3.12131e-01
3.92564e-01 -7.74058e-04 2.42309e-01
3.89707e-01 4.46546e-02 2.45515e-01
3.86112e-01 9.34711e-02 2.58288e-01
3.76854e-01 1.45670e-01 2.72880e-01
3.60135e-01 1.99401e-01 2.86672e-01
3.37840e-01 2.56601e-01 3.04115e-01
3.05227e-01 3.10543e-01 3.17784e-01
2.59830e-01 3.49682e-01 3.19200e-01
2.07983e-01 3.75869e-01 3.14270e-01
1.52584e-01 3.85756e-01 3.01811e-01
9.90211e-02 3.92498e-01 2.93371e-01
4.71407e-02 3.95113e-01 2.87497e-01
-2.61183e-03 3.95092e-01 2.84978e-01
-4.99724e-02 3.91186e-01 2.84576e-01
-9.46768e-02 3.82140e-01 2.85100e-01
-1.36981e-01 3.69492e-01 2.87635e-01
-1.76207e-01 3.48782e-01 2.88359e-01
-2.11123e-01 3.18652e-01 2.85342e-01
-2.45488e-01 2.92608e-01 2.91445e-01
-2.79005e-01 2.65660e-01 3.03737e-01
-3.10689e-01 2.33662e-01 3.19173e-01
-3.36568e-01 1.91133e-01 3.29448e-01
-3.54814e-01 1.40021e-01 3.32841e-01
-3.63729e-01 8.38220e-02 3.28134e-01
-3.65602e-01 2.76699e-02 3.22004e-01
-3.59946e-01 -2.67667e-02 3.14049e-01
-3.49642e-01 -7.89805e-02 3.09694e-01
-3.31768e-01 -1.26549e-01 3.00438e-01
-3.08379e-01 -1.67203e-01 2.87234e-01
-2.82711e-01 -2.01794e-01 2.74357e-01
-2.57293e-01 -2.34534e-01 2.67096e-01
-2.30901e-01 -2.66101e-01 2.64195e-01
-2.02128e-01 -2.96330e-01 2.64482e-01
-1.70805e-01 -3.27897e-01 2.69980e-01
-1.35505e-01 -3.57421e-01 2.77281e-01
-9.54710e-02 -3.79485e-01 2.82328e-01
-5.13887e-02 -3.96765e-01 2.87952e-01
-3.19954e-03 -4.11023e-01 2.96005e-01
4.93782e-02 -4.24887e-01 3.09098e-01
1.05111e-01 -4.27907e-01 3.19815e-01
1.61609e-01 -4.17528e-01 3.26253e-01
2.15251e-01 -3.90015e-01 3.24550e-01
2.62709e-01 -3.47497e-01 3.14523e-01
3.07491e-01 -3.05897e-01 3.09875e-01
3.43486e-01 -2.56851e-01 3.01297e-01
3.68303e-01 -2.02406e-01 2.87856e-01
3.83987e-01 -1.47998e-01 2.73558e-01
3.94099e-01 -9.67388e-02 2.62807e-01
3.94701e-01 -4.68456e-02 2.49037e-01
4.06298e-01 -7.75526e-04 1.83059e-01
4.03611e-01 4.03642e-02 1.85332e-01
4.00586e-01 8.46767e-02 1.95197e-01
3.96164e-01 1.34856e-01 2.10934e-01
3.91098e-01 1.94596e-01 2.34177e-01
3.78995e-01 2.60966e-01 2.58851e-01
3.53148e-01 3.24543e-01 2.77283e-01
3.08805e-01 3.68556e-01 2.79638e-01
2.53057e-01 3.90391e-01 2.69533e-01
1.96531e-01 4.04523e-01 2.59820e-01
1.41577e-01 4.16086e-01 2.53544e-01
8.80403e-02 4.25568e-01 2.50438e-01
3.57512e-02 4.31216e-01 2.49132e-01
-1.47233e-02 4.32344e-01 2.49098e-01
-6.25855e-02 4.24871e-01 2.47680e-01
-1.08053e-01 4.17991e-01 2.50423e-01
-1.50550e-01 4.02038e-01 2.51156e-01
-1.88468e-01 3.73161e-01 2.46722e-01
-2.22205e-01 3.38688e-01 2.41275e-01
-2.56080e-01 3.11482e-01 2.44848e-01
-2.91714e-01 2.88739e-01 2.57653e-01
-3.27786e-01 2.62412e-01 2.74987e-01
-3.61473e-01 2.26766e-01 2.91882e-01
-3.87911e-01 1.78568e-01 3.01981e-01
-4.05952e-01 1.22209e-01 3.06491e-01
-4.14455e-01 6.15142e-02 3.05940e-01
-4.10310e-01 1.89055e-04 2.96280e-01
-3.98827e-01 -5.74097e-02 2.86521e-01
-3.78703e-01 -1.08997e-01 2.72926e-01
-3.52222e-01 -1.52514e-01 2.56708e-01
-3.25649e-01 -1.92122e-01 2.46092e-01
-2.97993e-01 -2.26823e-01 2.36845e-01
-2.70770e-01 -2.59324e-01 2.31051e-01
-2.42485e-01 -2.88694e-01 2.26779e-01
-2.12663e-01 -3.16790e-01 2.25282e-01
-1.81321e-01 -3.48264e-01 2.29487e-01
-1.46445e-01 -3.79091e-01 2.35922e-01
-1.06583e-01 -3.99905e-01 2.38657e-01
-6.36492e-02 -4.26143e-01 2.47998e-01
-1.57737e-02 -4.46985e-01 2.57359e-01
3.69096e-02 -4.63082e-01 2.67772e-01
9.39631e-02 -4.74490e-01 2.79896e-01
1.52837e-01 -4.70840e-01 2.87649e-01
2.09327e-01 -4.46230e-01 2.86715e-01
2.62262e-01 -4.09533e-01 2.81769e-01
3.10186e-01 -3.64732e-01 2.74511e-01
3.49732e-01 -3.12030e-01 2.63609e-01
3.77397e-01 -2.52808e-01 2.47666e-01
3.95126e-01 -1.94153e-01 2.30802e-01
4.06995e-01 -1.40391e-01 2.17119e-01
4.11071e-01 -8.93609e-02 2.02737e-01
4.10113e-01 -4.29729e-02 1.90470e-01
4.21207e-01 -7.82026e-04 1.37819e-01
4.19153e-01 3.74784e-02 1.39800e-01
4.17219e-01 7.89646e-02 1.47786e-01
4.14753e-01 1.26556e-01 1.60660e-01
4.16051e-01 1.87238e-01 1.82987e-01
4.23328e-01 2.71699e-01 2.19503e-01
4.00524e-01 3.38965e-01 2.34980e-01
3.53553e-01 3.79339e-01 2.32346e-01
2.93659e-01 3.94299e-01 2.18508e-01
2.35702e-01 4.06662e-01 2.08485e-01
1.81956e-01 4.25770e-01 2.06042e-01
1.29335e-01 4.46589e-01 2.07513e-01
7.60761e-02 4.60139e-01 2.08334e-01
2.35792e-02 4.68935e-01 2.09877e-01
-2.72414e-02 4.69036e-01 2.10295e-01
-7.52699e-02 4.60972e-01 2.09726e-01
-1.20963e-01 4.53206e-01 2.12134e-01
-1.62082e-01 4.27593e-01 2.08379e-01
-1.97270e-01 3.88124e-01 1.99519e-01
-2.29059e-01 3.49817e-01 1.92891e-01
-2.61399e-01 3.20676e-01 1.93685e-01
-2.96902e-01 2.98828e-01 2.02666e-01
-3.37409e-01 2.80407e-01 2.20073e-01
-3.79988e-01 2.55485e-01 2.40984e-01
-4.17541e-01 2.15437e-01 2.57538e-01
-4.50231e-01 1.65191e-01 2.73681e-01
-4.72561e-01 1.03920e-01 2.84951e-01
-4.74644e-01 3.43690e-02 2.79843e-01
-4.61828e-01 -3.22230e-02 2.65837e-01
-4.36942e-01 -8.98618e-02 2.45778e-01
-4.04590e-01 -1.36295e-01 2.24175e-01
-3.74166e-01 -1.78448e-01 2.11893e-01
-3.44060e-01 -2.17540e-01 2.04307e-01
-3.12932e-01 -2.51282e-01 1.97059e-01
-2.81904e-01 -2.80303e-01 1.90421e-01
-2.51281e-01 -3.06283e-01 1.85290e-01
-2.20833e-01 -3.32676e-01 1.83415e-01
-1.89615e-01 -3.62857e-01 1.86075e-01
-1.56499e-01 -3.99607e-01 1.94100e-01
-1.17112e-01 -4.20133e-01 1.95751e-01
-7.48655e-02 -4.44109e-01 2.01439e-01
-2.82950e-02 -4.65907e-01 2.08472e-01
2.32251e-02 -4.88697e-01 2.18706e-01
7.91253e-02 -4.99879e-01 2.26675e-01
1.39121e-01 -5.08670e-01 2.37175e-01
1.97119e-01 -4.89487e-01 2.37692e-01
2.51533e-01 -4.54464e-01 2.33294e-01
3.07864e-01 -4.25512e-01 2.35451e-01
3.57648e-01 -3.82914e-01 2.33061e-01
3.90210e-01 -3.18606e-01 2.18239e-01
4.10605e-01 -2.52094e-01 2.00642e-01
4.21335e-01 -1.89191e-01 1.82877e-01
4.24855e-01 -1.32176e-01 1.65925e-01
4.26060e-01 -8.31698e-02 1.53013e-01
4.23940e-01 -3.97742e-02 1.42696e-01
4.36194e-01 -7.90728e-04 1.00753e-01
4.34808e-01 3.61814e-02 1.02548e-01
4.34521e-01 7.69045e-02 1.09407e-01
4.35963e-01 1.25550e-01 1.21280e-01
4.42534e-01 1.89425e-01 1.40842e-01
4.66599e-01 2.91416e-01 1.79209e-01
4.40728e-01 3.57009e-01 1.87688e-01
3.86849e-01 3.88600e-01 1.79856e-01
3.20998e-01 3.93676e-01 1.64286e-01
2.62752e-01 4.06889e-01 1.56704e-01
2.09475e-01 4.29306e-01 1.55623e-01
1.57632e-01 4.56728e-01 1.58453e-01
1.05079e-01 4.83656e-01 1.62967e-01
5.12136e-02 5.00119e-01 1.65818e-01
-1.94120e-03 5.02226e-01 1.65867e-01
-5.23151e-02 4.95670e-01 1.65059e-01
-9.99732e-02 4.89086e-01 1.66275e-01
-1.44060e-01 4.70238e-01 1.65112e-01
-1.81371e-01 4.28875e-01 1.57259e-01
-2.12998e-01 3.81648e-01 1.48107e-01
-2.44933e-01 3.48625e-01 1.45740e-01
-2.79396e-01 3.24641e-01 1.49097e-01
-3.19495e-01 3.07579e-01 1.58827e-01
-3.67843e-01 2.94595e-01 1.76110e-01
-4.19920e-01 2.73295e-01 1.96313e-01
-4.63361e-01 2.30404e-01 2.09529e-01
-5.04727e-01 1.79424e-01 2.26246e-01
-5.31569e-01 1.13398e-01 2.36675e-01
-5.34844e-01 3.76574e-02 2.33241e-01
-5.17620e-01 -3.47583e-02 2.18739e-01
-4.79244e-01 -9.23133e-02 1.91532e-01
-4.44511e-01 -1.40515e-01 1.75350e-01
-4.10185e-01 -1.83724e-01 1.65532e-01
-3.74927e-01 -2.22750e-01 1.58781e-01
-3.39117e-01 -2.57150e-01 1.53229e-01
-3.04067e-01 -2.87048e-01 1.48335e-01
-2.70350e-01 -3.12759e-01 1.43922e-01
-2.38310e-01 -3.37776e-01 1.41388e-01
-2.07026e-01 -3.66158e-01 1.42055e-01
-1.74867e-01 -4.01046e-01 1.46697e-01
-1.37926e-01 -4.28878e-01 1.49946e-01
-9.67471e-02 -4.49231e-01 1.52043e-01
-5.22393e-02 -4.70941e-01 1.56297e-01
-3.37757e-03 -4.92441e-01 1.62249e-01
5.03408e-02 -5.10168e-01 1.68955e-01
1.08006e-01 -5.18652e-01 1.74845e-01
1.68310e-01 -5.18577e-01 1.80361e-01
2.24219e-01 -4.88242e-01 1.77363e-01
2.79361e-01 -4.55933e-01 1.75749e-01
3.39580e-01 -4.35252e-01 1.81544e-01
3.91796e-01 -3.95863e-01 1.82213e-01
4.30876e-01 -3.40221e-01 1.77082e-01
4.46496e-01 -2.65534e-01 1.60923e-01
4.44131e-01 -1.89086e-01 1.38952e-01
4.40302e-01 -1.27836e-01 1.21784e-01
4.38868e-01 -7.93514e-02 1.10626e-01
4.36958e-01 -3.79626e-02 1.03117e-01
4.49925e-01 -7.98968e-04 6.78495e-02
4.50659e-01 3.56517e-02 7.00071e-02
4.52248e-01 7.65033e-02 7.53617e-02
4.59615e-01 1.28311e-01 8.58006e-02
4.79383e-01 2.03485e-01 1.04592e-01
4.96514e-01 2.98467e-01 1.25848e-01
4.70055e-01 3.62966e-01 1.30495e-01
4.13875e-01 3.91354e-01 1.23683e-01
3.47056e-01 3.95821e-01 1.12726e-01
2.89399e-01 4.11467e-01 1.08001e-01
2.36247e-01 4.35218e-01 1.07247e-01
1.85172e-01 4.66876e-01 1.09741e-01
1.33288e-01 5.00630e-01 1.13846e-01
7.85929e-02 5.19025e-01 1.15622e-01
2.41176e-02 5.21411e-01 1.15155e-01
-2.74902e-02 5.12583e-01 1.13528e-01
-7.58789e-02 5.06446e-01 1.13785e-01
-1.20891e-01 4.89929e-01 1.12874e-01
-1.61511e-01 4.61365e-01 1.10226e-01
-1.94947e-01 4.13534e-01 1.03626e-01
-2.27022e-01 3.76790e-01 1.00437e-01
-2.60949e-01 3.50895e-01 1.01057e-01
-2.99850e-01 3.32957e-01 1.05434e-01
-3.47436e-01 3.21980e-01 1.14542e-01
-4.06854e-01 3.16036e-01 1.29942e-01
-4.63789e-01 2.89412e-01 1.42551e-01
-5.17125e-01 2.47987e-01 1.54594e-01
-5.54487e-01 1.86504e-01 1.60744e-01
-5.65916e-01 1.10289e-01 1.56616e-01
-5.77309e-01 3.77069e-02 1.59010e-01
-5.61556e-01 -3.49666e-02 1.50534e-01
-5.25011e-01 -9.47200e-02 1.34627e-01
-4.88764e-01 -1.45189e-01 1.24255e-01
-4.50662e-01 -1.89516e-01 1.17142e-01
-4.09115e-01 -2.26966e-01 1.10967e-01
-3.67034e-01 -2.59470e-01 1.06106e-01
-3.26639e-01 -2.88612e-01 1.02509e-01
-2.88657e-01 -3.13983e-01 9.94585e-02
-2.53833e-01 -3.37787e-01 9.73495e-02
-2.21540e-01 -3.63756e-01 9.69698e-02
-1.89766e-01 -3.94560e-01 9.87665e-02
-1.55151e-01 -4.24331e-01 1.01105e-01
-1.16846e-01 -4.51859e-01 1.03786e-01
-7.42315e-02 -4.69661e-01 1.05186e-01
-2.82618e-02 -4.86223e-01 1.07390e-01
2.15218e-02 -4.97299e-01 1.09517e-01
7.66050e-02 -5.20770e-01 1.15787e-01
1.35048e-01 -5.27647e-01 1.19837e-01
1.93215e-01 -5.14113e-01 1.20762e-01
2.47270e-01 -4.80000e-01 1.18142e-01
3.01883e-01 -4.49233e-01 1.17674e-01
3.60399e-01 -4.26664e-01 1.21144e-01
4.17964e-01 -3.99300e-01 1.25495e-01
4.63353e-01 -3.53337e-01 1.26003e-01
4.85502e-01 -2.85150e-01 1.18980e-01
4.67259e-01 -1.91982e-01 9.72678e-02
4.55927e-01 -1.25759e-01 8.26729e-02
4.51256e-01 -7.67790e-02 7.38636e-02
4.50151e-01 -3.69005e-02 6.92258e-02
4.61661e-01 -8.05306e-04 3.69814e-02
4.61903e-01 3.55237e-02 3.79586e-02
4.64502e-01 7.66651e-02 4.09007e-02
4.75014e-01 1.30404e-01 4.68206e-02
5.11514e-01 2.20194e-01 6.00112e-02
5.21653e-01 3.10995e-01 6.88710e-02
4.84123e-01 3.63134e-01 6.84874e-02
4.24857e-01 3.86775e-01 6.43077e-02
3.61284e-01 3.97590e-01 5.98421e-02
3.05583e-01 4.18991e-01 5.82317e-02
2.54098e-01 4.50330e-01 5.87396e-02
2.04194e-01 4.91831e-01 6.10479e-02
1.50477e-01 5.25027e-01 6.28972e-02
9.26314e-02 5.30374e-01 6.21975e-02
3.66328e-02 5.20727e-01 6.05504e-02
-1.50673e-02 5.11203e-01 5.95905e-02
-6.32074e-02 5.04439e-01 5.95408e-02
-1.07989e-01 4.88798e-01 5.90526e-02
-1.49662e-01 4.69046e-01 5.86333e-02
-1.85117e-01 4.28864e-01 5.61990e-02
-2.17693e-01 3.90555e-01 5.42879e-02
-2.51940e-01 3.62731e-01 5.41073e-02
-2.91347e-01 3.43445e-01 5.56943e-02
-3.39436e-01 3.31324e-01 5.93654e-02
-3.98197e-01 3.23246e-01 6.54591e-02
-4.58309e-01 3.01148e-01 7.11933e-02
-5.16782e-01 2.66157e-01 7.69018e-02
-5.71456e-01 2.19442e-01 8.31091e-02
-6.03289e-01 1.51660e-01 8.51181e-02
-6.31879e-01 8.03121e-02 8.93617e-02
-6.35644e-01 5.16458e-04 8.95333e-02
-5.89406e-01 -6.90645e-02 7.78184e-02
-5.49631e-01 -1.25485e-01 7.08952e-02
-5.10609e-01 -1.75355e-01 6.67556e-02
-4.65327e-01 -2.16190e-01 6.27608e-02
-4.20039e-01 -2.53761e-01 6.02434e-02
-3.70106e-01 -2.79742e-01 5.68589e-02
-3.24798e-01 -3.05427e-01 5.48582e-02
-2.83828e-01 -3.29677e-01 5.35276e-02
-2.47374e-01 -3.54101e-01 5.28327e-02
-2.13888e-01 -3.80347e-01 5.28521e-02
-1.79972e-01 -4.05268e-01 5.31046e-02
-1.43843e-01 -4.28689e-01 5.36212e-02
-1.05043e-01 -4.54070e-01 5.48336e-02
-6.20463e-02 -4.65907e-01 5.49863e-02
-1.62849e-02 -4.83634e-01 5.63174e-02
3.34671e-02 -4.97514e-01 5.77761e-02
8.79939e-02 -5.13709e-01 6.01195e-02
1.46933e-01 -5.25037e-01 6.26696e-02
2.06437e-01 -5.17649e-01 6.38905e-02
2.58957e-01 -4.78073e-01 6.19483e-02
3.10859e-01 -4.41063e-01 6.08771e-02
3.68274e-01 -4.17940e-01 6.24500e-02
4.32890e-01 -4.04073e-01 6.66775e-02
4.87106e-01 -3.69244e-01 6.91015e-02
5.13714e-01 -3.02941e-01 6.65269e-02
4.91493e-01 -2.02919e-01 5.47304e-02
4.70800e-01 -1.27971e-01 4.52626e-02
4.63832e-01 -7.72485e-02 4.02927e-02
4.61807e-01 -3.69090e-02 3.76953e-02
4.72141e-01 -8.10118e-04 6.11875e-03
4.72175e-01 3.68151e-02 6.12846e-03
4.75480e-01 7.95073e-02 6.13188e-03
4.89091e-01 1.36652e-01 6.11516e-03
5.33306e-01 2.35323e-01 6.03822e-03
5.35610e-01 3.22255e-01 6.05548e-03
4.87430e-01 3.63799e-01 6.17810e-03
4.22551e-01 3.79304e-01 6.33270e-03
3.66618e-01 4.04771e-01 6.46913e-03
3.13432e-01 4.34965e-01 6.60042e-03
2.63505e-01 4.76722e-01 6.72717e-03
2.13451e-01 5.27823e-01 6.85662e-03
1.53655e-01 5.42634e-01 6.99925e-03
9.23911e-02 5.29728e-01 7.13808e-03
3.54802e-02 5.03817e-01 7.26342e-03
-1.52109e-02 4.92728e-01 7.37819e-03
-6.25135e-02 4.91826e-01 7.48772e-03
-1.06931e-01 4.81234e-01 7.58807e-03
-1.47426e-01 4.57710e-01 7.67591e-03
-1.81862e-01 4.15410e-01 7.74484e-03
-2.15744e-01 3.82837e-01 7.81499e-03
-2.52692e-01 3.59680e-01 7.89472e-03
-2.96517e-01 3.44613e-01 7.99251e-03
-3.49999e-01 3.35331e-01 8.11423e-03
-4.05519e-01 3.13631e-01 8.23744e-03
-4.64761e-01 2.87492e-01 8.36813e-03
-5.28627e-01 2.58146e-01 8.50872e-03
-5.94448e-01 2.19885e-01 8.65151e-03
-6.51578e-01 1.63474e-01 8.76943e-03
-6.83634e-01 8.64935e-02 8.82381e-03
-6.88104e-01 6.01065e-04 8.81184e-03
-6.51641e-01 -7.80354e-02 8.70674e-03
-6.04954e-01 -1.41168e-01 8.58197e-03
-5.53601e-01 -1.91206e-01 8.44978e-03
-5.05799e-01 -2.37430e-01 8.32681e-03
-4.54722e-01 -2.76988e-01 8.19797e-03
-3.92955e-01 -2.94973e-01 8.04997e-03
-3.39699e-01 -3.16154e-01 7.92085e-03
-2.93313e-01 -3.39503e-01 7.80712e-03
-2.52945e-01 -3.64158e-01 7.70702e-03
-2.15750e-01 -3.85556e-01 7.61513e-03
-1.79603e-01 -4.04130e-01 7.52642e-03
-1.43019e-01 -4.24738e-01 7.43613e-03
-1.04117e-01 -4.46368e-01 7.34023e-03
-6.14882e-02 -4.56156e-01 7.23874e-03
-1.63842e-02 -4.71404e-01 7.13011e-03
3.29139e-02 -4.94489e-01 7.00968e-03
8.70092e-02 -5.10702e-01 6.87993e-03
1.45967e-01 -5.23792e-01 6.73969e-03
2.06492e-01 -5.20613e-01 6.60004e-03
2.60481e-01 -4.84315e-01 6.48420e-03
3.11844e-01 -4.44083e-01 6.37546e-03
3.69090e-01 -4.19739e-01 6.24892e-03
4.36216e-01 -4.09331e-01 6.09583e-03
4.98395e-01 -3.83515e-01 5.95825e-03
5.30042e-01 -3.18875e-01 5.90162e-03
5.06786e-01 -2.13692e-01 5.98295e-03
4.82807e-01 -1.33467e-01 6.05948e-03
4.74019e-01 -7.99793e-02 6.09377e-03
4.71742e-01 -3.81847e-02 6.10994e-03
4.80835e-01 -8.11776e-04 -2.85682e-02
4.86632e-01 4.01565e-02 -3.06996e-02
4.97780e-01 8.92311e-02 -3.54005e-02
5.23800e-01 1.58727e-01 -4.47706e-02
5.68343e-01 2.64776e-01 -5.99902e-02
5.46752e-01 3.34232e-01 -6.17792e-02
4.84076e-01 3.60018e-01 -5.54678e-02
4.20654e-01 3.77578e-01 -5.00906e-02
3.68321e-01 4.10012e-01 -4.86917e-02
3.19710e-01 4.52993e-01 -4.96026e-02
2.71182e-01 5.04174e-01 -5.20814e-02
2.14852e-01 5.37962e-01 -5.28838e-02
1.51599e-01 5.36669e-01 -5.02762e-02
8.88853e-02 5.05459e-01 -4.51690e-02
3.40398e-02 4.85922e-01 -4.22267e-02
-1.53416e-02 4.78140e-01 -4.12465e-02
-6.16904e-02 4.79912e-01 -4.19183e-02
-1.05075e-01 4.69054e-01 -4.17459e-02
-1.43103e-01 4.35819e-01 -3.94767e-02
-1.77253e-01 3.98859e-01 -3.70950e-02
-2.12172e-01 3.71956e-01 -3.62494e-02
-2.51558e-01 3.53369e-01 -3.68651e-02
-2.99220e-01 3.42307e-01 -3.91730e-02
-3.56959e-01 3.35647e-01 -4.32684e-02
-4.16129e-01 3.15526e-01 -4.66164e-02
-4.73764e-01 2.84576e-01 -4.96621e-02
-5.30218e-01 2.47259e-01 -5.34917e-02
-5.98561e-01 2.12584e-01 -6.20420e-02
-6.43969e-01 1.52212e-01 -6.66109e-02
-6.63337e-01 7.75278e-02 -6.72053e-02
-6.76086e-01 6.06469e-04 -6.90235e-02
-6.62677e-01 -7.63555e-02 -6.72867e-02
-6.39983e-01 -1.49745e-01 -6.60123e-02
-5.97792e-01 -2.11740e-01 -6.22634e-02
-5.44941e-01 -2.61353e-01 -5.78094e-02
-4.88101e-01 -3.02173e-01 -5.39772e-02
-4.22303e-01 -3.24226e-01 -4.85830e-02
-3.57692e-01 -3.35336e-01 -4.34652e-02
-3.04096e-01 -3.53258e-01 -4.11013e-02
-2.57843e-01 -3.72123e-01 -3.97716e-02
-2.16511e-01 -3.87227e-01 -3.85066e-02
-1.78813e-01 -4.02900e-01 -3.78186e-02
-1.41961e-01 -4.21806e-01 -3.80208e-02
-1.02917e-01 -4.38450e-01 -3.84457e-02
-6.08927e-02 -4.47930e-01 -3.85777e-02
-1.64792e-02 -4.60381e-01 -3.95804e-02
3.17246e-02 -4.81692e-01 -4.21271e-02
8.45296e-02 -4.97586e-01 -4.46855e-02
1.42003e-01 -5.09524e-01 -4.75251e-02
2.03000e-01 -5.13892e-01 -5.03443e-02
2.58816e-01 -4.85765e-01 -5.00407e-02
3.10269e-01 -4.45849e-01 -4.88435e-02
3.67433e-01 -4.21407e-01 -5.05210e-02
4.35034e-01 -4.11744e-01 -5.57942e-02
5.02237e-01 -3.92101e-01 -6.14790e-02
5.38188e-01 -3.29850e-01 -6.06282e-02
5.31205e-01 -2.35819e-01 -5.16962e-02
4.95811e-01 -1.42506e-01 -3.83428e-02
4.82849e-01 -8.42798e-02 -3.18644e-02
4.79359e-01 -4.01325e-02 -2.89263e-02
4.89133e-01 -8.10896e-04 -7.12280e-02
4.96184e-01 4.41340e-02 -7.57477e-02
5.12788e-01 9.92725e-02 -8.72681e-02
5.32758e-01 1.69948e-01 -1.03086e-01
5.59555e-01 2.65602e-01 -1.25680e-01
5.30877e-01 3.29113e-01 -1.26725e-01
4.69725e-01 3.56831e-01 -1.15523e-01
4.13994e-01 3.87384e-01 -1.09504e-01
3.63891e-01 4.27816e-01 -1.09029e-01
3.13644e-01 4.72590e-01 -1.11204e-01
2.57759e-01 5.07215e-01 -1.11946e-01
1.96642e-01 5.22741e-01 -1.09491e-01
1.32093e-01 5.04871e-01 -1.00941e-01
7.31015e-02 4.81894e-01 -9.31160e-02
2.08027e-02 4.69863e-01 -8.93101e-02
-2.71692e-02 4.67051e-01 -8.88458e-02
-7.20763e-02 4.60256e-01 -8.86609e-02
-1.12941e-01 4.39493e-01 -8.63739e-02
-1.48393e-01 4.02855e-01 -8.11662e-02
-1.82639e-01 3.73427e-01 -7.82954e-02
-2.19679e-01 3.51895e-01 -7.80341e-02
-2.63585e-01 3.37568e-01 -8.06178e-02
-3.17764e-01 3.30512e-01 -8.70070e-02
-3.81648e-01 3.24915e-01 -9.67626e-02
-4.40659e-01 2.98078e-01 -1.02465e-01
-4.98709e-01 2.64901e-01 -1.09477e-01
-5.55588e-01 2.25530e-01 -1.18789e-01
-6.05330e-01 1.74503e-01 -1.28004e-01
-6.28287e-01 1.06320e-01 -1.28450e-01
-6.46885e-01 3.68102e-02 -1.31820e-01
-6.52969e-01 -3.62799e-02 -1.34595e-01
-6.50340e-01 -1.12328e-01 -1.38675e-01
-6.43346e-01 -1.94268e-01 -1.46018e-01
-5.99522e-01 -2.58884e-01 -1.40204e-01
-5.31034e-01 -2.96572e-01 -1.25514e-01
-4.62031e-01 -3.23090e-01 -1.13062e-01
-3.95155e-01 -3.42288e-01 -1.03165e-01
-3.31840e-01 -3.54535e-01 -9.48255e-02
-2.77605e-01 -3.69205e-01 -8.99985e-02
-2.30396e-01 -3.81534e-01 -8.61977e-02
-1.89357e-01 -3.94443e-01 -8.37556e-02
-1.51543e-01 -4.11140e-01 -8.32544e-02
-1.13116e-01 -4.28934e-01 -8.39892e-02
-7.16107e-02 -4.37469e-01 -8.36223e-02
-2.79152e-02 -4.47299e-01 -8.46839e-02
1.88757e-02 -4.64207e-01 -8.84712e-02
7.05413e-02 -4.86819e-01 -9.47828e-02
1.26282e-01 -4.97237e-01 -9.97250e-02
1.85504e-01 -4.99951e-01 -1.04503e-01
2.43519e-01 -4.82690e-01 -1.06142e-01
2.96383e-01 -4.46261e-01 -1.04337e-01
3.52989e-01 -4.20226e-01 -1.06936e-01
4.14330e-01 -4.00125e-01 -1.13684e-01
4.78188e-01 -3.77870e-01 -1.23213e-01
5.24218e-01 -3.28575e-01 -1.26087e-01
5.41392e-01 -2.54475e-01 -1.18943e-01
5.09436e-01 -1.57778e-01 -9.32867e-02
4.92281e-01 -9.24684e-02 -7.82936e-02
4.87476e-01 -4.39440e-02 -7.19032e-02
5.01848e-01 -8.11633e-04 -1.28502e-01
5.08616e-01 5.04743e-02 -1.34762e-01
5.13616e-01 1.07044e-01 -1.44023e-01
5.31494e-01 1.81132e-01 -1.66978e-01
5.39000e-01 2.66000e-01 -1.89035e-01
4.97969e-01 3.17793e-01 -1.83292e-01
4.47663e-01 3.59353e-01 -1.75919e-01
3.99463e-01 4.05620e-01 -1.74954e-01
3.47662e-01 4.49561e-01 -1.75477e-01
2.87443e-01 4.75703e-01 -1.71066e-01
2.25207e-01 4.91243e-01 -1.65578e-01
1.61884e-01 4.89953e-01 -1.56864e-01
1.01631e-01 4.78811e-01 -1.47572e-01
4.63314e-02 4.63356e-01 -1.39341e-01
-3.67460e-03 4.56292e-01 -1.36186e-01
-4.99721e-02 4.46725e-01 -1.34104e-01
-9.21008e-02 4.27382e-01 -1.30412e-01
-1.28994e-01 3.95262e-01 -1.23611e-01
-1.63356e-01 3.65576e-01 -1.18705e-01
-1.99308e-01 3.41484e-01 -1.16752e-01
-2.41383e-01 3.23797e-01 -1.18447e-01
-2.93170e-01 3.13227e-01 -1.25319e-01
-3.55945e-01 3.08175e-01 -1.38767e-01
-4.20952e-01 2.92573e-01 -1.52434e-01
-4.83480e-01 2.65056e-01 -1.66011e-01
-5.47910e-01 2.31803e-01 -1.85196e-01
-5.82713e-01 1.70292e-01 -1.87598e-01
-6.02736e-01 1.02858e-01 -1.86284e-01
-6.19731e-01 3.54645e-02 -1.90091e-01
-6.24315e-01 -3.47645e-02 -1.92849e-01
-6.31123e-01 -1.10672e-01 -2.04914e-01
-6.27449e-01 -1.92974e-01 -2.17557e-01
-5.88230e-01 -2.60419e-01 -2.12132e-01
-5.18014e-01 -2.96559e-01 -1.89216e-01
-4.46339e-01 -3.19573e-01 -1.68923e-01
-3.80286e-01 -3.40450e-01 -1.55737e-01
-3.16957e-01 -3.54008e-01 -1.44452e-01
-2.60059e-01 -3.62737e-01 -1.35097e-01
-2.12323e-01 -3.73557e-01 -1.29426e-01
-1.71366e-01 -3.87991e-01 -1.26987e-01
-1.32808e-01 -4.04542e-01 -1.26780e-01
-9.26409e-02 -4.16113e-01 -1.26310e-01
-5.00801e-02 -4.23158e-01 -1.25992e-01
-5.12528e-03 -4.34936e-01 -1.29109e-01
4.35392e-02 -4.52136e-01 -1.35931e-01
9.71660e-02 -4.70704e-01 -1.45308e-01
1.54212e-01 -4.75868e-01 -1.52346e-01
2.13484e-01 -4.70520e-01 -1.58210e-01
2.71454e-01 -4.49808e-01 -1.60947e-01
3.25612e-01 -4.16128e-01 -1.60963e-01
3.81704e-01 -3.86647e-01 -1.65696e-01
4.43726e-01 -3.63953e-01 -1.78219e-01
5.02995e-01 -3.31539e-01 -1.91696e-01
5.33519e-01 -2.67003e-01 -1.88900e-01
5.29448e-01 -1.83728e-01 -1.68223e-01
5.20905e-01 -1.12840e-01 -1.50687e-01
5.05560e-01 -5.16736e-02 -1.33472e-01
5.13440e-01 -8.06925e-04 -2.01603e-01
5.09159e-01 5.51888e-02 -1.99825e-01
5.15095e-01 1.17154e-01 -2.13620e-01
5.22254e-01 1.90369e-01 -2.36017e-01
5.10979e-01 2.63583e-01 -2.50129e-01
4.68354e-01 3.14329e-01 -2.42628e-01
4.25360e-01 3.67441e-01 -2.42363e-01
3.74233e-01 4.12399e-01 -2.40234e-01
3.13067e-01 4.38038e-01 -2.30596e-01
2.48748e-01 4.49007e-01 -2.17886e-01
1.85261e-01 4.48840e-01 -2.04289e-01
1.27004e-01 4.52237e-01 -1.96834e-01
7.16214e-02 4.47882e-01 -1.89103e-01
2.01580e-02 4.38594e-01 -1.82175e-01
-2.72094e-02 4.29708e-01 -1.78303e-01
-7.03087e-02 4.10089e-01 -1.71948e-01
-1.07941e-01 3.78833e-01 -1.62123e-01
-1.42776e-01 3.53486e-01 -1.56855e-01
-1.77775e-01 3.29922e-01 -1.53736e-01
-2.17274e-01 3.09398e-01 -1.53475e-01
-2.65383e-01 2.95024e-01 -1.59002e-01
-3.25248e-01 2.89577e-01 -1.74827e-01
-3.94523e-01 2.84826e-01 -1.99358e-01
-4.56223e-01 2.58034e-01 -2.16419e-01
-5.14145e-01 2.21226e-01 -2.35408e-01
-5.56520e-01 1.67452e-01 -2.46407e-01
-5.76213e-01 1.01157e-01 -2.44641e-01
-5.90894e-01 3.46595e-02 -2.47769e-01
-5.93647e-01 -3.37870e-02 -2.49627e-01
-5.97673e-01 -1.06621e-01 -2.62530e-01
-5.91341e-01 -1.84273e-01 -2.75937e-01
-5.53135e-01 -2.48177e-01 -2.68682e-01
-4.95152e-01 -2.93018e-01 -2.50115e-01
-4.25986e-01 -3.18040e-01 -2.25807e-01
-3.56591e-01 -3.31723e-01 -2.03852e-01
-2.91147e-01 -3.36645e-01 -1.84485e-01
-2.36307e-01 -3.45308e-01 -1.73368e-01
-1.90604e-01 -3.58052e-01 -1.68048e-01
-1.50433e-01 -3.72911e-01 -1.66054e-01
-1.11599e-01 -3.87701e-01 -1.65953e-01
-7.06743e-02 -3.93860e-01 -1.63818e-01
-2.78176e-02 -4.01807e-01 -1.65026e-01
1.78478e-02 -4.13439e-01 -1.70475e-01
6.73233e-02 -4.26864e-01 -1.79434e-01
1.20896e-01 -4.36221e-01 -1.89463e-01
1.79125e-01 -4.43080e-01 -2.01863e-01
2.39910e-01 -4.39528e-01 -2.13150e-01
2.97389e-01 -4.15580e-01 -2.17620e-01
3.50648e-01 -3.80065e-01 -2.19237e-01
4.04547e-01 -3.46140e-01 -2.26404e-01
4.58019e-01 -3.10162e-01 -2.38387e-01
4.91456e-01 -2.51971e-01 -2.36744e-01
5.10250e-01 -1.86826e-01 -2.29284e-01
5.24867e-01 -1.24527e-01 -2.25798e-01
5.19517e-01 -5.94634e-02 -2.10910e-01
5.07930e-01 -7.81100e-04 -2.75913e-01
5.04695e-01 6.09336e-02 -2.75267e-01
5.01904e-01 1.25396e-01 -2.84398e-01
4.93446e-01 1.93887e-01 -2.97485e-01
4.72667e-01 2.62035e-01 -3.07584e-01
4.36223e-01 3.22345e-01 -3.09878e-01
3.84867e-01 3.67388e-01 -3.02229e-01
3.23800e-01 3.94815e-01 -2.86915e-01
2.57087e-01 4.01387e-01 -2.63820e-01
1.96035e-01 4.10105e-01 -2.50014e-01
1.37208e-01 4.10863e-01 -2.36756e-01
8.30159e-02 4.13854e-01 -2.29924e-01
3.18701e-02 4.11414e-01 -2.23918e-01
-1.58437e-02 4.03475e-01 -2.18452e-01
-5.92321e-02 3.83526e-01 -2.09220e-01
-9.69842e-02 3.52765e-01 -1.96213e-01
-1.31622e-01 3.27785e-01 -1.89112e-01
-1.66998e-01 3.07196e-01 -1.86689e-01
-2.07293e-01 2.89253e-01 -1.88010e-01
-2.56724e-01 2.77238e-01 -1.97266e-01
-3.17250e-01 2.71334e-01 -2.18393e-01
-3.86820e-01 2.64886e-01 -2.50766e-01
-4.47260e-01 2.35175e-01 -2.72784e-01
-5.02075e-01 1.94031e-01 -2.96040e-01
-5.29853e-01 1.31755e-01 -2.96662e-01
-5.53173e-01 6.82945e-02 -3.04442e-01
-5.59526e-01 5.25271e-04 -3.04697e-01
-5.58786e-01 -6.82121e-02 -3.09154e-01
-5.54420e-01 -1.40860e-01 -3.21991e-01
-5.30896e-01 -2.10248e-01 -3.24877e-01
-4.79564e-01 -2.59711e-01 -3.05131e-01
-4.19744e-01 -2.96312e-01 -2.84067e-01
-3.53037e-01 -3.16526e-01 -2.59222e-01
-2.84078e-01 -3.17125e-01 -2.28760e-01
-2.28483e-01 -3.26697e-01 -2.14615e-01
-1.81998e-01 -3.40546e-01 -2.08546e-01
-1.40831e-01 -3.54423e-01 -2.05564e-01
-1.01138e-01 -3.66182e-01 -2.03903e-01
-5.99766e-02 -3.72238e-01 -2.01659e-01
-1.67623e-02 -3.79876e-01 -2.03744e-01
2.93436e-02 -3.88650e-01 -2.09969e-01
7.86081e-02 -3.94086e-01 -2.17790e-01
1.31629e-01 -3.97909e-01 -2.28711e-01
1.90429e-01 -4.05045e-01 -2.46919e-01
2.52901e-01 -4.04036e-01 -2.66010e-01
3.08763e-01 -3.75092e-01 -2.70999e-01
3.57131e-01 -3.31622e-01 -2.69368e-01
4.01653e-01 -2.86164e-01 -2.70763e-01
4.40052e-01 -2.36627e-01 -2.73383e-01
4.74397e-01 -1.85162e-01 -2.80620e-01
5.05562e-01 -1.30321e-01 -2.93343e-01
5.15443e-01 -6.54217e-02 -2.90190e-01
4.85385e-01 -7.35803e-04 -3.45335e-01
4.76967e-01 6.26252e-02 -3.37946e-01
4.74056e-01 1.29457e-01 -3.51422e-01
4.58947e-01 1.96861e-01 -3.61598e-01
4.30168e-01 2.60396e-01 -3.66177e-01
3.83278e-01 3.08478e-01 -3.55304e-01
3.24398e-01 3.37537e-01 -3.32870e-01
2.59597e-01 3.46699e-01 -3.02181e-01
2.02196e-01 3.62176e-01 -2.88234e-01
1.47071e-01 3.75005e-01 -2.79340e-01
9.33619e-02 3.78793e-01 -2.69259e-01
4.27913e-02 3.78969e-01 -2.62025e-01
-4.61825e-03 3.76335e-01 -2.57831e-01
-4.82933e-02 3.60241e-01 -2.48085e-01
-8.63772e-02 3.30765e-01 -2.31931e-01
-1.20957e-01 3.05684e-01 -2.22312e-01
-1.56008e-01 2.85095e-01 -2.18798e-01
-1.96377e-01 2.69299e-01 -2.22327e-01
-2.45043e-01 2.56948e-01 -2.34030e-01
-3.04200e-01 2.49543e-01 -2.60128e-01
-3.72951e-01 2.41834e-01 -3.02007e-01
-4.34931e-01 2.12945e-01 -3.35815e-01
-4.80628e-01 1.63304e-01 -3.54763e-01
-5.02357e-01 9.90117e-02 -3.52765e-01
-5.14185e-01 3.35477e-02 -3.52707e-01
-5.16465e-01 -3.27602e-02 -3.54734e-01
-5.12530e-01 -1.00841e-01 -3.63514e-01
-4.92829e-01 -1.66986e-01 -3.65211e-01
-4.50604e-01 -2.19763e-01 -3.48144e-01
-4.01509e-01 -2.65223e-01 -3.34242e-01
-3.40399e-01 -2.92361e-01 -3.09672e-01
-2.75056e-01 -3.00358e-01 -2.77605e-01
-2.19375e-01 -3.10444e-01 -2.59268e-01
-1.72349e-01 -3.23617e-01 -2.50723e-01
-1.30469e-01 -3.35509e-01 -2.45518e-01
-9.01087e-02 -3.42985e-01 -2.40553e-01
-4.89915e-02 -3.48586e-01 -2.38248e-01
-5.76430e-03 -3.54250e-01 -2.40374e-01
3.99849e-02 -3.56519e-01 -2.44421e-01
8.82980e-02 -3.56189e-01 -2.51243e-01
1.40368e-01 -3.57067e-01 -2.64491e-01
1.96494e-01 -3.55583e-01 -2.82477e-01
2.54471e-01 -3.45026e-01 -3.00505e-01
3.06669e-01 -3.14499e-01 -3.07369e-01
3.52292e-01 -2.73141e-01 -3.09729e-01
3.92452e-01 -2.27242e-01 -3.13653e-01
4.33949e-01 -1.82817e-01 -3.31085e-01
4.79289e-01 -1.35235e-01 -3.64916e-01
4.92563e-01 -6.83334e-02 -3.63418e-01
4.49728e-01 -6.75666e-04 -4.10430e-01
4.47945e-01 6.68386e-02 -4.14365e-01
4.33775e-01 1.33204e-01 -4.14998e-01
4.04244e-01 1.93004e-01 -4.06383e-01
3.62149e-01 2.42508e-01 -3.90803e-01
3.05740e-01 2.71417e-01 -3.58283e-01
2.46360e-01 2.86558e-01 -3.24848e-01
1.92850e-01 3.05216e-01 -3.09702e-01
1.41981e-01 3.25362e-01 -3.05357e-01
9.14716e-02 3.39242e-01 -3.01883e-01
4.21044e-02 3.44616e-01 -2.97043e-01
-4.88257e-03 3.40418e-01 -2.89846e-01
-4.76691e-02 3.19519e-01 -2.73011e-01
-8.52278e-02 2.94755e-01 -2.57663e-01
-1.20158e-01 2.73737e-01 -2.50132e-01
-1.56668e-01 2.56137e-01 -2.49845e-01
-1.99058e-01 2.41558e-01 -2.57820e-01
-2.49975e-01 2.29913e-01 -2.77919e-01
-3.10681e-01 2.20316e-01 -3.16327e-01
-3.75082e-01 2.01123e-01 -3.64091e-01
-4.23310e-01 1.56648e-01 -3.89510e-01
-4.50452e-01 9.66843e-02 -3.93916e-01
-4.60501e-01 3.23928e-02 -3.88770e-01
-4.61113e-01 -3.14861e-02 -3.87879e-01
-4.50354e-01 -9.44981e-02 -3.87269e-01
-4.24821e-01 -1.52882e-01 -3.80235e-01
-3.86182e-01 -2.03222e-01 -3.68066e-01
-3.40093e-01 -2.47354e-01 -3.58802e-01
-2.80407e-01 -2.68400e-01 -3.28908e-01
-2.23585e-01 -2.81216e-01 -3.03790e-01
-1.74448e-01 -2.94417e-01 -2.90096e-01
-1.31411e-01 -3.08249e-01 -2.84105e-01
-9.03759e-02 -3.16489e-01 -2.77807e-01
-4.90184e-02 -3.21036e-01 -2.73436e-01
-5.85051e-03 -3.23550e-01 -2.72976e-01
3.94996e-02 -3.22582e-01 -2.75269e-01
8.71266e-02 -3.19753e-01 -2.82157e-01
1.36643e-01 -3.11681e-01 -2.90764e-01
1.88344e-01 -3.00318e-01 -3.03910e-01
2.43476e-01 -2.88120e-01 -3.26453e-01
2.96250e-01 -2.63335e-01 -3.45739e-01
3.41969e-01 -2.24830e-01 -3.58193e-01
3.83909e-01 -1.80709e-01 -3.75859e-01
4.19712e-01 -1.28801e-01 -3.96135e-01
4.42861e-01 -6.73538e-02 -4.09139e-01
3.93077e-01 -5.96736e-04 -4.49260e-01
3.87990e-01 6.59734e-02 -4.49053e-01
3.64695e-01 1.26932e-01 -4.34430e-01
3.25159e-01 1.75270e-01 -4.05699e-01
2.71834e-01 2.03444e-01 -3.59959e-01
2.21521e-01 2.27739e-01 -3.33067e-01
1.73473e-01 2.52144e-01 -3.22305e-01
1.26269e-01 2.77105e-01 -3.23098e-01
7.84582e-02 2.97921e-01 -3.27442e-01
3.00551e-02 3.05389e-01 -3.24484e-01
-1.61869e-02 2.94792e-01 -3.09369e-01
-5.74694e-02 2.74745e-01 -2.91480e-01
-9.44490e-02 2.54265e-01 -2.79875e-01
-1.30543e-01 2.35804e-01 -2.76552e-01
-1.70048e-01 2.18986e-01 -2.81769e-01
-2.16093e-01 2.03480e-01 -2.98732e-01
-2.69057e-01 1.87089e-01 -3.31061e-01
-3.24561e-01 1.62494e-01 -3.74137e-01
-3.67452e-01 1.18433e-01 -4.00857e-01
-3.94528e-01 6.22929e-02 -4.15386e-01
-4.01610e-01 3.61097e-04 -4.13470e-01
-3.94943e-01 -6.09227e-02 -4.09905e-01
-3.73161e-01 -1.18025e-01 -4.00623e-01
-3.40974e-01 -1.70431e-01 -3.94184e-01
-2.96016e-01 -2.12052e-01 -3.79373e-01
-2.41442e-01 -2.35704e-01 -3.50200e-01
-1.89819e-01 -2.52669e-01 -3.28493e-01
-1.44008e-01 -2.68208e-01 -3.17300e-01
-1.02069e-01 -2.82240e-01 -3.12849e-01
-6.02669e-02 -2.89788e-01 -3.08012e-01
-1.68920e-02 -2.92454e-01 -3.05397e-01
2.85677e-02 -2.90434e-01 -3.05703e-01
7.57277e-02 -2.83916e-01 -3.09433e-01
1.23837e-01 -2.71547e-01 -3.15207e-01
1.73412e-01 -2.56706e-01 -3.28288e-01
2.24749e-01 -2.38931e-01 -3.50717e-01
2.78196e-01 -2.16924e-01 -3.85437e-01
3.27006e-01 -1.80991e-01 -4.18363e-01
3.61308e-01 -1.27643e-01 -4.33441e-01
3.81360e-01 -6.56673e-02 -4.38427e-01
3.16247e-01 -5.05759e-04 -4.39475e-01
3.10122e-01 5.96642e-02 -4.38363e-01
2.81300e-01 1.10249e-01 -4.07493e-01
2.41663e-01 1.48292e-01 -3.72222e-01
1.99312e-01 1.79500e-01 -3.49623e-01
1.55732e-01 2.07513e-01 -3.40245e-01
1.11401e-01 2.34838e-01 -3.43672e-01
6.54876e-02 2.58469e-01 -3.52888e-01
1.77884e-02 2.62779e-01 -3.45231e-01
-2.69515e-02 2.47173e-01 -3.21169e-01
-6.67384e-02 2.30951e-01 -3.07393e-01
-1.03422e-01 2.13009e-01 -3.00329e-01
-1.40664e-01 1.95011e-01 -3.02167e-01
-1.81765e-01 1.76517e-01 -3.14863e-01
-2.27015e-01 1.55047e-01 -3.39936e-01
-2.71657e-01 1.24811e-01 -3.71261e-01
-3.09378e-01 8.29435e-02 -4.03209e-01
-3.34818e-01 2.99946e-02 -4.31623e-01
-3.37563e-01 -2.96369e-02 -4.34733e-01
-3.19990e-01 -8.58021e-02 -4.20433e-01
-2.89019e-01 -1.34590e-01 -4.03547e-01
-2.46203e-01 -1.71367e-01 -3.78692e-01
-2.00618e-01 -2.00610e-01 -3.61231e-01
-1.54770e-01 -2.20577e-01 -3.44504e-01
-1.12305e-01 -2.37418e-01 -3.36938e-01
-7.10182e-02 -2.50798e-01 -3.35272e-01
-2.80365e-02 -2.57116e-01 -3.34038e-01
1.73115e-02 -2.57238e-01 -3.35530e-01
6.41938e-02 -2.49589e-01 -3.37981e-01
1.11509e-01 -2.35728e-01 -3.44004e-01
1.59159e-01 -2.17829e-01 -3.58227e-01
2.07338e-01 -1.95735e-01 -3.83936e-01
2.52236e-01 -1.63071e-01 -4.11811e-01
2.84012e-01 -1.14297e-01 -4.20665e-01
3.03250e-01 -5.86750e-02 -4.22666e-01
2.48200e-01 -4.24053e-04 -4.35199e-01
2.40307e-01 5.43593e-02 -4.30022e-01
2.11345e-01 9.83770e-02 -3.93269e-01
1.77196e-01 1.35400e-01 -3.72852e-01
1.38779e-01 1.67709e-01 -3.65496e-01
9.71450e-02 1.96811e-01 -3.69963e-01
5.20389e-02 2.16928e-01 -3.73347e-01
5.56019e-03 2.15960e-01 -3.55237e-01
-3.70900e-02 2.03886e-01 -3.34772e-01
-7.55735e-02 1.89542e-01 -3.25543e-01
-1.11877e-01 1.71646e-01 -3.23374e-01
-1.49028e-01 1.51446e-01 -3.31787e-01
-1.87001e-01 1.25828e-01 -3.47668e-01
-2.22254e-01 9.24331e-02 -3.68672e-01
-2.48700e-01 4.98569e-02 -3.88626e-01
-2.63375e-01 1.92173e-04 -4.10722e-01
-2.57830e-01 -5.22216e-02 -4.11701e-01
-2.34774e-01 -9.90996e-02 -3.98375e-01
-2.00128e-01 -1.36650e-01 -3.79863e-01
-1.60993e-01 -1.66610e-01 -3.67100e-01
-1.20339e-01 -1.87917e-01 -3.55615e-01
-8.02896e-02 -2.04569e-01 -3.52422e-01
-3.87521e-02 -2.15503e-01 -3.54223e-01
5.53625e-03 -2.17544e-01 -3.56179e-01
5.16411e-02 -2.11703e-01 -3.61420e-01
9.75773e-02 -1.96831e-01 -3.68303e-01
1.41991e-01 -1.74880e-01 -3.81374e-01
1.82346e-01 -1.43791e-01 -3.96731e-01
2.13693e-01 -1.01695e-01 -4.04797e-01
2.36352e-01 -5.37844e-02 -4.17914e-01
1.87518e-01 -3.49917e-04 -4.36343e-01
1.74948e-01 5.04278e-02 -4.13519e-01
1.49273e-01 9.34084e-02 -3.93887e-01
1.14837e-01 1.29267e-01 -3.85290e-01
7.44238e-02 1.59219e-01 -3.89310e-01
2.87731e-02 1.73541e-01 -3.81294e-01
-1.64518e-02 1.68843e-01 -3.57501e-01
-5.72374e-02 1.56526e-01 -3.42833e-01
-9.46099e-02 1.39919e-01 -3.42030e-01
-1.30000e-01 1.16836e-01 -3.49408e-01
-1.62278e-01 8.57709e-02 -3.61944e-01
-1.86557e-01 4.61141e-02 -3.75050e-01
-1.97827e-01 1.06422e-04 -3.87456e-01
-1.91395e-01 -4.74715e-02 -3.88448e-01
-1.69525e-01 -9.03768e-02 -3.83002e-01
-1.36943e-01 -1.24237e-01 -3.72661e-01
-9.94742e-02 -1.48363e-01 -3.63293e-01
-5.96969e-02 -1.64609e-01 -3.60757e-01
-1.68821e-02 -1.72459e-01 -3.64006e-01
2.84888e-02 -1.68972e-01 -3.67888e-01
7.40137e-02 -1.55871e-01 -3.78024e-01
1.15528e-01 -1.30144e-01 -3.85947e-01
1.50431e-01 -9.51571e-02 -3.99037e-01
1.75519e-01 -5.14280e-02 -4.16432e-01
1.29064e-01 -2.82667e-04 -4.21263e-01
1.18437e-01 4.55970e-02 -4.07817e-01
9.28363e-02 8.38887e-02 -3.95009e-01
5.73722e-02 1.13514e-01 -3.92971e-01
1.53873e-02 1.28307e-01 -3.84210e-01
-2.67706e-02 1.26346e-01 -3.67829e-01
-6.49439e-02 1.13553e-01 -3.59909e-01
-9.84730e-02 9.18899e-02 -3.62681e-01
-1.25544e-01 6.05967e-02 -3.69207e-01
-1.41741e-01 2.13432e-02 -3.75063e-01
-1.42862e-01 -2.14466e-02 -3.78195e-01
-1.28614e-01 -6.23398e-02 -3.80528e-01
-1.01451e-01 -9.50377e-02 -3.75316e-01
-6.67646e-02 -1.16911e-01 -3.70210e-01
-2.73150e-02 -1.28106e-01 -3.71692e-01
1.52266e-02 -1.26223e-01 -3.75090e-01
5.72893e-02 -1.12311e-01 -3.85969e-01
9.35228e-02 -8.48640e-02 -3.97186e-01
1.19642e-01 -4.68482e-02 -4.14742e-01
7.69790e-02 -2.20805e-04 -4.15357e-01
6.25004e-02 4.52432e-02 -4.01285e-01
2.74588e-02 7.62806e-02 -3.89944e-01
-1.66058e-02 8.57928e-02 -3.80328e-01
-5.77067e-02 7.29589e-02 -3.73988e-01
-8.78367e-02 4.23120e-02 -3.75909e-01
-9.93405e-02 -1.65170e-05 -3.75436e-01
-8.88383e-02 -4.29368e-02 -3.81137e-01
-5.86008e-02 -7.43468e-02 -3.80570e-01
-1.68257e-02 -8.69890e-02 -3.84492e-01
2.77481e-02 -7.72980e-02 -3.93381e-01
6.36027e-02 -4.67940e-02 -4.12388e-01
2.81540e-02 -1.64465e-04 -4.03409e-01
5.14912e-03 3.79330e-02 -3.93205e-01
-3.77862e-02 3.72682e-02 -3.86865e-01
-5.84112e-02 -6.45312e-05 -3.82401e-01
-3.80634e-02 -3.78400e-02 -3.91271e-01
5.31911e-03 -3.90047e-02 -4.02299e-01
-1.67410e-02 -1.12373e-04 -3.93535e-01
4.20758e-01 -3.38404e-02 -4.34534e-01
3.49280e-01 -3.11416e-02 -4.41013e-01
-5.49823e-01 -2.24464e-01 -2.56624e-02
-5.01627e-01 -2.72279e-01 -2.45629e-02
4.68887e-01 -3.36565e-02 -3.83455e-01
5.12573e-01 -3.07930e-02 -2.41618e-01
5.17686e-01 3.51127e-01 -2.66041e-02
4.99608e-01 -3.26684e-02 -3.16665e-01
-6.03534e-01 -1.76256e-01 -2.85076e-02
5.55612e-01 2.97278e-01 -2.71691e-02
4.51215e-01 3.67712e-01 -2.32529e-02
-5.56256e-01 -1.58856e-01 3.88131e-02
5.07398e-01 -2.73691e-02 -1.64471e-01
-5.10380e-01 -2.05276e-01 3.62654e-02
5.30630e-01 -2.76003e-01 -2.44507e-02
5.11516e-01 3.45188e-01 3.79559e-02
5.00412e-01 -1.75870e-01 -1.79373e-02
5.15558e-01 -2.61956e-01 3.44603e-02
5.25040e-01 -3.65187e-01 -2.77334e-02
4.55642e-01 3.75327e-01 3.59252e-02
4.85624e-01 -1.65657e-01 2.80710e-02
5.12062e-01 -3.49165e-01 3.82399e-02
4.94973e-01 -2.40879e-02 -9.88667e-02
4.69885e-01 -4.02988e-01 -2.58246e-02
5.22323e-01 1.90585e-01 -2.02979e-02
4.65585e-01 -3.95411e-01 3.79339e-02
4.82549e-01 -1.07981e-01 -1.37224e-02
5.31348e-01 2.75605e-01 3.65482e-02
-2.74801e-01 1.58204e-01 -3.55455e-01
3.93814e-01 3.91724e-01 -2.15916e-02
-6.43529e-01 -1.12625e-01 -3.05799e-02
3.94128e-01 3.92916e-01 3.37792e-02
-3.22039e-01 1.95252e-01 -3.49836e-01
4.71795e-01 -1.02973e-01 2.44347e-02
-6.03539e-01 -1.05426e-01 4.27122e-02
5.10915e-01 2.61383e-02 -1.66527e-01
4.00589e-01 -4.11954e-01 3.58029e-02
4.83283e-01 -2.13196e-02 -4.87170e-02
-4.41683e-01 -3.01867e-01 -2.23019e-02
-2.62308e-01 2.10389e-01 -3.05102e-01
4.00652e-01 -4.13864e-01 -2.26125e-02
4.76256e-01 -5.97148e-02 -1.15136e-02
5.11546e-01 2.89817e-02 -2.39259e-01
4.92334e-01 1.11858e-01 -1.47388e-02
4.96319e-01 1.72661e-01 2.97253e-02
2.75232e-01 -2.76710e-02 -4.26835e-01
-2.24048e-01 2.31898e-02 -3.89627e-01
-4.62555e-01 -2.45479e-01 3.43589e-02
4.94957e-01 3.10819e-02 -3.08957e-01
4.97285e-01 2.24050e-02 -9.98710e-02
4.67309e-01 -5.73102e-02 2.25308e-02
4.75541e-01 -1.98248e-02 -1.06369e-02
4.86819e-01 1.98880e-02 -4.98956e-02
4.81812e-01 6.00107e-02 -1.21126e-02
5.12293e-01 8.18843e-02 -1.71919e-01
5.51624e-01 2.15538e-01 -8.45688e-02
3.36773e-01 4.13524e-01 3.26166e-02
5.23515e-01 1.30750e-01 -6.86662e-02
4.84235e-01 -6.39233e-02 -5.09944e-02
4.92965e-01 -1.16291e-01 -5.82169e-02
4.77964e-01 1.83829e-02 -1.09146e-02
4.74232e-01 1.03143e-01 2.51186e-02
4.98586e-01 6.69268e-02 -5.60327e-02
3.42522e-01 4.26146e-01 -2.12906e-02
5.61771e-01 3.07885e-01 -9.72247e-02
5.18649e-01 -1.93684e-01 -7.36640e-02
5.10279e-01 7.47964e-02 -1.10386e-01
4.66138e-01 3.25151e-02 -3.76960e-01
-6.71505e-01 -3.86489e-02 -3.23635e-02
-6.08887e-01 4.70916e-04 -2.21902e-01
4.66612e-01 -1.90773e-02 2.17495e-02
5.21818e-01 -8.72870e-02 -1.81271e-01
3.39367e-01 -4.29058e-01 3.44426e-02
4.98850e-01 -7.30475e-02 -1.04430e-01
3.39165e-01 -4.30916e-01 -2.08061e-02
5.22409e-01 1.48182e-01 -1.89921e-01
-6.54991e-01 -3.89317e-02 4.85928e-02
4.67740e-01 5.59028e-02 2.28572e-02
-6.37424e-01 8.97884e-04 -1.64315e-01
4.70358e-01 -1.59496e-01 6.97563e-02
4.66615e-01 1.72124e-02 2.18441e-02
5.09553e-01 3.48235e-01 -9.07848e-02
5.36866e-01 -2.88364e-01 -8.96224e-02
5.12799e-01 9.05949e-02 -2.46671e-01
5.21618e-01 1.36646e-01 -1.23478e-01
4.59665e-01 -1.00390e-01 6.00004e-02
4.93470e-01 -2.47065e-01 8.63189e-02
4.25477e-01 3.39619e-02 -4.41231e-01
-2.24942e-01 1.80855e-01 -3.21033e-01
4.89809e-01 9.43749e-02 -3.11304e-01
4.56505e-01 -5.62439e-02 5.47886e-02
5.11548e-01 -1.33962e-01 -1.18944e-01
4.79436e-01 1.66599e-01 7.38588e-02
4.55701e-01 -1.86808e-02 5.24322e-02
5.07406e-01 2.61286e-01 9.21417e-02
-6.40999e-01 -7.25749e-02 -1.69716e-01
5.27700e-01 -1.54583e-01 -1.97153e-01
5.20440e-01 -9.56065e-02 -2.57632e-01
-4.88301e-01 2.48421e-05 -3.71737e-01
5.48923e-01 2.24215e-01 -1.50063e-01
-6.24172e-01 7.01478e-02 -1.60162e-01
5.33958e-01 2.29941e-01 -2.16056e-01
-6.08764e-01 -6.98702e-02 -2.25909e-01
4.56004e-01 1.71136e-02 5.27629e-02
-3.20499e-01 1.22910e-01 -3.90076e-01
2.84512e-01 4.44391e-01 3.26395e-02
4.61623e-01 1.00959e-01 6.14902e-02
4.90355e-01 -3.30592e-01 9.69972e-02
-5.97481e-01 6.86826e-02 -2.17809e-01
5.13863e-01 -3.60752e-01 -9.43767e-02
2.92097e-01 4.65835e-01 -2.16874e-02
4.43215e-01 -1.88787e-02 8.45102e-02
4.46187e-01 3.69713e-01 -8.22833e-02
4.56843e-01 5.51733e-02 5.54687e-02
4.29796e-01 -1.96831e-02 1.20392e-01
-2.28918e-01 1.24767e-01 -3.57690e-01
4.94750e-01 3.35911e-01 9.91343e-02
4.43114e-01 1.72833e-02 8.48497e-02
5.04530e-01 -1.02035e-01 -3.34610e-01
2.12767e-01 -2.65405e-02 -4.30421e-01
2.85467e-01 -4.60165e-01 3.45490e-02
5.31000e-01 -2.14846e-01 -1.41805e-01
2.85443e-01 -4.63007e-01 -2.05727e-02
-6.82416e-01 4.28145e-02 -3.33572e-02
4.27787e-01 1.78890e-02 1.19385e-01
3.50658e-01 3.17228e-02 -4.42111e-01
-6.42915e-01 -1.53093e-01 -1.80827e-01
5.13860e-01 1.58619e-01 -2.62273e-01
4.44378e-01 -5.70785e-02 8.85042e-02
5.37044e-01 2.99438e-01 -1.59328e-01
4.15328e-01 -2.07910e-02 1.62212e-01
4.51035e-01 -3.82808e-01 9.77214e-02
-3.74984e-01 1.61116e-01 -3.85620e-01
5.21395e-01 -2.25318e-01 -2.09869e-01
4.31408e-01 -5.94483e-02 1.26295e-01
4.46632e-01 -1.01341e-01 9.65542e-02
-6.04965e-01 1.37890e-01 -1.58888e-01
-4.10704e-01 -2.76203e-01 3.25119e-02
5.06043e-01 2.92680e-01 -2.17624e-01
4.01176e-01 -2.28067e-02 2.14758e-01
4.12460e-01 1.89081e-02 1.60198e-01
-6.15251e-01 -1.49027e-01 -2.44246e-01
-6.77089e-01 4.58776e-02 5.18322e-02
4.51732e-01 -1.56836e-01 1.09602e-01
4.62275e-01 9.93384e-02 -3.83958e-01
4.82147e-01 1.60863e-01 -3.22106e-01
4.42704e-01 5.54322e-02 8.85907e-02
4.50127e-01 3.80071e-01 9.74165e-02
-6.18427e-01 -2.28946e-01 -1.82575e-01
4.32786e-01 -1.04916e-01 1.36980e-01
4.59554e-01 -3.99915e-01 -9.01904e-02
-2.64929e-01 8.74073e-02 -3.83933e-01
5.04969e-01 -1.57376e-01 -2.57578e-01
-5.77652e-01 1.34200e-01 -2.15273e-01
-3.33022e-01 -1.27571e-01 -4.06761e-01
3.90912e-01 3.98761e-01 -7.85266e-02
2.34330e-01 4.85156e-01 3.35808e-02
4.26350e-01 5.67920e-02 1.23956e-01
5.30622e-01 -2.99435e-01 -1.58670e-01
-3.79275e-01 -3.17803e-01 -1.96627e-02
4.14998e-02 -1.94040e-02 -4.10286e-01
4.33478e-01 -1.58959e-01 1.52132e-01
4.45439e-01 1.00480e-01 9.74928e-02
2.42321e-01 5.15111e-01 -2.29798e-02
4.60935e-01 -2.30656e-01 1.29185e-01
3.97848e-01 2.08601e-02 2.12007e-01
3.95486e-01 -4.13728e-01 9.44660e-02
4.18483e-01 -6.33978e-02 1.71558e-01
4.85722e-01 3.40205e-01 -1.49992e-01
4.53283e-01 1.58857e-01 1.12538e-01
-5.62934e-01 -2.82477e-01 -1.70625e-01
2.34572e-01 -5.03460e-01 3.57814e-02
2.33779e-01 -5.04341e-01 -2.12165e-02
3.83266e-01 -2.49478e-02 2.76437e-01
5.07145e-01 2.32276e-01 -2.79593e-01
4.59160e-01 -1.00509e-01 -3.84016e-01
-5.74452e-01 2.01450e-01 -1.56736e-01
5.06142e-01 -2.99999e-01 -2.22962e-01
4.75394e-01 -1.60708e-01 -3.19208e-01
-6.65373e-01 1.22655e-01 -3.22347e-02
4.31695e-01 -2.23541e-01 1.71297e-01
-2.78539e-01 -9.33622e-02 -4.13662e-01
-5.93703e-01 -2.24116e-01 -2.48413e-01
4.25579e-01 1.01040e-01 1.33887e-01
4.73545e-01 2.45086e-01 1.38988e-01
-3.83199e-01 -1.61849e-01 -3.87748e-01
4.02837e-01 -6.86604e-02 2.24828e-01
3.85676e-01 3.92309e-01 8.98004e-02
4.59229e-01 3.38893e-01 -2.09902e-01
-4.89554e-01 -3.09489e-01 -1.50819e-01
4.26568e-01 1.55065e-01 1.49990e-01
-4.85941e-01 -6.52107e-02 -3.75220e-01
4.58612e-01 -3.12306e-01 1.47487e-01
4.09959e-01 5.97013e-02 1.65472e-01
-5.52606e-01 1.99318e-01 -2.16700e-01
4.18039e-01 -1.10832e-01 1.83998e-01
2.80542e-01 2.96315e-02 -4.41489e-01
3.92104e-01 -4.13742e-01 -8.21170e-02
3.53082e-01 -2.65565e-02 3.32753e-01
4.12970e-01 1.00519e-01 -4.36091e-01
4.88152e-01 -3.51932e-01 -1.55563e-01
3.80743e-01 2.30863e-02 2.74732e-01
4.79899e-01 -2.15582e-01 -2.55829e-01
4.66497e-01 2.30118e-01 -3.35448e-01
3.41242e-01 4.39235e-01 -7.88956e-02
4.36713e-01 2.31794e-01 1.79790e-01
-5.39388e-01 -2.76318e-01 -2.32382e-01
-5.23721e-01 2.49414e-01 -1.47181e-01
1.81577e-01 5.24293e-01 3.46685e-02
-4.83257e-01 6.58064e-02 -3.74198e-01
3.34841e-01 -4.32459e-01 9.02890e-02
1.77196e-01 -5.24526e-01 3.59783e-02
4.72904e-01 3.32319e-01 1.58448e-01
4.19188e-01 -2.92294e-01 1.89001e-01
1.75402e-01 -5.20517e-01 -2.06435e-02
-6.52184e-01 1.26683e-01 4.99863e-02
4.32419e-01 3.76481e-01 -1.43155e-01
1.84122e-01 5.39359e-01 -2.30060e-02
9.63709e-02 -2.33616e-02 -4.16160e-01
4.00400e-01 -1.18905e-01 2.38940e-01
3.94807e-01 6.52503e-02 2.18791e-01
4.47496e-01 1.66068e-01 -3.89750e-01
4.53847e-01 -3.41005e-01 -2.11022e-01
4.13497e-01 -1.64007e-01 1.99197e-01
-1.87988e-01 1.52631e-01 -3.34306e-01
3.83463e-01 -7.47612e-02 2.87226e-01
4.72055e-01 2.90214e-01 -2.76438e-01
3.25330e-01 4.05319e-01 8.47638e-02
-3.54184e-01 7.37694e-02 -4.15681e-01
3.09242e-01 -2.72636e-02 3.71995e-01
1.53088e-01 -2.38489e-02 -4.24030e-01
-4.72268e-01 -3.08859e-01 -2.10751e-01
4.26845e-01 -3.72895e-01 1.53460e-01
4.04491e-01 -9.91419e-02 -4.24802e-01
-4.22011e-01 -3.32551e-01 -1.37419e-01
-6.26462e-01 1.91419e-01 -2.97823e-02
-4.70653e-03 -5.83817e-02 -3.94748e-01
4.06974e-01 1.05154e-01 1.76822e-01
4.35936e-01 -2.09175e-01 -3.00228e-01
4.36604e-01 3.19176e-01 2.09033e-01
-5.00973e-01 2.45402e-01 -2.02646e-01
3.52167e-01 2.49257e-02 3.33992e-01
4.13178e-01 3.88286e-01 -2.08969e-01
-3.40189e-01 -2.07671e-01 -3.76077e-01
-4.62156e-01 2.81396e-01 -1.34545e-01
-4.10637e-01 1.08610e-01 -4.01362e-01
4.29072e-01 -1.57993e-01 -3.66345e-01
3.89228e-01 -1.71020e-01 2.51167e-01
4.30320e-01 3.79538e-01 1.57135e-01
3.35964e-01 9.21937e-02 -4.33518e-01
4.28606e-01 -3.81669e-01 -1.45352e-01
3.31010e-01 -4.31663e-01 -7.74727e-02
1.16960e-01 -5.17356e-01 3.48747e-02
3.93163e-01 -3.59448e-01 2.03384e-01
-2.90956e-01 4.02372e-02 -4.09554e-01
4.01360e-01 -2.20913e-01 2.14370e-01
4.46815e-01 -2.70036e-01 -2.54237e-01
2.91982e-01 4.86707e-01 -8.15944e-02
4.04960e-01 1.59608e-01 1.95898e-01
3.90537e-01 1.14288e-01 2.32907e-01
2.79995e-01 -4.61764e-01 8.98341e-02
1.22854e-01 5.34222e-01 3.44030e-02
4.34401e-01 2.92882e-01 -3.39684e-01
3.81469e-01 4.16927e-01 -1.41291e-01
1.15252e-01 -5.10976e-01 -1.90355e-02
3.78761e-01 7.26543e-02 2.86076e-01
-4.02935e-01 -3.28885e-01 -1.90678e-01
3.08566e-01 2.57454e-02 3.73741e-01
-3.58084e-01 -7.34756e-02 -4.16333e-01
1.21736e-01 5.31197e-01 -2.15092e-02
3.49818e-01 -7.87675e-02 3.40862e-01
3.78041e-01 -4.15226e-01 1.52939e-01
3.75127e-01 -1.26187e-01 2.96942e-01
-4.70989e-01 -1.29529e-01 -3.76391e-01
3.95129e-01 -3.69947e-01 -1.97864e-01
2.57354e-01 -2.68550e-02 3.94631e-01
2.71225e-01 4.28537e-01 8.34479e-02
-4.11310e-01 -1.06224e-01 -3.93463e-01
3.96762e-01 3.69008e-01 2.10344e-01
-3.58121e-01 -2.98262e-01 3.08567e-02
-6.05984e-01 1.91592e-01 4.66473e-02
-4.39964e-01 2.76985e-01 -1.85903e-01
3.33928e-01 -9.30833e-02 -4.33728e-01
-2.59891e-02 5.52331e-02 -3.84737e-01
4.32089e-01 3.47144e-01 -2.77225e-01
-5.63347e-01 2.36929e-01 -2.54286e-02
-3.47000e-01 2.60038e-01 -2.58903e-01
3.72326e-01 -2.27029e-01 2.66742e-01
4.04212e-01 2.28568e-01 2.24639e-01
4.18142e-01 2.27445e-01 -3.88105e-01
-5.49062e-01 -9.66423e-04 1.90464e-01
3.83436e-01 1.69737e-01 2.52421e-01
-2.27220e-01 -2.57023e-02 -3.97571e-01
3.85540e-01 1.60615e-01 -4.22841e-01
3.65850e-01 3.91285e-01 1.44371e-01
3.96036e-01 -2.55321e-01 -2.90794e-01
1.25368e-01 -3.58951e-01 3.80597e-01
-4.11079e-01 2.39579e-01 -2.88830e-01
-4.66602e-01 1.30174e-01 -3.76614e-01
-2.99305e-01 -4.16229e-02 -4.29210e-01
2.08829e-01 2.67245e-01 -3.21108e-01
2.77837e-02 3.81273e-02 -3.96129e-01
3.61172e-01 4.31770e-01 -2.07860e-01
1.59289e-01 2.89876e-01 -3.14645e-01
2.13462e-01 2.70473e-02 -4.30945e-01
3.82327e-01 -2.82849e-01 2.31814e-01
-3.82670e-01 -2.98464e-01 -3.01627e-01
3.50158e-01 -4.11794e-01 2.09310e-01
3.68585e-01 -4.05930e-01 -1.37181e-01
6.32913e-02 -1.83583e-01 -3.69439e-01
1.11068e-01 -3.13581e-01 4.12162e-01
2.77299e-01 -4.64217e-01 -7.74525e-02
-2.92252e-01 -1.72343e-01 -3.91045e-01
6.05880e-02 -5.04753e-01 3.37903e-02
-4.00950e-01 3.07286e-01 -1.24921e-01
2.27272e-01 -4.98810e-01 9.19184e-02
3.02284e-01 -7.94717e-02 3.76037e-01
-4.39735e-01 -2.61890e-01 -3.19040e-01
2.36078e-01 5.20964e-01 -8.25759e-02
2.55765e-01 2.52619e-02 3.93152e-01
1.78268e-01 -3.35365e-01 3.81310e-01
4.05050e-01 -3.18449e-01 -2.51412e-01
2.61189e-01 2.46522e-01 -3.42033e-01
-5.53899e-01 7.67361e-02 1.96492e-01
3.87597e-01 -2.04076e-01 -3.42775e-01
3.60577e-01 -1.79948e-01 3.09896e-01
3.47024e-01 7.74300e-02 3.43235e-01
2.19975e-01 4.60368e-01 8.48602e-02
3.74946e-01 -1.56503e-01 -4.08504e-01
3.30382e-01 4.60818e-01 -1.42800e-01
-4.68967e-01 2.03789e-01 -3.16438e-01
3.71769e-01 1.25947e-01 3.01505e-01
3.20201e-01 -4.41515e-01 1.48725e-01
-3.57253e-01 -3.49477e-01 -1.26708e-01
3.68367e-01 2.28360e-01 2.71257e-01
3.89736e-01 2.98940e-01 2.47933e-01
-3.24723e-01 -3.35429e-01 -1.79102e-02
3.39082e-01 3.91436e-01 1.99387e-01
-4.91265e-01 -2.16141e-01 -3.38632e-01
2.59996e-01 8.21315e-02 -4.15482e-01
6.45059e-02 5.23159e-01 3.33861e-02
-3.13017e-01 -3.06658e-01 -2.66790e-01
3.85822e-01 3.40591e-01 -3.31582e-01
9.61221e-02 -2.68333e-01 4.42899e-01
3.38550e-01 -3.99085e-01 -1.90462e-01
-4.22466e-01 2.62725e-01 -2.34926e-01
-3.56828e-01 2.80172e-01 -2.10996e-01
1.42555e-01 2.42744e-01 -3.31186e-01
-3.70751e-01 1.51704e-02 -4.28069e-01
1.88260e-01 2.16592e-01 -3.34708e-01
-4.27721e-01 4.72872e-02 -4.02216e-01
2.04813e-01 -2.61627e-02 4.13431e-01
3.38811e-01 -1.32380e-01 3.51406e-01
1.61764e-01 -2.86481e-01 4.09248e-01
-2.80857e-01 2.63412e-01 -2.25440e-01
6.23923e-02 5.04852e-01 -1.93589e-02
5.93484e-02 -4.96099e-01 -1.76195e-02
3.45798e-01 -2.83017e-01 2.81215e-01
2.26316e-01 -2.99190e-01 3.75542e-01
-4.56726e-01 -2.94362e-01 -2.67128e-01
-5.18171e-01 -2.56315e-01 -2.90243e-01
3.04420e-01 4.01153e-01 1.35053e-01
-4.81091e-01 2.28840e-01 -2.55037e-01
-5.53769e-01 2.44487e-01 4.37678e-02
-5.18705e-01 -1.34932e-01 9.69766e-02
-4.99175e-01 2.70480e-01 -2.18893e-02
1.19277e-01 3.39694e-01 3.61564e-01
-5.26562e-01 -1.55696e-01 -3.47933e-01
-3.74648e-01 2.95359e-01 -1.68488e-01
-5.59965e-01 -1.96853e-01 -2.99788e-01
1.21228e-01 -1.90916e-01 4.57963e-01
-5.06576e-01 1.47836e-01 -3.26636e-01
-5.53542e-01 -8.07629e-02 1.04675e-01
3.80413e-01 3.91649e-01 -2.72186e-01
3.18574e-01 2.26003e-01 -3.82353e-01
-3.90654e-01 -3.19408e-01 -2.44500e-01
2.34464e-01 1.90116e-01 -3.52358e-01
-5.28257e-01 1.80091e-01 -2.70132e-01
1.70775e-01 -5.22526e-01 9.25434e-02
3.52835e-01 -3.44988e-01 2.48022e-01
2.59059e-01 -8.30196e-02 -4.16392e-01
-4.27734e-01 -4.62209e-02 -3.98505e-01
-4.37602e-01 -1.85619e-01 -3.64737e-01
2.94649e-01 -4.43609e-01 2.06807e-01
-5.76207e-01 -1.23771e-01 -2.92376e-01
3.02045e-01 1.41328e-01 -4.04225e-01
2.07745e-01 -2.71193e-01 -3.26086e-01
-3.36544e-01 -3.41777e-01 -1.74226e-01
-2.89769e-01 -2.42555e-01 -3.58586e-01
3.54809e-01 -3.02231e-01 -2.89956e-01
-3.02229e-01 -1.46761e-02 -4.29247e-01
-5.76676e-01 1.67146e-01 1.20345e-01
1.06051e-01 1.62442e-01 -3.77649e-01
-5.56014e-01 1.17696e-01 -2.73886e-01
-4.80133e-01 -1.81781e-01 9.11761e-02
2.98895e-01 7.77247e-02 3.76066e-01
-5.22699e-01 -6.78404e-02 1.75064e-01
3.00267e-01 4.56973e-01 -2.00803e-01
3.11692e-01 -4.32860e-01 -1.33262e-01
2.25365e-01 3.24244e-01 -3.04631e-01
1.72139e-01 3.26067e-01 3.73129e-01
1.09789e-01 3.10181e-01 -3.16436e-01
2.61633e-01 -2.53385e-01 -3.52028e-01
2.23659e-01 -4.98991e-01 -7.88854e-02
2.48288e-01 -7.74213e-02 3.97385e-01
1.68343e-01 4.95237e-01 8.77216e-02
2.83567e-01 3.09542e-01 -3.27110e-01
3.73972e-01 2.76858e-01 -3.75774e-01
-5.37084e-01 -8.48354e-02 -3.37967e-01
1.55805e-01 -2.85028e-01 -3.08513e-01
-3.70453e-01 -1.45168e-02 -4.25597e-01
-5.25285e-01 8.28776e-02 -3.25268e-01
-5.92684e-01 9.34205e-02 1.20464e-01
1.74024e-01 5.28895e-01 -7.98970e-02
-5.91952e-01 -1.72127e-02 1.18233e-01
3.53774e-01 1.78091e-01 3.10518e-01
1.05008e-01 2.95080e-01 3.89433e-01
-5.43675e-01 2.32675e-01 1.17172e-01
3.44539e-01 2.88572e-01 2.89636e-01
2.03539e-01 2.47060e-02 4.11872e-01
3.36720e-01 -2.33151e-01 3.21621e-01
2.07276e-01 -2.49278e-01 4.02677e-01
-5.78919e-01 -5.13827e-02 -2.82061e-01
-2.40717e-01 -1.35283e-01 -3.89542e-01
-5.74295e-01 5.18316e-02 -2.78403e-01
1.44098e-01 -2.38070e-01 4.35393e-01
1.71795e-01 3.42764e-01 -2.95875e-01
-2.90666e-01 2.82657e-01 -1.85458e-01
2.69113e-01 -2.57510e-01 3.70426e-01
3.55596e-01 -3.58757e-01 -2.46774e-01
1.06167e-01 -2.97203e-01 -2.99233e-01
3.55202e-01 3.55088e-01 2.57457e-01
2.77358e-01 3.99327e-01 1.85857e-01
1.07959e-01 -1.65200e-01 -3.79232e-01
9.53611e-02 2.66125e-01 -3.37007e-01
2.62999e-01 -4.66897e-01 1.46638e-01
3.46108e-01 2.92898e-01 -3.61753e-01
3.44275e-01 2.09145e-01 -4.00346e-01
8.67367e-03 -4.88984e-01 3.27708e-02
2.81351e-01 1.60312e-01 -3.86006e-01
1.26812e-01 2.01751e-01 -3.53212e-01
5.79943e-02 -3.04775e-01 -2.93185e-01
2.86058e-01 -1.31017e-01 3.81725e-01
3.52921e-02 -2.35192e-01 -3.49110e-01
2.72111e-01 4.89823e-01 -1.41082e-01
4.68269e-02 -2.70648e-01 -3.21847e-01
3.09550e-01 -1.50554e-01 -4.31259e-01
-6.49407e-01 -1.32310e-01 -1.04843e-01
-4.30573e-01 1.86044e-01 -3.65259e-01
-6.57471e-01 -5.54996e-02 -1.02341e-01
3.12110e-01 -2.23244e-01 -3.76021e-01
2.19177e-01 2.92587e-01 3.70053e-01
-3.20754e-01 -3.25777e-01 -2.17593e-01
-6.84198e-02 1.86026e-02 -3.79488e-01
-5.39027e-01 1.72021e-02 -3.31603e-01
3.47024e-01 -2.49080e-01 -3.33367e-01
3.65961e-01 1.85589e-01 -4.10164e-01
3.34338e-01 1.31326e-01 3.54212e-01
1.52862e-01 2.55435e-02 -4.21295e-01
-5.39226e-01 -1.62034e-02 -3.31348e-01
-6.54398e-01 5.61536e-02 -1.01044e-01
-6.02515e-01 1.88173e-02 1.22643e-01
-6.25528e-01 -2.06744e-01 -1.05421e-01
1.69053e-01 1.73039e-01 -3.55735e-01
-6.62661e-01 -1.85969e-02 -1.02947e-01
1.11789e-01 -5.23321e-01 9.02617e-02
-6.60272e-01 1.96585e-02 -1.02105e-01
2.49122e-01 4.19739e-01 1.31608e-01
1.53788e-01 -2.64895e-02 4.36168e-01
3.08045e-01 -3.33346e-01 2.91065e-01
9.41987e-02 -2.60313e-01 -3.25729e-01
6.10577e-02 -8.14721e-02 -3.97135e-01
2.84259e-01 -4.32238e-01 -1.89056e-01
1.91707e-01 -2.27831e-01 -3.53532e-01
-5.87368e-02 -3.74941e-02 -3.86200e-01
1.54825e-01 2.75147e-01 3.95517e-01
1.42454e-01 -2.45787e-01 -3.35254e-01
1.87503e-01 -3.81456e-01 3.44895e-01
2.37058e-01 -3.44964e-01 3.38058e-01
3.17758e-01 -1.84825e-01 3.59855e-01
8.16115e-02 2.27262e-01 -3.62434e-01
-5.41474e-01 1.50463e-01 1.96698e-01
7.71001e-02 -4.06880e-01 3.33655e-01
-5.78293e-01 -1.66695e-02 -2.79068e-01
1.32809e-01 -4.01307e-01 3.42150e-01
1.14470e-01 1.78485e-01 4.30288e-01
-5.77769e-01 1.77226e-02 -2.78941e-01
-6.35237e-01 1.27794e-01 -9.93275e-02
2.31217e-02 -3.99934e-01 3.21350e-01
3.25159e-01 3.68069e-01 -3.11993e-01
1.13957e-01 5.20089e-01 8.97404e-02
8.98581e-02 2.48364e-01 4.11252e-01
1.05638e-02 5.05658e-01 3.24318e-02
2.76304e-01 -3.03870e-01 -3.20118e-01
-4.36990e-01 -2.20932e-01 8.60216e-02
-5.72169e-01 -2.60846e-01 -9.81093e-02
-6.55180e-01 -9.43567e-02 -1.03362e-01
2.42114e-01 -2.05576e-01 -3.83391e-01
7.03355e-02 -3.67922e-01 3.74403e-01
3.98175e-01 2.53820e-01 -3.82752e-01
1.19413e-01 3.57405e-01 -2.90669e-01
-4.31209e-01 -1.55349e-02 -4.00415e-01
-4.39483e-01 3.00738e-01 -1.96334e-02
2.82240e-01 -3.03630e-01 3.31758e-01
-2.99228e-01 1.48771e-02 -4.22644e-01
-4.97567e-01 -1.05518e-03 2.50518e-01
-4.91693e-01 2.80164e-01 4.03897e-02
1.46122e-01 1.31938e-01 -3.77399e-01
5.49477e-02 -1.75618e-01 4.92973e-01
-6.01847e-01 5.86633e-02 1.23110e-01
9.72847e-03 4.88484e-01 -1.81129e-02
3.34490e-01 -2.03551e-01 -3.87134e-01
-6.45810e-01 9.28314e-02 -9.98122e-02
8.18905e-02 -2.24164e-01 -3.52999e-01
3.10458e-01 -3.97638e-01 2.57748e-01
-4.94069e-01 2.81694e-01 1.10144e-01
3.24949e-01 -2.69014e-01 -3.28469e-01
2.21071e-01 -3.22557e-01 -3.02822e-01
2.08984e-01 1.41211e-01 -3.70618e-01
2.37719e-01 -4.70637e-01 2.05155e-01
5.98117e-02 7.87118e-02 -3.95456e-01
-2.70767e-02 -3.86498e-01 3.10056e-01
2.44756e-01 7.53435e-02 3.94700e-01
8.11251e-03 -4.76028e-01 -1.63434e-02
3.19253e-01 4.18345e-01 -2.59958e-01
-6.00235e-01 1.91832e-01 -9.55690e-02
3.21307e-01 1.17877e-01 -4.19010e-01
2.86233e-01 4.22998e-01 -2.49781e-01
3.50557e-01 4.06636e-01 -2.65706e-01
-3.66558e-01 -4.55257e-02 -4.22317e-01
3.55694e-01 -1.80771e-01 -3.96419e-01
-3.36989e-01 3.18926e-01 -1.13448e-01
7.31366e-02 3.77873e-01 3.10082e-01
3.29978e-01 2.31509e-01 3.22672e-01
-5.06954e-01 7.47886e-02 2.64030e-01
-5.39101e-01 -5.06116e-02 -3.34195e-01
-2.51690e-01 -3.13078e-01 -2.43068e-01
2.45596e-01 -2.05051e-01 3.94498e-01
2.25084e-02 3.78775e-01 3.04729e-01
1.26218e-01 3.75750e-01 3.21006e-01
2.92557e-01 3.73267e-01 -2.97653e-01
-4.30655e-01 1.62845e-02 -4.00532e-01
3.56162e-01 3.55293e-01 -3.20759e-01
1.80627e-01 3.66672e-01 3.33019e-01
6.96710e-02 -9.51586e-02 4.85113e-01
2.90676e-01 -1.73420e-01 -4.19241e-01
1.64007e-01 -5.06062e-01 -7.62719e-02
-5.09117e-01 -2.99047e-01 -8.95150e-02
4.06848e-01 3.69849e-01 -2.73732e-01
-6.40986e-01 -1.71516e-01 -1.05418e-01
1.84828e-01 -1.96888e-01 4.21731e-01
2.21927e-01 4.28261e-01 -2.33404e-01
2.32363e-01 3.42520e-01 3.38185e-01
2.57166e-01 -4.64880e-01 -1.33394e-01
3.03641e-01 -2.09568e-01 3.62862e-01
-5.32729e-01 5.06708e-02 -3.27535e-01
6.61585e-02 8.83002e-02 4.64404e-01
4.47170e-02 -1.41000e-01 -3.76072e-01
2.61309e-01 2.52708e-01 3.66738e-01
-5.78533e-01 -8.71501e-02 -2.86978e-01
3.07898e-01 3.41091e-01 3.00488e-01
4.11813e-01 3.18109e-01 -3.35656e-01
2.36717e-01 4.68847e-01 -1.91497e-01
4.01333e-01 1.31324e-01 -4.29391e-01
1.99390e-01 2.41036e-01 3.92295e-01
3.67744e-01 -2.26379e-01 -3.36004e-01
-5.73919e-01 -5.25144e-02 1.11765e-01
3.08473e-01 -3.45800e-01 -2.91017e-01
3.21233e-01 -2.58086e-01 3.25835e-01
4.52045e-01 3.17764e-01 -2.74916e-01
1.10442e-01 5.04884e-01 -7.29820e-02
5.69700e-02 -3.26498e-01 4.09328e-01
4.34063e-01 1.96784e-01 -3.87781e-01
1.28330e-01 -2.06925e-01 -3.62274e-01
-6.22163e-01 1.62876e-01 -9.81995e-02
2.29874e-01 3.82688e-01 -2.77031e-01
2.22101e-01 4.16711e-01 1.81070e-01
1.52665e-01 2.51107e-02 4.34175e-01
-5.65691e-01 8.50425e-02 -2.75540e-01
6.78543e-02 3.61215e-01 -2.82240e-01
3.02851e-01 -2.82639e-01 3.30478e-01
-2.44951e-01 -2.04782e-01 -3.68625e-01
2.08877e-01 -5.01438e-01 1.49439e-01
3.02635e-01 3.85232e-01 2.50624e-01
1.65922e-01 -3.32037e-01 -2.85606e-01
-3.53162e-01 2.70581e-01 -2.36718e-01
-4.83224e-01 -1.19846e-01 1.55672e-01
1.36663e-01 2.24881e-01 4.13510e-01
1.57927e-01 -1.47283e-01 4.37141e-01
-5.43741e-01 2.37019e-01 -8.67887e-02
-3.94860e-01 -2.34761e-01 -3.53805e-01
4.53402e-01 2.63061e-01 -3.38995e-01
3.33737e-01 -3.73528e-01 2.53720e-01
2.78087e-01 3.04807e-01 3.36139e-01
2.45358e-01 1.03716e-01 -3.98165e-01
4.91403e-01 2.62380e-01 -2.78217e-01
-3.39274e-01 2.47599e-01 -2.82945e-01
4.33983e-02 1.43581e-01 -3.89616e-01
2.81189e-01 1.29083e-01 3.81688e-01
3.14490e-01 3.03059e-01 -3.44928e-01
-3.11612e-01 -3.21988e-01 3.01841e-02
3.69604e-01 -3.14640e-01 2.40238e-01
5.80865e-02 5.24348e-01 8.92169e-02
5.48030e-02 -5.07286e-01 8.62316e-02
1.48534e-01 -1.36488e-01 -3.89960e-01
3.24337e-01 -1.22330e-01 -4.32975e-01
1.61524e-01 4.31246e-01 -2.21378e-01
1.74249e-01 -1.84662e-01 -3.81329e-01
3.47750e-01 6.25272e-02 -4.42000e-01
-1.60011e-01 -5.46440e-02 -3.83236e-01
2.26500e-01 1.23482e-01 -3.82252e-01
3.31045e-01 3.73486e-01 2.55381e-01
1.97138e-01 4.46581e-01 1.32749e-01
3.04338e-01 -3.98239e-01 -2.46304e-01
-2.01913e-01 -9.44541e-02 -3.89324e-01
2.85247e-01 -4.17879e-01 2.58727e-01
2.29363e-01 -1.26750e-01 4.03528e-01
3.91822e-01 -1.28873e-01 -4.16876e-01
2.10724e-01 5.05791e-01 -1.37456e-01
5.13403e-01 3.22396e-01 -1.55020e-01
-3.65172e-01 4.63015e-02 -4.24589e-01
3.28485e-01 -3.08491e-01 2.85834e-01
2.73479e-01 3.92091e-01 2.43204e-01
2.86204e-01 -3.55450e-01 2.93781e-01
4.82476e-01 3.15231e-01 -2.12208e-01
3.32566e-01 -3.24151e-01 -2.89360e-01
3.80512e-01 -3.38396e-01 -2.47601e-01
4.58194e-01 3.57312e-01 -1.45130e-01
1.94323e-01 7.55129e-02 -4.07498e-01
4.08639e-01 -1.81421e-01 -3.52404e-01
5.10191e-01 1.93665e-01 -2.68765e-01
4.75554e-01 1.94778e-01 -3.27767e-01
5.48274e-01 2.64924e-01 -1.56841e-01
5.24313e-01 2.64171e-01 -2.18964e-01
3.76606e-01 -2.79130e-01 -2.89604e-01
4.28545e-01 -2.96830e-01 -2.54119e-01
3.30106e-01 -3.78056e-01 -2.44970e-01
-3.87996e-01 -3.09154e-01 -2.74282e-01
4.56701e-01 1.32584e-01 -3.86480e-01
4.36053e-01 3.62498e-01 -2.07767e-01
-5.34834e-01 -1.21158e-01 -3.45268e-01
-5.99317e-01 -2.35567e-01 -1.00862e-01
2.60676e-01 -1.80796e-01 3.88943e-01
3.12793e-01 1.84484e-01 3.63830e-01
1.92741e-02 3.62375e-01 -2.77706e-01
-2.90232e-01 -6.95957e-02 -4.20638e-01
3.76127e-01 3.30638e-01 2.55281e-01
1.94681e-01 -7.62339e-02 4.19874e-01
2.62153e-01 -3.77016e-01 2.97913e-01
-3.88584e-02 -4.68685e-01 3.17290e-02
4.20630e-01 6.71169e-02 -4.36660e-01
3.93610e-01 -2.51810e-01 2.23219e-01
1.71447e-01 3.92008e-01 -2.64185e-01
-3.08869e-01 3.00063e-01 -1.49901e-01
-4.17166e-01 2.50328e-01 -2.62020e-01
2.56755e-01 1.75699e-01 -3.66366e-01
5.26639e-01 1.85521e-01 -2.00343e-01
2.82823e-01 -3.62915e-01 -2.88487e-01
-2.24237e-01 -4.97063e-02 -3.98859e-01
4.64406e-01 -2.43164e-01 -2.54412e-01
2.16448e-01 -1.52691e-01 -4.02533e-01
-6.69957e-01 5.68295e-04 5.03487e-02
2.16857e-01 4.07165e-01 2.34312e-01
4.06380e-01 3.95557e-01 -1.40900e-01
5.38984e-01 3.31875e-01 -9.46194e-02
-3.59789e-01 2.87582e-01 -1.87172e-01
4.16200e-01 -2.31876e-01 -2.93462e-01
5.32252e-01 1.75549e-01 -1.34241e-01
3.43791e-01 -6.27860e-02 -4.35955e-01
6.60891e-02 3.41354e-01 3.47737e-01
4.86402e-02 1.58705e-01 4.48624e-01
3.60436e-01 -2.54494e-01 2.73322e-01
3.49384e-01 -2.05633e-01 3.14259e-01
5.40790e-01 2.26032e-01 -1.81728e-01
5.21307e-01 2.95154e-01 -1.88249e-01
-2.26565e-01 2.72611e-01 -2.08863e-01
5.63907e-01 2.65147e-01 -9.28614e-02
-5.71850e-01 -1.61586e-01 -2.98958e-01
3.53486e-01 -5.50169e-04 -4.42989e-01
2.76650e-01 -4.13372e-01 -2.43727e-01
-3.42815e-01 2.11525e-01 -3.40662e-01
2.38884e-01 -3.99915e-01 3.03019e-01
4.46491e-01 -3.45970e-01 1.51633e-01
1.94213e-01 -7.63633e-02 -4.08637e-01
-4.44732e-01 -3.27618e-01 -8.21424e-02
3.88174e-01 4.11138e-01 -2.07960e-01
-5.82936e-01 1.30694e-01 1.19591e-01
2.30756e-01 -4.50875e-01 2.59795e-01
4.72100e-01 3.38095e-01 -1.79129e-01
2.87146e-01 -2.34211e-01 3.66802e-01
5.12277e-01 1.22885e-01 -2.51754e-01
-5.75040e-01 2.18278e-01 -9.13851e-02
2.84086e-01 3.58435e-01 2.98591e-01
-1.56073e-01 5.30544e-02 -3.70726e-01
-6.26962e-01 -7.53772e-02 4.52485e-02
4.87319e-01 1.27027e-01 -3.16026e-01
2.26296e-01 -4.53533e-01 -1.85070e-01
5.20863e-01 1.41409e-01 -1.54244e-01
5.13158e-01 -3.29504e-01 -1.58337e-01
5.36265e-01 -2.59582e-01 -1.52328e-01
-3.72259e-01 -2.80700e-01 -3.24446e-01
4.30826e-02 -2.83120e-01 4.41928e-01
1.13488e-01 -3.37329e-01 -2.72484e-01
4.76536e-01 3.57900e-01 -8.54430e-02
1.80429e-01 9.58899e-02 -3.93490e-01
4.64968e-01 -2.74277e-01 1.40326e-01
2.74628e-01 5.68512e-02 -4.33076e-01
-5.15462e-01 1.15178e-01 -3.23685e-01
3.14685e-01 2.56434e-01 3.26907e-01
5.40851e-01 3.27892e-01 -2.71880e-02
-4.25882e-01 2.72177e-01 -2.08504e-01
4.14040e-01 -6.70508e-02 -4.27596e-01
4.23088e-01 3.81358e-01 -1.74954e-01
-3.91457e-01 -3.25527e-01 -2.15199e-01
-2.79729e-01 2.24444e-01 -2.95840e-01
4.09797e-01 -3.28424e-01 1.97631e-01
-4.22195e-01 -7.74704e-02 -3.98005e-01
5.15898e-01 1.12720e-01 -1.78650e-01
-4.74716e-01 -6.53940e-02 2.32003e-01
3.01249e-01 -2.88500e-01 -3.26125e-01
5.49338e-01 3.01252e-01 -1.28153e-01
4.91762e-01 -1.85594e-01 -2.54327e-01
2.32337e-01 -1.31270e-01 -4.07080e-01
-4.86952e-01 2.75277e-01 -8.04163e-02
2.88415e-01 2.36303e-01 -3.59289e-01
1.83090e-01 -5.05575e-01 2.09852e-01
-4.03414e-01 2.27370e-01 -3.18295e-01
4.55196e-01 3.59694e-01 1.58972e-01
4.98836e-01 3.42530e-01 -1.20535e-01
3.28929e-01 3.16963e-01 2.96737e-01
5.20908e-01 2.29414e-01 -2.46997e-01
5.15547e-01 -2.62355e-01 -2.16195e-01
5.33343e-01 1.67532e-01 -7.47801e-02
5.49980e-01 2.18054e-01 -1.16060e-01
5.17784e-01 1.51929e-01 -2.23863e-01
4.48185e-01 -1.31405e-01 -3.78881e-01
4.24158e-01 -6.38291e-04 -4.34752e-01
5.47923e-01 2.47584e-01 -2.46978e-02
4.55023e-01 -1.84557e-01 -3.06664e-01
4.89543e-01 2.89158e-01 -2.46321e-01
-6.65287e-01 8.55027e-02 5.02561e-02
5.34948e-01 -2.43885e-01 -8.35135e-02
2.74700e-01 -1.55659e-01 3.84338e-01
2.30552e-01 3.82718e-01 2.91009e-01
4.04680e-01 -3.97185e-01 1.53643e-01
4.83083e-01 -3.24034e-01 -2.18224e-01
4.64036e-01 6.50135e-02 -3.76838e-01
4.00306e-01 3.89781e-01 1.51488e-01
5.18551e-01 -1.69989e-01 -1.27927e-01
5.14225e-01 1.03548e-01 -1.15331e-01
-4.28873e-01 3.04559e-01 3.73530e-02
2.57481e-01 -4.33411e-01 2.58782e-01
4.40855e-01 3.71131e-01 -1.12045e-01
2.38278e-01 2.00331e-01 3.89033e-01
-2.59441e-01 -3.30608e-01 -1.98786e-01
4.27851e-01 -2.58014e-01 1.80604e-01
5.30539e-01 -3.28472e-01 -9.30715e-02
1.62766e-01 4.24435e-01 2.31167e-01
4.85701e-01 3.61795e-01 -2.47897e-02
2.97658e-01 2.08425e-01 3.64913e-01
4.60368e-01 -3.70165e-01 -1.50813e-01
4.97676e-01 1.58952e-01 -2.90826e-01
4.46597e-01 3.40171e-01 -2.42113e-01
5.62766e-01 3.04179e-01 -6.21141e-02
5.17606e-01 3.51334e-01 -5.92381e-02
5.10476e-01 7.78765e-02 -1.38864e-01
3.29196e-01 -1.58165e-01 3.54369e-01
4.98185e-01 -2.92480e-01 9.31046e-02
5.23284e-01 -1.87527e-01 -2.01073e-01
5.27027e-01 3.14848e-01 3.76247e-02
1.52861e-01 1.42341e-01 4.26270e-01
5.02601e-01 9.25099e-02 -2.78954e-01
3.56577e-01 4.39906e-01 -1.41576e-01
5.33410e-01 -3.23579e-01 -2.65500e-02
5.14158e-01 3.46939e-01 6.11168e-03
5.17043e-01 -2.23015e-01 -2.10611e-02
-3.80757e-01 3.24164e-01 -1.78108e-02
4.53432e-01 3.70628e-01 6.25878e-03
4.50673e-01 3.67537e-01 -5.24111e-02
4.86084e-01 2.29789e-01 -3.06081e-01
5.11088e-01 5.89374e-02 -2.40301e-01
5.21382e-01 -2.66167e-01 5.93543e-03
5.20424e-01 -3.09268e-01 3.67861e-02
5.41540e-01 2.84076e-01 6.03178e-03
5.18046e-01 -3.55290e-01 5.91998e-03
4.68283e-01 -3.98824e-01 6.02417e-03
5.11426e-01 8.51666e-02 -2.05995e-01
-5.43323e-01 1.49458e-01 -2.72204e-01
2.48082e-01 -1.07604e-01 -4.11470e-01
-3.07174e-01 -2.95593e-01 -2.92653e-01
4.92164e-01 6.20561e-02 -3.07528e-01
2.97801e-01 2.82841e-01 3.33811e-01
3.31257e-01 4.45719e-01 -2.03733e-01
3.74380e-01 -3.88735e-01 2.07318e-01
4.54288e-01 2.91557e-01 -3.08385e-01
4.00389e-01 2.65375e-01 2.38386e-01
3.73884e-01 4.27457e-01 -1.75313e-01
1.78558e-01 1.90977e-01 4.12486e-01
5.41514e-01 2.04971e-01 -5.12807e-02
4.74440e-01 -3.60238e-01 9.79042e-02
4.93114e-01 -1.69974e-01 6.02606e-03
5.02830e-01 -1.50168e-01 -6.44796e-02
-3.11101e-01 -2.59304e-01 -3.45989e-01
-3.17883e-01 -3.16021e-01 -2.43096e-01
5.21371e-01 1.32119e-01 -9.44867e-02
4.86566e-01 3.64501e-01 3.72368e-02
5.10564e-01 5.31753e-02 -1.67360e-01
4.98520e-01 -2.07665e-01 3.08478e-02
-2.30152e-01 1.48380e-04 -3.97646e-01
5.14792e-01 -1.27161e-01 -2.58250e-01
5.30183e-01 -2.22610e-01 -1.77481e-01
4.00202e-01 3.90162e-01 -2.41628e-01
2.59525e-01 3.76700e-01 -2.85805e-01
3.93961e-01 3.91215e-01 6.40215e-03
4.20505e-01 3.47865e-01 2.11550e-01
4.76302e-01 3.61918e-01 9.89526e-02
-3.87957e-02 5.00188e-01 3.24970e-02
5.05655e-01 3.00941e-02 -2.74780e-01
-3.93072e-01 -2.55582e-01 8.23322e-02
4.07950e-01 -1.91251e-01 2.05860e-01
4.80593e-01 2.93848e-01 1.52120e-01
5.23880e-01 -1.46186e-01 -1.58458e-01
4.11251e-01 3.45814e-01 -3.07023e-01
2.17196e-01 -1.50556e-01 4.08761e-01
5.22132e-01 -3.02827e-01 -1.93089e-01
7.47336e-02 -2.23309e-01 4.71851e-01
-2.97240e-01 -3.60893e-01 -1.17618e-01
3.88491e-01 4.06269e-01 -1.08915e-01
5.07549e-01 3.03040e-01 9.72682e-02
5.26729e-01 -1.20319e-01 -1.89655e-01
4.93946e-01 -1.33402e-01 -3.29943e-01
5.35578e-01 -2.81460e-01 -5.62995e-02
3.93953e-01 3.92780e-01 -4.92347e-02
4.55196e-01 -1.90019e-01 1.17899e-01
4.01711e-01 -4.13861e-01 6.17473e-03
5.06898e-01 1.79428e-01 6.08496e-03
1.75741e-01 -4.83176e-01 2.64083e-01
3.70375e-01 3.84184e-01 2.05993e-01
5.20714e-01 2.26235e-01 3.35884e-02
5.03894e-01 1.45992e-01 -1.70927e-02
5.03846e-01 -1.01342e-01 -1.10273e-01
1.85509e-01 -4.31945e-01 3.06453e-01
5.23957e-01 -3.65118e-01 -6.19693e-02
5.10314e-01 -1.83718e-01 -4.42164e-02
5.08199e-01 9.54479e-02 -6.10733e-02
4.79061e-01 -1.97104e-01 7.64813e-02
4.67115e-01 -6.76850e-02 -3.85189e-01
-5.36329e-01 -1.10206e-01 1.01015e-01
4.89274e-01 -1.37843e-01 -1.52862e-02
4.72633e-01 -3.47745e-01 -1.84563e-01
4.67644e-01 -7.06103e-04 -3.76857e-01
5.22914e-01 -2.01182e-01 -1.04807e-01
