1	3	1	2
1	2	1	6
2	3	1	8
1	4	2	3
3	4	2	11
1	5	3	4
4	5	3	14
1	6	4	5
5	6	4	17
1	7	5	6
6	7	5	20
2	7	6	23
2	9	7	8
2	8	7	24
8	9	7	26
3	9	8	9
3	10	9	10
9	10	9	28
3	11	10	11
10	11	10	31
4	11	11	12
4	12	12	13
11	12	12	33
4	13	13	14
12	13	13	36
5	13	14	15
5	14	15	16
13	14	15	38
5	15	16	17
14	15	16	41
6	15	17	18
6	16	18	19
15	16	18	43
6	17	19	20
16	17	19	46
7	17	20	21
7	18	21	22
17	18	21	48
7	19	22	23
18	19	22	51
2	19	23	24
8	19	24	53
8	21	25	26
8	20	25	54
20	21	25	56
9	21	26	27
9	22	27	28
21	22	27	58
10	22	28	29
10	23	29	30
22	23	29	60
10	24	30	31
23	24	30	63
11	24	31	32
11	25	32	33
24	25	32	65
12	25	33	34
12	26	34	35
25	26	34	67
12	27	35	36
26	27	35	70
13	27	36	37
13	28	37	38
27	28	37	72
14	28	38	39
14	29	39	40
28	29	39	74
14	30	40	41
29	30	40	77
15	30	41	42
15	31	42	43
30	31	42	79
16	31	43	44
16	32	44	45
31	32	44	81
16	33	45	46
32	33	45	84
17	33	46	47
17	34	47	48
33	34	47	86
18	34	48	49
18	35	49	50
34	35	49	89
18	36	50	51
35	36	50	91
19	36	51	52
19	37	52	53
36	37	52	93
8	37	53	54
20	37	54	95
20	39	55	56
20	38	55	96
38	39	55	98
21	39	56	57
21	40	57	58
39	40	57	100
22	40	58	59
22	41	59	60
40	41	59	102
23	41	60	61
23	42	61	62
41	42	61	104
23	43	62	63
42	43	62	107
24	43	63	64
24	44	64	65
43	44	64	109
25	44	65	66
25	45	66	67
44	45	66	111
26	45	67	68
26	46	68	69
45	46	68	113
26	47	69	70
46	47	69	115
27	47	70	71
27	48	71	72
47	48	71	118
28	48	72	73
28	49	73	74
48	49	73	120
29	49	74	75
29	50	75	76
49	50	75	122
29	51	76	77
50	51	76	124
30	51	77	78
30	52	78	79
51	52	78	126
31	52	79	80
31	53	80	81
52	53	80	129
32	53	81	82
32	54	82	83
53	54	82	131
32	55	83	84
54	55	83	133
33	55	84	85
33	56	85	86
55	56	85	135
34	56	86	87
34	57	87	88
56	57	87	137
34	58	88	89
57	58	88	140
35	58	89	90
35	59	90	91
58	59	90	142
36	59	91	92
36	60	92	93
59	60	92	144
37	60	93	94
37	61	94	95
60	61	94	146
20	61	95	96
38	61	96	148
38	63	97	98
38	62	97	149
62	63	97	151
39	63	98	99
39	64	99	100
63	64	99	153
40	64	100	101
40	65	101	102
64	65	101	155
41	65	102	103
41	66	103	104
65	66	103	157
42	66	104	105
42	67	105	106
66	67	105	159
42	68	106	107
67	68	106	162
43	68	107	108
43	69	108	109
68	69	108	164
44	69	109	110
44	70	110	111
69	70	110	166
45	70	111	112
45	71	112	113
70	71	112	168
46	71	113	114
46	72	114	115
71	72	114	170
47	72	115	116
47	73	116	117
72	73	116	172
47	74	117	118
73	74	117	175
48	74	118	119
48	75	119	120
74	75	119	177
49	75	120	121
49	76	121	122
75	76	121	179
50	76	122	123
50	77	123	124
76	77	123	181
51	77	124	125
51	78	125	126
77	78	125	183
52	78	126	127
52	79	127	128
78	79	127	185
52	80	128	129
79	80	128	188
53	80	129	130
53	81	130	131
80	81	130	190
54	81	131	132
54	82	132	133
81	82	132	192
55	82	133	134
55	83	134	135
82	83	134	194
56	83	135	136
56	84	136	137
83	84	136	196
57	84	137	138
57	85	138	139
84	85	138	198
57	86	139	140
85	86	139	201
58	86	140	141
58	87	141	142
86	87	141	203
59	87	142	143
59	88	143	144
87	88	143	205
60	88	144	145
60	89	145	146
88	89	145	207
61	89	146	147
61	90	147	148
89	90	147	209
38	90	148	149
62	90	149	211
62	92	150	151
62	91	150	212
91	92	150	214
63	92	151	152
63	93	152	153
92	93	152	216
64	93	153	154
64	94	154	155
93	94	154	218
65	94	155	156
65	95	156	157
94	95	156	220
66	95	157	158
66	96	158	159
95	96	158	222
67	96	159	160
67	97	160	161
96	97	160	224
67	98	161	162
97	98	161	227
68	98	162	163
68	99	163	164
98	99	163	229
69	99	164	165
69	100	165	166
99	100	165	231
70	100	166	167
70	101	167	168
100	101	167	233
71	101	168	169
71	102	169	170
101	102	169	235
72	102	170	171
72	103	171	172
102	103	171	237
73	103	172	173
73	104	173	174
103	104	173	239
73	105	174	175
104	105	174	242
74	105	175	176
74	106	176	177
105	106	176	244
75	106	177	178
75	107	178	179
106	107	178	246
76	107	179	180
76	108	180	181
107	108	180	248
77	108	181	182
77	109	182	183
108	109	182	250
78	109	183	184
78	110	184	185
109	110	184	252
79	110	185	186
79	111	186	187
110	111	186	254
79	112	187	188
111	112	187	257
80	112	188	189
80	113	189	190
112	113	189	259
81	113	190	191
81	114	191	192
113	114	191	261
82	114	192	193
82	115	193	194
114	115	193	263
83	115	194	195
83	116	195	196
115	116	195	265
84	116	196	197
84	117	197	198
116	117	197	267
85	117	198	199
85	118	199	200
117	118	199	269
85	119	200	201
118	119	200	272
86	119	201	202
86	120	202	203
119	120	202	274
87	120	203	204
87	121	204	205
120	121	204	276
88	121	205	206
88	122	206	207
121	122	206	278
89	122	207	208
89	123	208	209
122	123	208	280
90	123	209	210
90	124	210	211
123	124	210	282
62	124	211	212
91	124	212	284
91	126	213	214
91	125	213	285
125	126	213	287
92	126	214	215
92	127	215	216
126	127	215	289
93	127	216	217
93	128	217	218
127	128	217	291
94	128	218	219
94	129	219	220
128	129	219	293
95	129	220	221
95	130	221	222
129	130	221	295
96	130	222	223
96	131	223	224
130	131	223	297
97	131	224	225
97	132	225	226
131	132	225	299
97	133	226	227
132	133	226	301
98	133	227	228
98	134	228	229
133	134	228	303
99	134	229	230
99	135	230	231
134	135	230	305
100	135	231	232
100	136	232	233
135	136	232	307
101	136	233	234
101	137	234	235
136	137	234	309
102	137	235	236
102	138	236	237
137	138	236	311
103	138	237	238
103	139	238	239
138	139	238	314
104	139	239	240
104	140	240	241
139	140	240	316
104	141	241	242
140	141	241	318
105	141	242	243
105	142	243	244
141	142	243	320
106	142	244	245
106	143	245	246
142	143	245	322
107	143	246	247
107	144	247	248
143	144	247	324
108	144	248	249
108	145	249	250
144	145	249	326
109	145	250	251
109	146	251	252
145	146	251	328
110	146	252	253
110	147	253	254
146	147	253	330
111	147	254	255
111	148	255	256
147	148	255	332
111	149	256	257
148	149	256	334
112	149	257	258
112	150	258	259
149	150	258	336
113	150	259	260
113	151	260	261
150	151	260	338
114	151	261	262
114	152	262	263
151	152	262	341
115	152	263	264
115	153	264	265
152	153	264	343
116	153	265	266
116	154	266	267
153	154	266	345
117	154	267	268
117	155	268	269
154	155	268	347
118	155	269	270
118	156	270	271
155	156	270	349
118	157	271	272
156	157	271	351
119	157	272	273
119	158	273	274
157	158	273	353
120	158	274	275
120	159	275	276
158	159	275	355
121	159	276	277
121	160	277	278
159	160	277	357
122	160	278	279
122	161	279	280
160	161	279	359
123	161	280	281
123	162	281	282
161	162	281	361
124	162	282	283
124	163	283	284
162	163	283	363
91	163	284	285
125	163	285	365
125	165	286	287
125	164	286	366
164	165	286	368
126	165	287	288
126	166	288	289
165	166	288	370
127	166	289	290
127	167	290	291
166	167	290	372
128	167	291	292
128	168	292	293
167	168	292	374
129	168	293	294
129	169	294	295
168	169	294	376
130	169	295	296
130	170	296	297
169	170	296	378
131	170	297	298
131	171	298	299
170	171	298	380
132	171	299	300
132	172	300	301
171	172	300	382
133	172	301	302
133	173	302	303
172	173	302	384
134	173	303	304
134	174	304	305
173	174	304	386
135	174	305	306
135	175	306	307
174	175	306	388
136	175	307	308
136	176	308	309
175	176	308	390
137	176	309	310
137	177	310	311
176	177	310	392
138	177	311	312
138	178	312	313
177	178	312	395
138	179	313	314
178	179	313	397
139	179	314	315
139	180	315	316
179	180	315	399
140	180	316	317
140	181	317	318
180	181	317	401
141	181	318	319
141	182	319	320
181	182	319	403
142	182	320	321
142	183	321	322
182	183	321	405
143	183	322	323
143	184	323	324
183	184	323	407
144	184	324	325
144	185	325	326
184	185	325	409
145	185	326	327
145	186	327	328
185	186	327	411
146	186	328	329
146	187	329	330
186	187	329	413
147	187	330	331
147	188	331	332
187	188	331	415
148	188	332	333
148	189	333	334
188	189	333	417
149	189	334	335
149	190	335	336
189	190	335	419
150	190	336	337
150	191	337	338
190	191	337	421
151	191	338	339
151	192	339	340
191	192	339	424
151	193	340	341
192	193	340	426
152	193	341	342
152	194	342	343
193	194	342	428
153	194	343	344
153	195	344	345
194	195	344	430
154	195	345	346
154	196	346	347
195	196	346	432
155	196	347	348
155	197	348	349
196	197	348	434
156	197	349	350
156	198	350	351
197	198	350	436
157	198	351	352
157	199	352	353
198	199	352	438
158	199	353	354
158	200	354	355
199	200	354	440
159	200	355	356
159	201	356	357
200	201	356	442
160	201	357	358
160	202	358	359
201	202	358	444
161	202	359	360
161	203	360	361
202	203	360	446
162	203	361	362
162	204	362	363
203	204	362	448
163	204	363	364
163	205	364	365
204	205	364	450
125	205	365	366
164	205	366	452
164	207	367	368
164	206	367	453
206	207	367	455
165	207	368	369
165	208	369	370
207	208	369	457
166	208	370	371
166	209	371	372
208	209	371	459
167	209	372	373
167	210	373	374
209	210	373	461
168	210	374	375
168	211	375	376
210	211	375	463
169	211	376	377
169	212	377	378
211	212	377	465
170	212	378	379
170	213	379	380
212	213	379	467
171	213	380	381
171	214	381	382
213	214	381	469
172	214	382	383
172	215	383	384
214	215	383	471
173	215	384	385
173	216	385	386
215	216	385	473
174	216	386	387
174	217	387	388
216	217	387	475
175	217	388	389
175	218	389	390
217	218	389	477
176	218	390	391
176	219	391	392
218	219	391	479
177	219	392	393
177	220	393	394
219	220	393	481
177	221	394	395
220	221	394	483
178	221	395	396
178	222	396	397
221	222	396	486
179	222	397	398
179	223	398	399
222	223	398	488
180	223	399	400
180	224	400	401
223	224	400	490
181	224	401	402
181	225	402	403
224	225	402	492
182	225	403	404
182	226	404	405
225	226	404	494
183	226	405	406
183	227	406	407
226	227	406	496
184	227	407	408
184	228	408	409
227	228	408	498
185	228	409	410
185	229	410	411
228	229	410	500
186	229	411	412
186	230	412	413
229	230	412	502
187	230	413	414
187	231	414	415
230	231	414	504
188	231	415	416
188	232	416	417
231	232	416	506
189	232	417	418
189	233	418	419
232	233	418	508
190	233	419	420
190	234	420	421
233	234	420	510
191	234	421	422
191	235	422	423
234	235	422	512
191	236	423	424
235	236	423	514
192	236	424	425
192	237	425	426
236	237	425	517
193	237	426	427
193	238	427	428
237	238	427	519
194	238	428	429
194	239	429	430
238	239	429	521
195	239	430	431
195	240	431	432
239	240	431	523
196	240	432	433
196	241	433	434
240	241	433	525
197	241	434	435
197	242	435	436
241	242	435	527
198	242	436	437
198	243	437	438
242	243	437	529
199	243	438	439
199	244	439	440
243	244	439	531
200	244	440	441
200	245	441	442
244	245	441	533
201	245	442	443
201	246	443	444
245	246	443	535
202	246	444	445
202	247	445	446
246	247	445	537
203	247	446	447
203	248	447	448
247	248	447	539
204	248	448	449
204	249	449	450
248	249	449	541
205	249	450	451
205	250	451	452
249	250	451	543
164	250	452	453
206	250	453	545
206	252	454	455
206	251	454	546
251	252	454	548
207	252	455	456
207	253	456	457
252	253	456	550
208	253	457	458
208	254	458	459
253	254	458	552
209	254	459	460
209	255	460	461
254	255	460	554
210	255	461	462
210	256	462	463
255	256	462	556
211	256	463	464
211	257	464	465
256	257	464	558
212	257	465	466
212	258	466	467
257	258	466	560
213	258	467	468
213	259	468	469
258	259	468	562
214	259	469	470
214	260	470	471
259	260	470	564
215	260	471	472
215	261	472	473
260	261	472	566
216	261	473	474
216	262	474	475
261	262	474	568
217	262	475	476
217	263	476	477
262	263	476	570
218	263	477	478
218	264	478	479
263	264	478	572
219	264	479	480
219	265	480	481
264	265	480	574
220	265	481	482
220	266	482	483
265	266	482	576
221	266	483	484
221	267	484	485
266	267	484	578
221	268	485	486
267	268	485	580
222	268	486	487
222	269	487	488
268	269	487	582
223	269	488	489
223	270	489	490
269	270	489	584
224	270	490	491
224	271	491	492
270	271	491	586
225	271	492	493
225	272	493	494
271	272	493	588
226	272	494	495
226	273	495	496
272	273	495	590
227	273	496	497
227	274	497	498
273	274	497	2659
228	274	498	499
228	275	499	500
274	275	499	2660
229	275	500	501
229	276	501	502
275	276	501	2662
230	276	502	503
230	277	503	504
276	277	503	591
231	277	504	505
231	278	505	506
277	278	505	593
232	278	506	507
232	279	507	508
278	279	507	595
233	279	508	509
233	280	509	510
279	280	509	597
234	280	510	511
234	281	511	512
280	281	511	599
235	281	512	513
235	282	513	514
281	282	513	601
236	282	514	515
236	283	515	516
282	283	515	603
236	284	516	517
283	284	516	605
237	284	517	518
237	285	518	519
284	285	518	607
238	285	519	520
238	286	520	521
285	286	520	609
239	286	521	522
239	287	522	523
286	287	522	611
240	287	523	524
240	288	524	525
287	288	524	613
241	288	525	526
241	289	526	527
288	289	526	615
242	289	527	528
242	290	528	529
289	290	528	617
243	290	529	530
243	291	530	531
290	291	530	619
244	291	531	532
244	292	532	533
291	292	532	621
245	292	533	534
245	293	534	535
292	293	534	623
246	293	535	536
246	294	536	537
293	294	536	625
247	294	537	538
247	295	538	539
294	295	538	627
248	295	539	540
248	296	540	541
295	296	540	629
249	296	541	542
249	297	542	543
296	297	542	631
250	297	543	544
250	298	544	545
297	298	544	633
206	298	545	546
251	298	546	635
251	300	547	548
251	299	547	636
299	300	547	638
252	300	548	549
252	301	549	550
300	301	549	640
253	301	550	551
253	302	551	552
301	302	551	642
254	302	552	553
254	303	553	554
302	303	553	644
255	303	554	555
255	304	555	556
303	304	555	646
256	304	556	557
256	305	557	558
304	305	557	648
257	305	558	559
257	306	559	560
305	306	559	650
258	306	560	561
258	307	561	562
306	307	561	652
259	307	562	563
259	308	563	564
307	308	563	654
260	308	564	565
260	309	565	566
308	309	565	656
261	309	566	567
261	310	567	568
309	310	567	658
262	310	568	569
262	311	569	570
310	311	569	660
263	311	570	571
263	312	571	572
311	312	571	662
264	312	572	573
264	313	573	574
312	313	573	664
265	313	574	575
265	314	575	576
313	314	575	666
266	314	576	577
266	315	577	578
314	315	577	668
267	315	578	579
267	316	579	580
315	316	579	670
268	316	580	581
268	317	581	582
316	317	581	672
269	317	582	583
269	318	583	584
317	318	583	674
270	318	584	585
270	319	585	586
318	319	585	676
271	319	586	587
271	320	587	588
319	320	587	678
272	320	588	589
272	321	589	590
320	321	589	680
273	321	590	2664
277	322	591	592
276	322	591	2665
277	323	592	593
322	323	592	681
278	323	593	594
278	324	594	595
323	324	594	683
279	324	595	596
279	325	596	597
324	325	596	685
280	325	597	598
280	326	598	599
325	326	598	687
281	326	599	600
281	327	600	601
326	327	600	689
282	327	601	602
282	328	602	603
327	328	602	691
283	328	603	604
283	329	604	605
328	329	604	693
284	329	605	606
284	330	606	607
329	330	606	695
285	330	607	608
285	331	608	609
330	331	608	697
286	331	609	610
286	332	610	611
331	332	610	699
287	332	611	612
287	333	612	613
332	333	612	701
288	333	613	614
288	334	614	615
333	334	614	703
289	334	615	616
289	335	616	617
334	335	616	705
290	335	617	618
290	336	618	619
335	336	618	707
291	336	619	620
291	337	620	621
336	337	620	709
292	337	621	622
292	338	622	623
337	338	622	711
293	338	623	624
293	339	624	625
338	339	624	713
294	339	625	626
294	340	626	627
339	340	626	715
295	340	627	628
295	341	628	629
340	341	628	717
296	341	629	630
296	342	630	631
341	342	630	719
297	342	631	632
297	343	632	633
342	343	632	721
298	343	633	634
298	344	634	635
343	344	634	723
251	344	635	636
299	344	636	725
299	346	637	638
299	345	637	726
345	346	637	727
300	346	638	639
300	347	639	640
346	347	639	729
301	347	640	641
301	348	641	642
347	348	641	731
302	348	642	643
302	349	643	644
348	349	643	733
303	349	644	645
303	350	645	646
349	350	645	735
304	350	646	647
304	351	647	648
350	351	647	737
305	351	648	649
305	352	649	650
351	352	649	739
306	352	650	651
306	353	651	652
352	353	651	741
307	353	652	653
307	354	653	654
353	354	653	743
308	354	654	655
308	355	655	656
354	355	655	745
309	355	656	657
309	356	657	658
355	356	657	747
310	356	658	659
310	357	659	660
356	357	659	749
311	357	660	661
311	358	661	662
357	358	661	751
312	358	662	663
312	359	663	664
358	359	663	753
313	359	664	665
313	360	665	666
359	360	665	755
314	360	666	667
314	361	667	668
360	361	667	757
315	361	668	669
315	362	669	670
361	362	669	759
316	362	670	671
316	363	671	672
362	363	671	761
317	363	672	673
317	364	673	674
363	364	673	763
318	364	674	675
318	365	675	676
364	365	675	765
319	365	676	677
319	366	677	678
365	366	677	767
320	366	678	679
320	367	679	680
366	367	679	769
321	367	680	2666
323	368	681	682
322	368	681	2668
323	369	682	683
368	369	682	771
324	369	683	684
324	370	684	685
369	370	684	773
325	370	685	686
325	371	686	687
370	371	686	775
326	371	687	688
326	372	688	689
371	372	688	777
327	372	689	690
327	373	690	691
372	373	690	779
328	373	691	692
328	374	692	693
373	374	692	781
329	374	693	694
329	375	694	695
374	375	694	783
330	375	695	696
330	376	696	697
375	376	696	785
331	376	697	698
331	377	698	699
376	377	698	787
332	377	699	700
332	378	700	701
377	378	700	789
333	378	701	702
333	379	702	703
378	379	702	791
334	379	703	704
334	380	704	705
379	380	704	793
335	380	705	706
335	381	706	707
380	381	706	795
336	381	707	708
336	382	708	709
381	382	708	797
337	382	709	710
337	383	710	711
382	383	710	799
338	383	711	712
338	384	712	713
383	384	712	801
339	384	713	714
339	385	714	715
384	385	714	803
340	385	715	716
340	386	716	717
385	386	716	805
341	386	717	718
341	387	718	719
386	387	718	807
342	387	719	720
342	388	720	721
387	388	720	809
343	388	721	722
343	389	722	723
388	389	722	811
344	389	723	724
344	390	724	725
389	390	724	813
299	390	725	726
345	390	726	815
346	391	727	728
345	391	727	816
346	392	728	729
391	392	728	817
347	392	729	730
347	393	730	731
392	393	730	819
348	393	731	732
348	394	732	733
393	394	732	821
349	394	733	734
349	395	734	735
394	395	734	823
350	395	735	736
350	396	736	737
395	396	736	825
351	396	737	738
351	397	738	739
396	397	738	827
352	397	739	740
352	398	740	741
397	398	740	829
353	398	741	742
353	399	742	743
398	399	742	831
354	399	743	744
354	400	744	745
399	400	744	833
355	400	745	746
355	401	746	747
400	401	746	835
356	401	747	748
356	402	748	749
401	402	748	837
357	402	749	750
357	403	750	751
402	403	750	839
358	403	751	752
358	404	752	753
403	404	752	841
359	404	753	754
359	405	754	755
404	405	754	843
360	405	755	756
360	406	756	757
405	406	756	845
361	406	757	758
361	407	758	759
406	407	758	847
362	407	759	760
362	408	760	761
407	408	760	849
363	408	761	762
363	409	762	763
408	409	762	851
364	409	763	764
364	410	764	765
409	410	764	853
365	410	765	766
365	411	766	767
410	411	766	855
366	411	767	768
366	412	768	769
411	412	768	857
367	412	769	770
412	413	770	859
367	413	770	2670
369	414	771	772
368	414	771	2671
369	415	772	773
414	415	772	862
370	415	773	774
370	416	774	775
415	416	774	864
371	416	775	776
371	417	776	777
416	417	776	866
372	417	777	778
372	418	778	779
417	418	778	868
373	418	779	780
373	419	780	781
418	419	780	870
374	419	781	782
374	420	782	783
419	420	782	872
375	420	783	784
375	421	784	785
420	421	784	874
376	421	785	786
376	422	786	787
421	422	786	876
377	422	787	788
377	423	788	789
422	423	788	878
378	423	789	790
378	424	790	791
423	424	790	880
379	424	791	792
379	425	792	793
424	425	792	882
380	425	793	794
380	426	794	795
425	426	794	884
381	426	795	796
381	427	796	797
426	427	796	886
382	427	797	798
382	428	798	799
427	428	798	888
383	428	799	800
383	429	800	801
428	429	800	890
384	429	801	802
384	430	802	803
429	430	802	892
385	430	803	804
385	431	804	805
430	431	804	894
386	431	805	806
386	432	806	807
431	432	806	896
387	432	807	808
387	433	808	809
432	433	808	898
388	433	809	810
388	434	810	811
433	434	810	900
389	434	811	812
389	435	812	813
434	435	812	902
390	435	813	814
390	436	814	815
435	436	814	904
345	436	815	816
391	436	816	906
392	437	817	818
391	437	817	906
392	438	818	819
437	438	818	907
393	438	819	820
393	439	820	821
438	439	820	909
394	439	821	822
394	440	822	823
439	440	822	911
395	440	823	824
395	441	824	825
440	441	824	913
396	441	825	826
396	442	826	827
441	442	826	915
397	442	827	828
397	443	828	829
442	443	828	917
398	443	829	830
398	444	830	831
443	444	830	919
399	444	831	832
399	445	832	833
444	445	832	921
400	445	833	834
400	446	834	835
445	446	834	923
401	446	835	836
401	447	836	837
446	447	836	925
402	447	837	838
402	448	838	839
447	448	838	927
403	448	839	840
403	449	840	841
448	449	840	929
404	449	841	842
404	450	842	843
449	450	842	931
405	450	843	844
405	451	844	845
450	451	844	933
406	451	845	846
406	452	846	847
451	452	846	935
407	452	847	848
407	453	848	849
452	453	848	937
408	453	849	850
408	454	850	851
453	454	850	939
409	454	851	852
409	455	852	853
454	455	852	941
410	455	853	854
410	456	854	855
455	456	854	943
411	456	855	856
411	457	856	857
456	457	856	945
412	457	857	858
412	458	858	859
457	458	858	947
413	458	859	860
458	459	860	949
413	459	860	2673
414	461	861	862
460	461	861	952
414	460	861	2675
415	461	862	863
415	462	863	864
461	462	863	954
416	462	864	865
416	463	865	866
462	463	865	956
417	463	866	867
417	464	867	868
463	464	867	958
418	464	868	869
418	465	869	870
464	465	869	960
419	465	870	871
419	466	871	872
465	466	871	962
420	466	872	873
420	467	873	874
466	467	873	964
421	467	874	875
421	468	875	876
467	468	875	966
422	468	876	877
422	469	877	878
468	469	877	968
423	469	878	879
423	470	879	880
469	470	879	970
424	470	880	881
424	471	881	882
470	471	881	972
425	471	882	883
425	472	883	884
471	472	883	974
426	472	884	885
426	473	885	886
472	473	885	976
427	473	886	887
427	474	887	888
473	474	887	978
428	474	888	889
428	475	889	890
474	475	889	980
429	475	890	891
429	476	891	892
475	476	891	982
430	476	892	893
430	477	893	894
476	477	893	984
431	477	894	895
431	478	895	896
477	478	895	986
432	478	896	897
432	479	897	898
478	479	897	988
433	479	898	899
433	480	899	900
479	480	899	990
434	480	900	901
434	481	901	902
480	481	901	992
435	481	902	903
435	482	903	904
481	482	903	994
436	482	904	905
436	437	905	906
437	482	905	995
438	483	907	908
437	483	907	996
438	484	908	909
483	484	908	997
439	484	909	910
439	485	910	911
484	485	910	999
440	485	911	912
440	486	912	913
485	486	912	1001
441	486	913	914
441	487	914	915
486	487	914	1003
442	487	915	916
442	488	916	917
487	488	916	1005
443	488	917	918
443	489	918	919
488	489	918	1007
444	489	919	920
444	490	920	921
489	490	920	1009
445	490	921	922
445	491	922	923
490	491	922	1011
446	491	923	924
446	492	924	925
491	492	924	1013
447	492	925	926
447	493	926	927
492	493	926	1015
448	493	927	928
448	494	928	929
493	494	928	1017
449	494	929	930
449	495	930	931
494	495	930	1019
450	495	931	932
450	496	932	933
495	496	932	1021
451	496	933	934
451	497	934	935
496	497	934	1023
452	497	935	936
452	498	936	937
497	498	936	1025
453	498	937	938
453	499	938	939
498	499	938	1026
454	499	939	940
454	500	940	941
499	500	940	1028
455	500	941	942
455	501	942	943
500	501	942	1030
456	501	943	944
456	502	944	945
501	502	944	1032
457	502	945	946
457	503	946	947
502	503	946	1034
458	503	947	948
458	504	948	949
503	504	948	1036
459	504	949	2677
504	505	950	1038
504	967	950	2677
505	967	950	2737
460	509	951	952
508	509	951	1046
460	508	951	2678
461	509	952	953
461	510	953	954
509	510	953	1048
462	510	954	955
462	511	955	956
510	511	955	1050
463	511	956	957
463	512	957	958
511	512	957	1052
464	512	958	959
464	513	959	960
512	513	959	1054
465	513	960	961
465	514	961	962
513	514	961	1056
466	514	962	963
466	515	963	964
514	515	963	1057
467	515	964	965
467	516	965	966
515	516	965	1059
468	516	966	967
468	517	967	968
516	517	967	1061
469	517	968	969
469	518	969	970
517	518	969	1063
470	518	970	971
470	519	971	972
518	519	971	1065
471	519	972	973
471	520	973	974
519	520	973	1067
472	520	974	975
472	521	975	976
520	521	975	1069
473	521	976	977
473	522	977	978
521	522	977	1071
474	522	978	979
474	523	979	980
522	523	979	1073
475	523	980	981
475	524	981	982
523	524	981	1075
476	524	982	983
476	525	983	984
524	525	983	1077
477	525	984	985
477	526	985	986
525	526	985	1079
478	526	986	987
478	527	987	988
526	527	987	1081
479	527	988	989
479	528	989	990
527	528	989	1083
480	528	990	991
480	529	991	992
528	529	991	1085
481	529	992	993
481	530	993	994
529	530	993	1087
482	530	994	995
437	530	995	996
483	530	996	1088
484	531	997	998
483	531	997	1089
484	532	998	999
531	532	998	1090
485	532	999	1000
485	533	1000	1001
532	533	1000	1092
486	533	1001	1002
486	534	1002	1003
533	534	1002	1094
487	534	1003	1004
487	535	1004	1005
534	535	1004	1096
488	535	1005	1006
488	536	1006	1007
535	536	1006	1098
489	536	1007	1008
489	537	1008	1009
536	537	1008	1100
490	537	1009	1010
490	538	1010	1011
537	538	1010	1102
491	538	1011	1012
491	539	1012	1013
538	539	1012	1104
492	539	1013	1014
492	540	1014	1015
539	540	1014	1106
493	540	1015	1016
493	541	1016	1017
540	541	1016	1108
494	541	1017	1018
494	542	1018	1019
541	542	1018	1110
495	542	1019	1020
495	543	1020	1021
542	543	1020	1112
496	543	1021	1022
496	544	1022	1023
543	544	1022	1114
497	544	1023	1024
497	545	1024	1025
544	545	1024	1116
498	545	1025	1026
499	545	1026	1027
499	546	1027	1028
545	546	1027	1117
500	546	1028	1029
500	547	1029	1030
546	547	1029	1119
501	547	1030	1031
501	548	1031	1032
547	548	1031	1121
502	548	1032	1033
502	549	1033	1034
548	549	1033	1123
503	549	1034	1035
503	550	1035	1036
549	550	1035	1125
504	550	1036	1037
504	551	1037	1038
550	551	1037	1127
505	551	1038	1039
505	552	1039	1040
551	552	1039	1129
506	552	1040	1041
505	506	1040	2679
552	553	1041	1131
506	553	1041	2680
507	553	1042	1043
553	964	1042	2680
507	964	1042	2683
507	554	1043	1044
553	554	1043	1133
508	554	1044	1045
507	508	1044	2682
508	555	1045	1046
554	555	1045	1135
509	555	1046	1047
509	556	1047	1048
555	556	1047	1137
510	556	1048	1049
510	557	1049	1050
556	557	1049	1139
511	557	1050	1051
511	558	1051	1052
557	558	1051	1141
512	558	1052	1053
512	559	1053	1054
558	559	1053	1143
513	559	1054	1055
513	560	1055	1056
559	560	1055	1145
514	560	1056	1057
515	560	1057	1058
515	561	1058	1059
560	561	1058	1146
516	561	1059	1060
516	562	1060	1061
561	562	1060	1148
517	562	1061	1062
517	563	1062	1063
562	563	1062	1150
518	563	1063	1064
518	564	1064	1065
563	564	1064	1152
519	564	1065	1066
519	565	1066	1067
564	565	1066	1154
520	565	1067	1068
520	566	1068	1069
565	566	1068	1156
521	566	1069	1070
521	567	1070	1071
566	567	1070	1158
522	567	1071	1072
522	568	1072	1073
567	568	1072	1160
523	568	1073	1074
523	569	1074	1075
568	569	1074	1162
524	569	1075	1076
524	570	1076	1077
569	570	1076	1164
525	570	1077	1078
525	571	1078	1079
570	571	1078	1166
526	571	1079	1080
526	572	1080	1081
571	572	1080	1168
527	572	1081	1082
527	573	1082	1083
572	573	1082	1170
528	573	1083	1084
528	574	1084	1085
573	574	1084	1172
529	574	1085	1086
529	575	1086	1087
574	575	1086	1174
530	575	1087	1088
483	575	1088	1089
531	575	1089	1175
532	576	1090	1091
531	576	1090	1176
532	577	1091	1092
576	577	1091	1177
533	577	1092	1093
533	578	1093	1094
577	578	1093	1179
534	578	1094	1095
534	579	1095	1096
578	579	1095	1181
535	579	1096	1097
535	580	1097	1098
579	580	1097	1183
536	580	1098	1099
536	581	1099	1100
580	581	1099	1185
537	581	1100	1101
537	582	1101	1102
581	582	1101	1187
538	582	1102	1103
538	583	1103	1104
582	583	1103	1189
539	583	1104	1105
539	584	1105	1106
583	584	1105	1191
540	584	1106	1107
540	585	1107	1108
584	585	1107	1193
541	585	1108	1109
541	586	1109	1110
585	586	1109	1195
542	586	1110	1111
542	587	1111	1112
586	587	1111	1197
543	587	1112	1113
543	588	1113	1114
587	588	1113	1199
544	588	1114	1115
544	589	1115	1116
588	589	1115	1201
545	589	1116	1117
546	589	1117	1118
546	590	1118	1119
589	590	1118	1203
547	590	1119	1120
547	591	1120	1121
590	591	1120	1204
548	591	1121	1122
548	592	1122	1123
591	592	1122	1206
549	592	1123	1124
549	593	1124	1125
592	593	1124	1208
550	593	1125	1126
550	594	1126	1127
593	594	1126	1210
551	594	1127	1128
551	595	1128	1129
594	595	1128	1212
552	595	1129	1130
552	596	1130	1131
595	596	1130	1214
553	596	1131	1132
553	597	1132	1133
596	597	1132	1216
554	597	1133	1134
554	598	1134	1135
597	598	1134	1218
555	598	1135	1136
555	599	1136	1137
598	599	1136	1220
556	599	1137	1138
556	600	1138	1139
599	600	1138	1222
557	600	1139	1140
557	601	1140	1141
600	601	1140	1224
558	601	1141	1142
558	602	1142	1143
601	602	1142	1226
559	602	1143	1144
559	603	1144	1145
602	603	1144	1228
560	603	1145	1146
561	603	1146	1147
561	604	1147	1148
603	604	1147	1230
562	604	1148	1149
562	605	1149	1150
604	605	1149	1231
563	605	1150	1151
563	606	1151	1152
605	606	1151	1233
564	606	1152	1153
564	607	1153	1154
606	607	1153	1235
565	607	1154	1155
565	608	1155	1156
607	608	1155	1237
566	608	1156	1157
566	609	1157	1158
608	609	1157	1239
567	609	1158	1159
567	610	1159	1160
609	610	1159	1241
568	610	1160	1161
568	611	1161	1162
610	611	1161	1243
569	611	1162	1163
569	612	1163	1164
611	612	1163	1245
570	612	1164	1165
570	613	1165	1166
612	613	1165	1247
571	613	1166	1167
571	614	1167	1168
613	614	1167	1249
572	614	1168	1169
572	615	1169	1170
614	615	1169	1251
573	615	1170	1171
573	616	1171	1172
615	616	1171	1253
574	616	1172	1173
574	617	1173	1174
616	617	1173	1255
575	617	1174	1175
531	617	1175	1176
576	617	1176	1256
577	618	1177	1178
576	618	1177	1257
577	619	1178	1179
618	619	1178	1258
578	619	1179	1180
578	620	1180	1181
619	620	1180	1260
579	620	1181	1182
579	621	1182	1183
620	621	1182	1262
580	621	1183	1184
580	622	1184	1185
621	622	1184	1264
581	622	1185	1186
581	623	1186	1187
622	623	1186	1266
582	623	1187	1188
582	624	1188	1189
623	624	1188	1268
583	624	1189	1190
583	625	1190	1191
624	625	1190	1270
584	625	1191	1192
584	626	1192	1193
625	626	1192	1271
585	626	1193	1194
585	627	1194	1195
626	627	1194	1273
586	627	1195	1196
586	628	1196	1197
627	628	1196	1275
587	628	1197	1198
587	629	1198	1199
628	629	1198	1277
588	629	1199	1200
588	630	1200	1201
629	630	1200	1279
589	630	1201	1202
589	631	1202	1203
630	631	1202	1281
590	631	1203	1204
591	631	1204	1205
591	632	1205	1206
631	632	1205	1283
592	632	1206	1207
592	633	1207	1208
632	633	1207	1285
593	633	1208	1209
593	634	1209	1210
633	634	1209	1286
594	634	1210	1211
594	635	1211	1212
634	635	1211	1288
595	635	1212	1213
595	636	1213	1214
635	636	1213	1290
596	636	1214	1215
596	637	1215	1216
636	637	1215	1292
597	637	1216	1217
597	638	1217	1218
637	638	1217	1294
598	638	1218	1219
598	639	1219	1220
638	639	1219	1296
599	639	1220	1221
599	640	1221	1222
639	640	1221	1298
600	640	1222	1223
600	641	1223	1224
640	641	1223	1300
601	641	1224	1225
601	642	1225	1226
641	642	1225	1301
602	642	1226	1227
602	643	1227	1228
642	643	1227	1303
603	643	1228	1229
603	644	1229	1230
643	644	1229	1305
604	644	1230	1231
605	644	1231	1232
605	645	1232	1233
644	645	1232	1307
606	645	1233	1234
606	646	1234	1235
645	646	1234	1309
607	646	1235	1236
607	647	1236	1237
646	647	1236	1311
608	647	1237	1238
608	648	1238	1239
647	648	1238	1313
609	648	1239	1240
609	649	1240	1241
648	649	1240	1315
610	649	1241	1242
610	650	1242	1243
649	650	1242	1316
611	650	1243	1244
611	651	1244	1245
650	651	1244	1318
612	651	1245	1246
612	652	1246	1247
651	652	1246	1320
613	652	1247	1248
613	653	1248	1249
652	653	1248	1322
614	653	1249	1250
614	654	1250	1251
653	654	1250	1324
615	654	1251	1252
615	655	1252	1253
654	655	1252	1326
616	655	1253	1254
616	656	1254	1255
655	656	1254	1328
617	656	1255	1256
576	656	1256	1257
618	656	1257	1329
619	657	1258	1259
618	657	1258	1330
619	658	1259	1260
657	658	1259	1331
620	658	1260	1261
620	659	1261	1262
658	659	1261	1333
621	659	1262	1263
621	660	1263	1264
659	660	1263	1335
622	660	1264	1265
622	661	1265	1266
660	661	1265	1337
623	661	1266	1267
623	662	1267	1268
661	662	1267	1339
624	662	1268	1269
624	663	1269	1270
662	663	1269	1341
625	663	1270	1271
626	663	1271	1272
626	664	1272	1273
663	664	1272	1342
627	664	1273	1274
627	665	1274	1275
664	665	1274	1344
628	665	1275	1276
628	666	1276	1277
665	666	1276	1346
629	666	1277	1278
629	667	1278	1279
666	667	1278	1348
630	667	1279	1280
630	668	1280	1281
667	668	1280	1350
631	668	1281	1282
631	669	1282	1283
668	669	1282	1352
632	669	1283	1284
632	670	1284	1285
669	670	1284	1354
633	670	1285	1286
634	670	1286	1287
634	671	1287	1288
670	671	1287	1355
635	671	1288	1289
635	672	1289	1290
671	672	1289	1357
636	672	1290	1291
636	673	1291	1292
672	673	1291	1359
637	673	1292	1293
637	674	1293	1294
673	674	1293	1361
638	674	1294	1295
638	675	1295	1296
674	675	1295	1363
639	675	1296	1297
639	676	1297	1298
675	676	1297	1365
640	676	1298	1299
640	677	1299	1300
676	677	1299	1367
641	677	1300	1301
642	677	1301	1302
642	678	1302	1303
677	678	1302	1368
643	678	1303	1304
643	679	1304	1305
678	679	1304	1370
644	679	1305	1306
644	680	1306	1307
679	680	1306	1372
645	680	1307	1308
645	681	1308	1309
680	681	1308	1374
646	681	1309	1310
646	682	1310	1311
681	682	1310	1376
647	682	1311	1312
647	683	1312	1313
682	683	1312	1378
648	683	1313	1314
648	684	1314	1315
683	684	1314	1380
649	684	1315	1316
650	684	1316	1317
650	685	1317	1318
684	685	1317	1381
651	685	1318	1319
651	686	1319	1320
685	686	1319	1383
652	686	1320	1321
652	687	1321	1322
686	687	1321	1385
653	687	1322	1323
653	688	1323	1324
687	688	1323	1387
654	688	1324	1325
654	689	1325	1326
688	689	1325	1389
655	689	1326	1327
655	690	1327	1328
689	690	1327	1391
656	690	1328	1329
618	690	1329	1330
657	690	1330	1392
658	691	1331	1332
657	691	1331	1393
658	692	1332	1333
691	692	1332	1394
659	692	1333	1334
659	693	1334	1335
692	693	1334	1396
660	693	1335	1336
660	694	1336	1337
693	694	1336	1398
661	694	1337	1338
661	695	1338	1339
694	695	1338	1400
662	695	1339	1340
662	696	1340	1341
695	696	1340	1402
663	696	1341	1342
664	696	1342	1343
664	697	1343	1344
696	697	1343	1403
665	697	1344	1345
665	698	1345	1346
697	698	1345	1405
666	698	1346	1347
666	699	1347	1348
698	699	1347	1407
667	699	1348	1349
667	700	1349	1350
699	700	1349	1409
668	700	1350	1351
668	701	1351	1352
700	701	1351	1411
669	701	1352	1353
669	702	1353	1354
701	702	1353	1413
670	702	1354	1355
671	702	1355	1356
671	703	1356	1357
702	703	1356	1414
672	703	1357	1358
672	704	1358	1359
703	704	1358	1416
673	704	1359	1360
673	705	1360	1361
704	705	1360	1418
674	705	1361	1362
674	706	1362	1363
705	706	1362	1420
675	706	1363	1364
675	707	1364	1365
706	707	1364	1422
676	707	1365	1366
676	708	1366	1367
707	708	1366	1424
677	708	1367	1368
678	708	1368	1369
678	709	1369	1370
708	709	1369	1425
679	709	1370	1371
679	710	1371	1372
709	710	1371	1427
680	710	1372	1373
680	711	1373	1374
710	711	1373	1429
681	711	1374	1375
681	712	1375	1376
711	712	1375	1431
682	712	1376	1377
682	713	1377	1378
712	713	1377	1433
683	713	1378	1379
683	714	1379	1380
713	714	1379	1435
684	714	1380	1381
685	714	1381	1382
685	715	1382	1383
714	715	1382	1436
686	715	1383	1384
686	716	1384	1385
715	716	1384	1438
687	716	1385	1386
687	717	1386	1387
716	717	1386	1440
688	717	1387	1388
688	718	1388	1389
717	718	1388	1442
689	718	1389	1390
689	719	1390	1391
718	719	1390	1444
690	719	1391	1392
657	719	1392	1393
691	719	1393	1445
692	720	1394	1395
691	720	1394	1446
692	721	1395	1396
720	721	1395	1447
693	721	1396	1397
693	722	1397	1398
721	722	1397	1449
694	722	1398	1399
694	723	1399	1400
722	723	1399	1451
695	723	1400	1401
695	724	1401	1402
723	724	1401	1452
696	724	1402	1403
697	724	1403	1404
697	725	1404	1405
724	725	1404	1454
698	725	1405	1406
698	726	1406	1407
725	726	1406	1456
699	726	1407	1408
699	727	1408	1409
726	727	1408	1458
700	727	1409	1410
700	728	1410	1411
727	728	1410	1459
701	728	1411	1412
701	729	1412	1413
728	729	1412	1461
702	729	1413	1414
703	729	1414	1415
703	730	1415	1416
729	730	1415	1463
704	730	1416	1417
704	731	1417	1418
730	731	1417	1465
705	731	1418	1419
705	732	1419	1420
731	732	1419	1466
706	732	1420	1421
706	733	1421	1422
732	733	1421	1468
707	733	1422	1423
707	734	1423	1424
733	734	1423	1470
708	734	1424	1425
709	734	1425	1426
709	735	1426	1427
734	735	1426	1472
710	735	1427	1428
710	736	1428	1429
735	736	1428	1473
711	736	1429	1430
711	737	1430	1431
736	737	1430	1475
712	737	1431	1432
712	738	1432	1433
737	738	1432	1477
713	738	1433	1434
713	739	1434	1435
738	739	1434	1479
714	739	1435	1436
715	739	1436	1437
715	740	1437	1438
739	740	1437	1480
716	740	1438	1439
716	741	1439	1440
740	741	1439	1482
717	741	1440	1441
717	742	1441	1442
741	742	1441	1484
718	742	1442	1443
718	743	1443	1444
742	743	1443	1486
719	743	1444	1445
691	743	1445	1446
720	743	1446	1487
721	744	1447	1448
720	744	1447	1488
721	745	1448	1449
744	745	1448	1489
722	745	1449	1450
722	746	1450	1451
745	746	1450	1491
723	746	1451	1452
724	746	1452	1453
724	747	1453	1454
746	747	1453	1492
725	747	1454	1455
725	748	1455	1456
747	748	1455	1494
726	748	1456	1457
726	749	1457	1458
748	749	1457	1496
727	749	1458	1459
728	749	1459	1460
728	750	1460	1461
749	750	1460	1497
729	750	1461	1462
729	751	1462	1463
750	751	1462	1499
730	751	1463	1464
730	752	1464	1465
751	752	1464	1501
731	752	1465	1466
732	752	1466	1467
732	753	1467	1468
752	753	1467	1502
733	753	1468	1469
733	754	1469	1470
753	754	1469	1504
734	754	1470	1471
734	755	1471	1472
754	755	1471	1506
735	755	1472	1473
736	755	1473	1474
736	756	1474	1475
755	756	1474	1507
737	756	1475	1476
737	757	1476	1477
756	757	1476	1509
738	757	1477	1478
738	758	1478	1479
757	758	1478	1511
739	758	1479	1480
740	758	1480	1481
740	759	1481	1482
758	759	1481	1513
741	759	1482	1483
741	760	1483	1484
759	760	1483	1514
742	760	1484	1485
742	761	1485	1486
760	761	1485	1516
743	761	1486	1487
720	761	1487	1488
744	761	1488	1517
745	762	1489	1490
744	762	1489	1518
745	763	1490	1491
762	763	1490	1519
746	763	1491	1492
747	763	1492	1493
747	764	1493	1494
763	764	1493	1520
748	764	1494	1495
748	765	1495	1496
764	765	1495	1522
749	765	1496	1497
750	765	1497	1498
750	766	1498	1499
765	766	1498	1523
751	766	1499	1500
751	767	1500	1501
766	767	1500	1525
752	767	1501	1502
753	767	1502	1503
753	768	1503	1504
767	768	1503	1526
754	768	1504	1505
754	769	1505	1506
768	769	1505	1528
755	769	1506	1507
756	769	1507	1508
756	770	1508	1509
769	770	1508	1529
757	770	1509	1510
757	771	1510	1511
770	771	1510	1531
758	771	1511	1512
758	772	1512	1513
771	772	1512	1532
759	772	1513	1514
760	772	1514	1515
760	773	1515	1516
772	773	1515	1534
761	773	1516	1517
744	773	1517	1518
762	773	1518	1535
763	774	1519	1520
762	774	1519	1536
764	774	1520	1521
764	775	1521	1522
774	775	1521	1537
765	775	1522	1523
766	775	1523	1524
766	776	1524	1525
775	776	1524	1538
767	776	1525	1526
768	776	1526	1527
768	777	1527	1528
776	777	1527	1539
769	777	1528	1529
770	777	1529	1530
770	778	1530	1531
777	778	1530	1540
771	778	1531	1532
772	778	1532	1533
772	779	1533	1534
778	779	1533	1541
773	779	1534	1535
762	779	1535	1536
774	779	1536	1542
775	780	1537	1538
774	780	1537	1542
776	780	1538	1539
777	780	1539	1540
778	780	1540	1541
779	780	1541	1542
781	782	1543	1545
782	783	1543	1547
781	783	1543	2685
781	785	1544	1545
784	785	1544	1550
781	784	1544	2686
782	785	1545	1553
782	787	1546	1547
782	786	1546	1554
786	787	1546	1556
783	787	1547	1548
787	788	1548	1558
783	788	1548	2688
784	790	1549	1550
789	790	1549	1560
784	789	1549	2689
785	790	1550	1551
785	791	1551	1552
790	791	1551	1562
785	792	1552	1553
791	792	1552	1565
782	792	1553	1554
786	792	1554	1567
786	794	1555	1556
786	793	1555	1568
793	794	1555	1570
787	794	1556	1557
787	795	1557	1558
794	795	1557	1572
788	795	1558	1559
795	796	1559	1574
788	796	1559	2691
790	797	1560	1561
789	797	1560	2692
790	798	1561	1562
797	798	1561	1577
791	798	1562	1563
791	799	1563	1564
798	799	1563	1580
791	800	1564	1565
799	800	1564	1582
792	800	1565	1566
792	801	1566	1567
800	801	1566	1584
786	801	1567	1568
793	801	1568	1586
793	803	1569	1570
793	802	1569	1587
802	803	1569	1589
794	803	1570	1571
794	804	1571	1572
803	804	1571	1591
795	804	1572	1573
795	805	1573	1574
804	805	1573	1593
796	805	1574	1575
805	806	1575	1595
796	806	1575	2694
797	808	1576	1577
807	808	1576	1598
797	807	1576	2695
798	808	1577	1578
798	809	1578	1579
808	809	1578	1601
798	810	1579	1580
809	810	1579	1603
799	810	1580	1581
799	811	1581	1582
810	811	1581	1605
800	811	1582	1583
800	812	1583	1584
811	812	1583	1607
801	812	1584	1585
801	813	1585	1586
812	813	1585	1609
793	813	1586	1587
802	813	1587	1611
802	815	1588	1589
802	814	1588	1612
814	815	1588	1614
803	815	1589	1590
803	816	1590	1591
815	816	1590	1616
804	816	1591	1592
804	817	1592	1593
816	817	1592	1618
805	817	1593	1594
805	818	1594	1595
817	818	1594	1620
806	818	1595	1596
818	819	1596	1622
806	819	1596	2696
807	821	1597	1598
820	821	1597	1624
807	820	1597	2697
808	821	1598	1599
808	822	1599	1600
821	822	1599	1626
808	823	1600	1601
822	823	1600	1629
809	823	1601	1602
809	824	1602	1603
823	824	1602	1631
810	824	1603	1604
810	825	1604	1605
824	825	1604	1633
811	825	1605	1606
811	826	1606	1607
825	826	1606	1635
812	826	1607	1608
812	827	1608	1609
826	827	1608	1637
813	827	1609	1610
813	828	1610	1611
827	828	1610	1639
802	828	1611	1612
814	828	1612	1641
814	830	1613	1614
814	829	1613	1642
829	830	1613	1644
815	830	1614	1615
815	831	1615	1616
830	831	1615	1646
816	831	1616	1617
816	832	1617	1618
831	832	1617	1648
817	832	1618	1619
817	833	1619	1620
832	833	1619	1650
818	833	1620	1621
818	834	1621	1622
833	834	1621	1652
819	834	1622	1623
834	835	1623	1654
819	835	1623	2698
821	836	1624	1625
820	836	1624	2700
821	837	1625	1626
836	837	1625	1657
822	837	1626	1627
822	838	1627	1628
837	838	1627	1659
822	839	1628	1629
838	839	1628	1662
823	839	1629	1630
823	840	1630	1631
839	840	1630	2703
824	840	1631	1632
824	841	1632	1633
840	841	1632	2663
825	841	1633	1634
825	842	1634	1635
841	842	1634	2661
826	842	1635	1636
826	843	1636	1637
842	843	1636	2704
827	843	1637	1638
827	844	1638	1639
843	844	1638	1663
828	844	1639	1640
828	845	1640	1641
844	845	1640	1665
814	845	1641	1642
829	845	1642	1667
829	847	1643	1644
829	846	1643	1668
846	847	1643	1670
830	847	1644	1645
830	848	1645	1646
847	848	1645	1672
831	848	1646	1647
831	849	1647	1648
848	849	1647	1674
832	849	1648	1649
832	850	1649	1650
849	850	1649	1676
833	850	1650	1651
833	851	1651	1652
850	851	1651	1678
834	851	1652	1653
834	852	1653	1654
851	852	1653	1680
835	852	1654	1655
852	853	1655	1682
835	853	1655	2706
836	856	1656	1657
855	856	1656	1686
836	855	1656	2707
837	856	1657	1658
837	857	1658	1659
856	857	1658	1688
838	857	1659	1660
838	858	1660	1661
857	858	1660	1690
838	859	1661	1662
858	859	1661	1692
839	859	1662	2702
844	860	1663	1664
843	860	1663	2705
844	861	1664	1665
860	861	1664	1693
845	861	1665	1666
845	862	1666	1667
861	862	1666	1695
829	862	1667	1668
846	862	1668	1697
846	864	1669	1670
846	863	1669	1698
863	864	1669	1700
847	864	1670	1671
847	865	1671	1672
864	865	1671	1702
848	865	1672	1673
848	866	1673	1674
865	866	1673	1704
849	866	1674	1675
849	867	1675	1676
866	867	1675	1706
850	867	1676	1677
850	868	1677	1678
867	868	1677	1708
851	868	1678	1679
851	869	1679	1680
868	869	1679	1710
852	869	1680	1681
852	870	1681	1682
869	870	1681	1712
853	870	1682	1683
853	871	1683	1684
870	871	1683	1714
854	871	1684	1685
853	854	1684	2709
871	872	1685	1716
854	872	1685	2710
856	873	1686	1687
855	873	1686	2711
856	874	1687	1688
873	874	1687	1718
857	874	1688	1689
857	875	1689	1690
874	875	1689	1720
858	875	1690	1691
858	876	1691	1692
875	876	1691	1722
859	876	1692	2669
861	877	1693	1694
860	877	1693	2667
861	878	1694	1695
877	878	1694	1723
862	878	1695	1696
862	879	1696	1697
878	879	1696	1725
846	879	1697	1698
863	879	1698	1727
863	881	1699	1700
863	880	1699	1728
880	881	1699	1729
864	881	1700	1701
864	882	1701	1702
881	882	1701	1731
865	882	1702	1703
865	883	1703	1704
882	883	1703	1733
866	883	1704	1705
866	884	1705	1706
883	884	1705	1735
867	884	1706	1707
867	885	1707	1708
884	885	1707	1737
868	885	1708	1709
868	886	1709	1710
885	886	1709	1739
869	886	1710	1711
869	887	1711	1712
886	887	1711	1741
870	887	1712	1713
870	888	1713	1714
887	888	1713	1743
871	888	1714	1715
871	889	1715	1716
888	889	1715	1745
872	889	1716	2713
873	891	1717	1718
890	891	1717	1747
873	890	1717	2714
874	891	1718	1719
874	892	1719	1720
891	892	1719	1749
875	892	1720	1721
875	893	1721	1722
892	893	1721	1751
876	893	1722	2672
878	894	1723	1724
877	894	1723	2716
878	895	1724	1725
894	895	1724	1753
879	895	1725	1726
879	896	1726	1727
895	896	1726	1755
863	896	1727	1728
880	896	1728	1757
881	897	1729	1730
880	897	1729	1758
881	898	1730	1731
897	898	1730	1759
882	898	1731	1732
882	899	1732	1733
898	899	1732	1761
883	899	1733	1734
883	900	1734	1735
899	900	1734	1763
884	900	1735	1736
884	901	1736	1737
900	901	1736	1765
885	901	1737	1738
885	902	1738	1739
901	902	1738	1767
886	902	1739	1740
886	903	1740	1741
902	903	1740	1769
887	903	1741	1742
887	904	1742	1743
903	904	1742	1771
888	904	1743	1744
888	905	1744	1745
904	905	1744	1773
889	905	1745	1746
905	906	1746	1775
889	906	1746	2718
891	908	1747	1748
890	908	1747	2719
891	909	1748	1749
908	909	1748	1779
892	909	1749	1750
892	910	1750	1751
909	910	1750	1781
893	910	1751	1752
910	911	1752	1783
893	911	1752	2676
367	894	1753	2716
367	895	1753	2717
895	913	1754	1755
912	913	1754	1785
895	912	1754	2717
896	913	1755	1756
896	914	1756	1757
913	914	1756	1787
880	914	1757	1758
897	914	1758	1789
898	915	1759	1760
897	915	1759	1790
898	916	1760	1761
915	916	1760	1791
899	916	1761	1762
899	917	1762	1763
916	917	1762	1793
900	917	1763	1764
900	918	1764	1765
917	918	1764	1795
901	918	1765	1766
901	919	1766	1767
918	919	1766	1797
902	919	1767	1768
902	920	1768	1769
919	920	1768	1799
903	920	1769	1770
903	921	1770	1771
920	921	1770	1801
904	921	1771	1772
904	922	1772	1773
921	922	1772	1803
905	922	1773	1774
905	923	1774	1775
922	923	1774	1805
906	923	1775	1776
906	924	1776	1777
923	924	1776	1807
907	924	1777	1778
906	907	1777	2718
924	925	1778	1809
907	925	1778	2721
909	926	1779	1780
908	926	1779	2722
909	927	1780	1781
926	927	1780	1810
910	927	1781	1782
910	928	1782	1783
927	928	1782	1812
911	928	1783	1784
928	929	1784	1814
911	929	1784	2724
913	930	1785	1786
912	930	1785	2674
913	931	1786	1787
930	931	1786	1817
914	931	1787	1788
914	932	1788	1789
931	932	1788	1819
897	932	1789	1790
915	932	1790	1820
916	933	1791	1792
915	933	1791	1821
916	934	1792	1793
933	934	1792	1822
917	934	1793	1794
917	935	1794	1795
934	935	1794	1824
918	935	1795	1796
918	936	1796	1797
935	936	1796	1826
919	936	1797	1798
919	937	1798	1799
936	937	1798	1828
920	937	1799	1800
920	938	1800	1801
937	938	1800	1830
921	938	1801	1802
921	939	1802	1803
938	939	1802	1832
922	939	1803	1804
922	940	1804	1805
939	940	1804	1834
923	940	1805	1806
923	941	1806	1807
940	941	1806	1836
924	941	1807	1808
924	942	1808	1809
941	942	1808	1838
925	942	1809	2726
927	943	1810	1811
926	943	1810	2728
927	944	1811	1812
943	944	1811	1840
928	944	1812	1813
928	945	1813	1814
944	945	1813	1842
929	945	1814	1815
945	946	1815	1844
929	946	1815	2725
930	948	1816	1817
947	948	1816	1847
930	947	1816	2729
931	948	1817	1818
931	949	1818	1819
948	949	1818	1849
932	949	1819	1820
915	949	1820	1821
933	949	1821	1850
934	950	1822	1823
933	950	1822	1851
934	951	1823	1824
950	951	1823	1852
935	951	1824	1825
935	952	1825	1826
951	952	1825	1854
936	952	1826	1827
936	953	1827	1828
952	953	1827	1856
937	953	1828	1829
937	954	1829	1830
953	954	1829	1858
938	954	1830	1831
938	955	1831	1832
954	955	1831	1860
939	955	1832	1833
939	956	1833	1834
955	956	1833	1862
940	956	1834	1835
940	957	1835	1836
956	957	1835	1864
941	957	1836	1837
941	958	1837	1838
957	958	1837	1866
942	958	1838	2730
943	960	1839	1840
959	960	1839	1867
943	959	1839	2732
944	960	1840	1841
944	961	1841	1842
960	961	1841	1869
945	961	1842	1843
945	962	1843	1844
961	962	1843	1870
946	962	1844	1845
962	963	1845	1872
946	963	1845	2684
947	969	1846	1847
968	969	1846	1884
947	968	1846	2739
948	969	1847	1848
948	970	1848	1849
969	970	1848	1886
949	970	1849	1850
933	970	1850	1851
950	970	1851	1887
951	971	1852	1853
950	971	1852	1888
951	972	1853	1854
971	972	1853	1889
952	972	1854	1855
952	973	1855	1856
972	973	1855	1891
953	973	1856	1857
953	974	1857	1858
973	974	1857	1893
954	974	1858	1859
954	975	1859	1860
974	975	1859	1895
955	975	1860	1861
955	976	1861	1862
975	976	1861	1897
956	976	1862	1863
956	977	1863	1864
976	977	1863	1899
957	977	1864	1865
957	978	1865	1866
977	978	1865	1901
958	978	1866	2733
960	979	1867	1868
959	979	1867	2735
960	980	1868	1869
979	980	1868	1903
961	980	1869	1870
962	980	1870	1871
962	981	1871	1872
980	981	1871	1904
963	981	1872	1873
963	982	1873	1874
981	982	1873	1906
964	982	1874	1875
963	964	1874	2683
982	983	1875	1908
964	983	1875	2681
965	983	1876	1877
506	965	1876	2679
506	983	1876	2681
965	984	1877	1878
983	984	1877	1910
966	984	1878	1879
965	966	1878	2736
966	985	1879	1880
984	985	1879	1912
967	985	1880	1881
966	967	1880	2737
967	986	1881	1882
985	986	1881	1914
968	986	1882	1883
967	968	1882	2738
968	987	1883	1884
986	987	1883	1916
969	987	1884	1885
969	988	1885	1886
987	988	1885	1918
970	988	1886	1887
950	988	1887	1888
971	988	1888	1919
972	989	1889	1890
971	989	1889	1920
972	990	1890	1891
989	990	1890	1921
973	990	1891	1892
973	991	1892	1893
990	991	1892	1923
974	991	1893	1894
974	992	1894	1895
991	992	1894	1925
975	992	1895	1896
975	993	1896	1897
992	993	1896	1927
976	993	1897	1898
976	994	1898	1899
993	994	1898	1929
977	994	1899	1900
977	995	1900	1901
994	995	1900	1931
978	995	1901	2740
979	997	1902	1903
996	997	1902	1933
979	996	1902	2742
980	997	1903	1904
981	997	1904	1905
981	998	1905	1906
997	998	1905	1934
982	998	1906	1907
982	999	1907	1908
998	999	1907	1936
983	999	1908	1909
983	1000	1909	1910
999	1000	1909	1938
984	1000	1910	1911
984	1001	1911	1912
1000	1001	1911	1940
985	1001	1912	1913
985	1002	1913	1914
1001	1002	1913	1942
986	1002	1914	1915
986	1003	1915	1916
1002	1003	1915	1944
987	1003	1916	1917
987	1004	1917	1918
1003	1004	1917	1946
988	1004	1918	1919
971	1004	1919	1920
989	1004	1920	1947
990	1005	1921	1922
989	1005	1921	1948
990	1006	1922	1923
1005	1006	1922	1949
991	1006	1923	1924
991	1007	1924	1925
1006	1007	1924	1951
992	1007	1925	1926
992	1008	1926	1927
1007	1008	1926	1953
993	1008	1927	1928
993	1009	1928	1929
1008	1009	1928	1954
994	1009	1929	1930
994	1010	1930	1931
1009	1010	1930	1956
995	1010	1931	2744
996	1012	1932	1933
1011	1012	1932	1958
996	1011	1932	2745
997	1012	1933	1934
998	1012	1934	1935
998	1013	1935	1936
1012	1013	1935	1960
999	1013	1936	1937
999	1014	1937	1938
1013	1014	1937	1962
1000	1014	1938	1939
1000	1015	1939	1940
1014	1015	1939	1963
1001	1015	1940	1941
1001	1016	1941	1942
1015	1016	1941	1965
1002	1016	1942	1943
1002	1017	1943	1944
1016	1017	1943	1967
1003	1017	1944	1945
1003	1018	1945	1946
1017	1018	1945	1969
1004	1018	1946	1947
989	1018	1947	1948
1005	1018	1948	1970
1006	1019	1949	1950
1005	1019	1949	1971
1006	1020	1950	1951
1019	1020	1950	1972
1007	1020	1951	1952
1007	1021	1952	1953
1020	1021	1952	1974
1008	1021	1953	1954
1009	1021	1954	1955
1009	1022	1955	1956
1021	1022	1955	1975
1010	1022	1956	1957
1022	1023	1957	1977
1010	1023	1957	2747
1012	1024	1958	1959
1011	1024	1958	2748
1012	1025	1959	1960
1024	1025	1959	1979
1013	1025	1960	1961
1013	1026	1961	1962
1025	1026	1961	1981
1014	1026	1962	1963
1015	1026	1963	1964
1015	1027	1964	1965
1026	1027	1964	1983
1016	1027	1965	1966
1016	1028	1966	1967
1027	1028	1966	1984
1017	1028	1967	1968
1017	1029	1968	1969
1028	1029	1968	1986
1018	1029	1969	1970
1005	1029	1970	1971
1019	1029	1971	1987
1020	1030	1972	1973
1019	1030	1972	1988
1020	1031	1973	1974
1030	1031	1973	1989
1021	1031	1974	1975
1022	1031	1975	1976
1022	1032	1976	1977
1031	1032	1976	1990
1023	1032	1977	1978
1032	1033	1978	1992
1023	1033	1978	2750
1025	1034	1979	1980
1024	1034	1979	2752
1025	1035	1980	1981
1034	1035	1980	1993
1026	1035	1981	1982
1026	1036	1982	1983
1035	1036	1982	1994
1027	1036	1983	1984
1028	1036	1984	1985
1028	1037	1985	1986
1036	1037	1985	1996
1029	1037	1986	1987
1019	1037	1987	1988
1030	1037	1988	1997
1031	1038	1989	1990
1030	1038	1989	1998
1032	1038	1990	1991
1032	1039	1991	1992
1038	1039	1991	1999
1033	1039	1992	2753
1035	1040	1993	1994
1034	1040	1993	2754
1036	1040	1994	1995
1036	1041	1995	1996
1040	1041	1995	2000
1037	1041	1996	1997
1030	1041	1997	1998
1038	1041	1998	2001
1038	1042	1999	2001
1039	1042	1999	2780
1041	1042	2000	2001
1040	1042	2000	2755
1043	1045	2002	2003
1043	1044	2002	2007
1044	1045	2002	2009
1043	1046	2003	2004
1045	1046	2003	2012
1043	1047	2004	2005
1046	1047	2004	2015
1043	1048	2005	2006
1047	1048	2005	2018
1043	1049	2006	2007
1048	1049	2006	2021
1044	1049	2007	2024
1044	1051	2008	2009
1044	1050	2008	2025
1050	1051	2008	2027
1045	1051	2009	2010
1045	1052	2010	2011
1051	1052	2010	2029
1045	1053	2011	2012
1052	1053	2011	2032
1046	1053	2012	2013
1046	1054	2013	2014
1053	1054	2013	2034
1046	1055	2014	2015
1054	1055	2014	2037
1047	1055	2015	2016
1047	1056	2016	2017
1055	1056	2016	2039
1047	1057	2017	2018
1056	1057	2017	2042
1048	1057	2018	2019
1048	1058	2019	2020
1057	1058	2019	2044
1048	1059	2020	2021
1058	1059	2020	2047
1049	1059	2021	2022
1049	1060	2022	2023
1059	1060	2022	2049
1049	1061	2023	2024
1060	1061	2023	2052
1044	1061	2024	2025
1050	1061	2025	2054
1050	1063	2026	2027
1050	1062	2026	2055
1062	1063	2026	2687
1051	1063	2027	2028
1051	1064	2028	2029
1063	1064	2028	2756
1052	1064	2029	2030
1052	1065	2030	2031
1064	1065	2030	2056
1052	1066	2031	2032
1065	1066	2031	2059
1053	1066	2032	2033
1053	1067	2033	2034
1066	1067	2033	2061
1054	1067	2034	2035
1054	1068	2035	2036
1067	1068	2035	2063
1054	1069	2036	2037
1068	1069	2036	2066
1055	1069	2037	2038
1055	1070	2038	2039
1069	1070	2038	2068
1056	1070	2039	2040
1056	1071	2040	2041
1070	1071	2040	2070
1056	1072	2041	2042
1071	1072	2041	2073
1057	1072	2042	2043
1057	1073	2043	2044
1072	1073	2043	2075
1058	1073	2044	2045
1058	1074	2045	2046
1073	1074	2045	2077
1058	1075	2046	2047
1074	1075	2046	2080
1059	1075	2047	2048
1059	1076	2048	2049
1075	1076	2048	2082
1060	1076	2049	2050
1060	1077	2050	2051
1076	1077	2050	2085
1060	1078	2051	2052
1077	1078	2051	2087
1061	1078	2052	2053
1061	1079	2053	2054
1078	1079	2053	2089
1050	1079	2054	2055
1062	1079	2055	2690
1065	1080	2056	2057
1064	1080	2056	2757
1065	1081	2057	2058
1080	1081	2057	2758
1065	1082	2058	2059
1081	1082	2058	2090
1066	1082	2059	2060
1066	1083	2060	2061
1082	1083	2060	2092
1067	1083	2061	2062
1067	1084	2062	2063
1083	1084	2062	2095
1068	1084	2063	2064
1068	1085	2064	2065
1084	1085	2064	2097
1068	1086	2065	2066
1085	1086	2065	2099
1069	1086	2066	2067
1069	1087	2067	2068
1086	1087	2067	2101
1070	1087	2068	2069
1070	1088	2069	2070
1087	1088	2069	2103
1071	1088	2070	2071
1071	1089	2071	2072
1088	1089	2071	2105
1071	1090	2072	2073
1089	1090	2072	2108
1072	1090	2073	2074
1072	1091	2074	2075
1090	1091	2074	2110
1073	1091	2075	2076
1073	1092	2076	2077
1091	1092	2076	2112
1074	1092	2077	2078
1074	1093	2078	2079
1092	1093	2078	2114
1074	1094	2079	2080
1093	1094	2079	2116
1075	1094	2080	2081
1075	1095	2081	2082
1094	1095	2081	2118
1076	1095	2082	2083
1076	1096	2083	2084
1095	1096	2083	2121
1076	1097	2084	2085
1096	1097	2084	2123
1077	1097	2085	2086
1077	1098	2086	2087
1097	1098	2086	2125
1078	1098	2087	2088
1078	1099	2088	2089
1098	1099	2088	2760
1079	1099	2089	2693
1082	1100	2090	2091
1081	1100	2090	2758
1082	1101	2091	2092
1100	1101	2091	2126
1083	1101	2092	2093
1083	1102	2093	2094
1101	1102	2093	2128
1083	1103	2094	2095
1102	1103	2094	2131
1084	1103	2095	2096
1084	1104	2096	2097
1103	1104	2096	2133
1085	1104	2097	2098
1085	1105	2098	2099
1104	1105	2098	2135
1086	1105	2099	2100
1086	1106	2100	2101
1105	1106	2100	2137
1087	1106	2101	2102
1087	1107	2102	2103
1106	1107	2102	2139
1088	1107	2103	2104
1088	1108	2104	2105
1107	1108	2104	2141
1089	1108	2105	2106
1089	1109	2106	2107
1108	1109	2106	2143
1089	1110	2107	2108
1109	1110	2107	2146
1090	1110	2108	2109
1090	1111	2109	2110
1110	1111	2109	2148
1091	1111	2110	2111
1091	1112	2111	2112
1111	1112	2111	2150
1092	1112	2112	2113
1092	1113	2113	2114
1112	1113	2113	2152
1093	1113	2114	2115
1093	1114	2115	2116
1113	1114	2115	2154
1094	1114	2116	2117
1094	1115	2117	2118
1114	1115	2117	2156
1095	1115	2118	2119
1095	1116	2119	2120
1115	1116	2119	2158
1095	1117	2120	2121
1116	1117	2120	2161
1096	1117	2121	2122
1096	1118	2122	2123
1117	1118	2122	2163
1097	1118	2123	2124
1097	1119	2124	2125
1118	1119	2124	2165
1098	1119	2125	2760
1101	1120	2126	2127
1100	1120	2126	2699
1101	1121	2127	2128
1120	1121	2127	2762
1102	1121	2128	2129
1102	1122	2129	2130
1121	1122	2129	2166
1102	1123	2130	2131
1122	1123	2130	2169
1103	1123	2131	2132
1103	1124	2132	2133
1123	1124	2132	2171
1104	1124	2133	2134
1104	1125	2134	2135
1124	1125	2134	2173
1105	1125	2135	2136
1105	1126	2136	2137
1125	1126	2136	2175
1106	1126	2137	2138
1106	1127	2138	2139
1126	1127	2138	2177
1107	1127	2139	2140
1107	1128	2140	2141
1127	1128	2140	2179
1108	1128	2141	2142
1108	1129	2142	2143
1128	1129	2142	2181
1109	1129	2143	2144
1109	1130	2144	2145
1129	1130	2144	2183
1109	1131	2145	2146
1130	1131	2145	2186
1110	1131	2146	2147
1110	1132	2147	2148
1131	1132	2147	2188
1111	1132	2148	2149
1111	1133	2149	2150
1132	1133	2149	2190
1112	1133	2150	2151
1112	1134	2151	2152
1133	1134	2151	2192
1113	1134	2152	2153
1113	1135	2153	2154
1134	1135	2153	2194
1114	1135	2154	2155
1114	1136	2155	2156
1135	1136	2155	2196
1115	1136	2156	2157
1115	1137	2157	2158
1136	1137	2157	2198
1116	1137	2158	2159
1116	1138	2159	2160
1137	1138	2159	2200
1116	1139	2160	2161
1138	1139	2160	2203
1117	1139	2161	2162
1117	1140	2162	2163
1139	1140	2162	2205
1118	1140	2163	2164
1118	1141	2164	2165
1140	1141	2164	2207
1119	1141	2165	2701
1122	1142	2166	2167
1121	1142	2166	2762
1122	1143	2167	2168
1142	1143	2167	2764
1122	1144	2168	2169
1143	1144	2168	2208
1123	1144	2169	2170
1123	1145	2170	2171
1144	1145	2170	2210
1124	1145	2171	2172
1124	1146	2172	2173
1145	1146	2172	2212
1125	1146	2173	2174
1125	1147	2174	2175
1146	1147	2174	2214
1126	1147	2175	2176
1126	1148	2176	2177
1147	1148	2176	2216
1127	1148	2177	2178
1127	1149	2178	2179
1148	1149	2178	2218
1128	1149	2179	2180
1128	1150	2180	2181
1149	1150	2180	2220
1129	1150	2181	2182
1129	1151	2182	2183
1150	1151	2182	2222
1130	1151	2183	2184
1130	1152	2184	2185
1151	1152	2184	2224
1130	1153	2185	2186
1152	1153	2185	2227
1131	1153	2186	2187
1131	1154	2187	2188
1153	1154	2187	2229
1132	1154	2188	2189
1132	1155	2189	2190
1154	1155	2189	2231
1133	1155	2190	2191
1133	1156	2191	2192
1155	1156	2191	2233
1134	1156	2192	2193
1134	1157	2193	2194
1156	1157	2193	2235
1135	1157	2194	2195
1135	1158	2195	2196
1157	1158	2195	2237
1136	1158	2196	2197
1136	1159	2197	2198
1158	1159	2197	2239
1137	1159	2198	2199
1137	1160	2199	2200
1159	1160	2199	2241
1138	1160	2200	2201
1138	1161	2201	2202
1160	1161	2201	2243
1138	1162	2202	2203
1161	1162	2202	2245
1139	1162	2203	2204
1139	1163	2204	2205
1162	1163	2204	2247
1140	1163	2205	2206
1140	1164	2206	2207
1163	1164	2206	2249
1141	1164	2207	2708
1144	1165	2208	2209
1143	1165	2208	2765
1144	1166	2209	2210
1165	1166	2209	2251
1145	1166	2210	2211
1145	1167	2211	2212
1166	1167	2211	2253
1146	1167	2212	2213
1146	1168	2213	2214
1167	1168	2213	2255
1147	1168	2214	2215
1147	1169	2215	2216
1168	1169	2215	2257
1148	1169	2216	2217
1148	1170	2217	2218
1169	1170	2217	2259
1149	1170	2218	2219
1149	1171	2219	2220
1170	1171	2219	2261
1150	1171	2220	2221
1150	1172	2221	2222
1171	1172	2221	2263
1151	1172	2222	2223
1151	1173	2223	2224
1172	1173	2223	2265
1152	1173	2224	2225
1152	1174	2225	2226
1173	1174	2225	2267
1152	1175	2226	2227
1174	1175	2226	2270
1153	1175	2227	2228
1153	1176	2228	2229
1175	1176	2228	2272
1154	1176	2229	2230
1154	1177	2230	2231
1176	1177	2230	2274
1155	1177	2231	2232
1155	1178	2232	2233
1177	1178	2232	2276
1156	1178	2233	2234
1156	1179	2234	2235
1178	1179	2234	2278
1157	1179	2235	2236
1157	1180	2236	2237
1179	1180	2236	2280
1158	1180	2237	2238
1158	1181	2238	2239
1180	1181	2238	2282
1159	1181	2239	2240
1159	1182	2240	2241
1181	1182	2240	2284
1160	1182	2241	2242
1160	1183	2242	2243
1182	1183	2242	2286
1161	1183	2243	2244
1161	1184	2244	2245
1183	1184	2244	2288
1162	1184	2245	2246
1162	1185	2246	2247
1184	1185	2246	2290
1163	1185	2247	2248
1163	1186	2248	2249
1185	1186	2248	2292
1164	1186	2249	2250
1186	1187	2250	2294
1164	1187	2250	2712
1166	1188	2251	2252
1165	1188	2251	2766
1166	1189	2252	2253
1188	1189	2252	2295
1167	1189	2253	2254
1167	1190	2254	2255
1189	1190	2254	2297
1168	1190	2255	2256
1168	1191	2256	2257
1190	1191	2256	2299
1169	1191	2257	2258
1169	1192	2258	2259
1191	1192	2258	2301
1170	1192	2259	2260
1170	1193	2260	2261
1192	1193	2260	2303
1171	1193	2261	2262
1171	1194	2262	2263
1193	1194	2262	2305
1172	1194	2263	2264
1172	1195	2264	2265
1194	1195	2264	2307
1173	1195	2265	2266
1173	1196	2266	2267
1195	1196	2266	2309
1174	1196	2267	2268
1174	1197	2268	2269
1196	1197	2268	2311
1174	1198	2269	2270
1197	1198	2269	2313
1175	1198	2270	2271
1175	1199	2271	2272
1198	1199	2271	2315
1176	1199	2272	2273
1176	1200	2273	2274
1199	1200	2273	2317
1177	1200	2274	2275
1177	1201	2275	2276
1200	1201	2275	2319
1178	1201	2276	2277
1178	1202	2277	2278
1201	1202	2277	2321
1179	1202	2278	2279
1179	1203	2279	2280
1202	1203	2279	2323
1180	1203	2280	2281
1180	1204	2281	2282
1203	1204	2281	2325
1181	1204	2282	2283
1181	1205	2283	2284
1204	1205	2283	2327
1182	1205	2284	2285
1182	1206	2285	2286
1205	1206	2285	2329
1183	1206	2286	2287
1183	1207	2287	2288
1206	1207	2287	2331
1184	1207	2288	2289
1184	1208	2289	2290
1207	1208	2289	2333
1185	1208	2290	2291
1185	1209	2291	2292
1208	1209	2291	2335
1186	1209	2292	2293
1186	1210	2293	2294
1209	1210	2293	2337
1187	1210	2294	2715
1189	1211	2295	2296
1188	1211	2295	2766
1189	1212	2296	2297
1211	1212	2296	2339
1190	1212	2297	2298
1190	1213	2298	2299
1212	1213	2298	2341
1191	1213	2299	2300
1191	1214	2300	2301
1213	1214	2300	2343
1192	1214	2301	2302
1192	1215	2302	2303
1214	1215	2302	2345
1193	1215	2303	2304
1193	1216	2304	2305
1215	1216	2304	2347
1194	1216	2305	2306
1194	1217	2306	2307
1216	1217	2306	2349
1195	1217	2307	2308
1195	1218	2308	2309
1217	1218	2308	2351
1196	1218	2309	2310
1196	1219	2310	2311
1218	1219	2310	2353
1197	1219	2311	2312
1197	1220	2312	2313
1219	1220	2312	2355
1198	1220	2313	2314
1198	1221	2314	2315
1220	1221	2314	2357
1199	1221	2315	2316
1199	1222	2316	2317
1221	1222	2316	2359
1200	1222	2317	2318
1200	1223	2318	2319
1222	1223	2318	2361
1201	1223	2319	2320
1201	1224	2320	2321
1223	1224	2320	2363
1202	1224	2321	2322
1202	1225	2322	2323
1224	1225	2322	2365
1203	1225	2323	2324
1203	1226	2324	2325
1225	1226	2324	2367
1204	1226	2325	2326
1204	1227	2326	2327
1226	1227	2326	2369
1205	1227	2327	2328
1205	1228	2328	2329
1227	1228	2328	2371
1206	1228	2329	2330
1206	1229	2330	2331
1228	1229	2330	2373
1207	1229	2331	2332
1207	1230	2332	2333
1229	1230	2332	2375
1208	1230	2333	2334
1208	1231	2334	2335
1230	1231	2334	2377
1209	1231	2335	2336
1209	1232	2336	2337
1231	1232	2336	2379
1210	1232	2337	2338
1232	1233	2338	2381
1210	1233	2338	2720
1212	1234	2339	2340
1211	1234	2339	2767
1212	1235	2340	2341
1234	1235	2340	2384
1213	1235	2341	2342
1213	1236	2342	2343
1235	1236	2342	2386
1214	1236	2343	2344
1214	1237	2344	2345
1236	1237	2344	2388
1215	1237	2345	2346
1215	1238	2346	2347
1237	1238	2346	2390
1216	1238	2347	2348
1216	1239	2348	2349
1238	1239	2348	2392
1217	1239	2349	2350
1217	1240	2350	2351
1239	1240	2350	2394
1218	1240	2351	2352
1218	1241	2352	2353
1240	1241	2352	2396
1219	1241	2353	2354
1219	1242	2354	2355
1241	1242	2354	2398
1220	1242	2355	2356
1220	1243	2356	2357
1242	1243	2356	2399
1221	1243	2357	2358
1221	1244	2358	2359
1243	1244	2358	2401
1222	1244	2359	2360
1222	1245	2360	2361
1244	1245	2360	2403
1223	1245	2361	2362
1223	1246	2362	2363
1245	1246	2362	2405
1224	1246	2363	2364
1224	1247	2364	2365
1246	1247	2364	2407
1225	1247	2365	2366
1225	1248	2366	2367
1247	1248	2366	2409
1226	1248	2367	2368
1226	1249	2368	2369
1248	1249	2368	2411
1227	1249	2369	2370
1227	1250	2370	2371
1249	1250	2370	2413
1228	1250	2371	2372
1228	1251	2372	2373
1250	1251	2372	2415
1229	1251	2373	2374
1229	1252	2374	2375
1251	1252	2374	2417
1230	1252	2375	2376
1230	1253	2376	2377
1252	1253	2376	2419
1231	1253	2377	2378
1231	1254	2378	2379
1253	1254	2378	2421
1232	1254	2379	2380
1232	1255	2380	2381
1254	1255	2380	2423
1233	1255	2381	2382
1255	1256	2382	2425
1233	1256	2382	2723
1234	1258	2383	2384
1257	1258	2383	2427
1234	1257	2383	2727
1235	1258	2384	2385
1235	1259	2385	2386
1258	1259	2385	2429
1236	1259	2386	2387
1236	1260	2387	2388
1259	1260	2387	2431
1237	1260	2388	2389
1237	1261	2389	2390
1260	1261	2389	2433
1238	1261	2390	2391
1238	1262	2391	2392
1261	1262	2391	2435
1239	1262	2392	2393
1239	1263	2393	2394
1262	1263	2393	2437
1240	1263	2394	2395
1240	1264	2395	2396
1263	1264	2395	2439
1241	1264	2396	2397
1241	1265	2397	2398
1264	1265	2397	2441
1242	1265	2398	2399
1243	1265	2399	2400
1243	1266	2400	2401
1265	1266	2400	2442
1244	1266	2401	2402
1244	1267	2402	2403
1266	1267	2402	2444
1245	1267	2403	2404
1245	1268	2404	2405
1267	1268	2404	2446
1246	1268	2405	2406
1246	1269	2406	2407
1268	1269	2406	2448
1247	1269	2407	2408
1247	1270	2408	2409
1269	1270	2408	2450
1248	1270	2409	2410
1248	1271	2410	2411
1270	1271	2410	2452
1249	1271	2411	2412
1249	1272	2412	2413
1271	1272	2412	2454
1250	1272	2413	2414
1250	1273	2414	2415
1272	1273	2414	2456
1251	1273	2415	2416
1251	1274	2416	2417
1273	1274	2416	2458
1252	1274	2417	2418
1252	1275	2418	2419
1274	1275	2418	2460
1253	1275	2419	2420
1253	1276	2420	2421
1275	1276	2420	2462
1254	1276	2421	2422
1254	1277	2422	2423
1276	1277	2422	2464
1255	1277	2423	2424
1255	1278	2424	2425
1277	1278	2424	2466
1256	1278	2425	2769
1257	1280	2426	2427
1279	1280	2426	2468
1257	1279	2426	2731
1258	1280	2427	2428
1258	1281	2428	2429
1280	1281	2428	2470
1259	1281	2429	2430
1259	1282	2430	2431
1281	1282	2430	2472
1260	1282	2431	2432
1260	1283	2432	2433
1282	1283	2432	2474
1261	1283	2433	2434
1261	1284	2434	2435
1283	1284	2434	2476
1262	1284	2435	2436
1262	1285	2436	2437
1284	1285	2436	2478
1263	1285	2437	2438
1263	1286	2438	2439
1285	1286	2438	2480
1264	1286	2439	2440
1264	1287	2440	2441
1286	1287	2440	2482
1265	1287	2441	2442
1266	1287	2442	2443
1266	1288	2443	2444
1287	1288	2443	2483
1267	1288	2444	2445
1267	1289	2445	2446
1288	1289	2445	2485
1268	1289	2446	2447
1268	1290	2447	2448
1289	1290	2447	2487
1269	1290	2448	2449
1269	1291	2449	2450
1290	1291	2449	2489
1270	1291	2450	2451
1270	1292	2451	2452
1291	1292	2451	2491
1271	1292	2452	2453
1271	1293	2453	2454
1292	1293	2453	2493
1272	1293	2454	2455
1272	1294	2455	2456
1293	1294	2455	2495
1273	1294	2456	2457
1273	1295	2457	2458
1294	1295	2457	2497
1274	1295	2458	2459
1274	1296	2459	2460
1295	1296	2459	2499
1275	1296	2460	2461
1275	1297	2461	2462
1296	1297	2461	2500
1276	1297	2462	2463
1276	1298	2463	2464
1297	1298	2463	2502
1277	1298	2464	2465
1277	1299	2465	2466
1298	1299	2465	2504
1278	1299	2466	2467
1299	1300	2467	2506
1278	1300	2467	2768
1280	1301	2468	2469
1279	1301	2468	2734
1280	1302	2469	2470
1301	1302	2469	2509
1281	1302	2470	2471
1281	1303	2471	2472
1302	1303	2471	2511
1282	1303	2472	2473
1282	1304	2473	2474
1303	1304	2473	2513
1283	1304	2474	2475
1283	1305	2475	2476
1304	1305	2475	2515
1284	1305	2476	2477
1284	1306	2477	2478
1305	1306	2477	2517
1285	1306	2478	2479
1285	1307	2479	2480
1306	1307	2479	2519
1286	1307	2480	2481
1286	1308	2481	2482
1307	1308	2481	2521
1287	1308	2482	2483
1288	1308	2483	2484
1288	1309	2484	2485
1308	1309	2484	2522
1289	1309	2485	2486
1289	1310	2486	2487
1309	1310	2486	2524
1290	1310	2487	2488
1290	1311	2488	2489
1310	1311	2488	2526
1291	1311	2489	2490
1291	1312	2490	2491
1311	1312	2490	2528
1292	1312	2491	2492
1292	1313	2492	2493
1312	1313	2492	2530
1293	1313	2493	2494
1293	1314	2494	2495
1313	1314	2494	2532
1294	1314	2495	2496
1294	1315	2496	2497
1314	1315	2496	2534
1295	1315	2497	2498
1295	1316	2498	2499
1315	1316	2498	2536
1296	1316	2499	2500
1297	1316	2500	2501
1297	1317	2501	2502
1316	1317	2501	2537
1298	1317	2502	2503
1298	1318	2503	2504
1317	1318	2503	2539
1299	1318	2504	2505
1299	1319	2505	2506
1318	1319	2505	2541
1300	1319	2506	2507
1319	1320	2507	2543
1300	1320	2507	2743
1301	1322	2508	2509
1321	1322	2508	2545
1301	1321	2508	2741
1302	1322	2509	2510
1302	1323	2510	2511
1322	1323	2510	2547
1303	1323	2511	2512
1303	1324	2512	2513
1323	1324	2512	2549
1304	1324	2513	2514
1304	1325	2514	2515
1324	1325	2514	2551
1305	1325	2515	2516
1305	1326	2516	2517
1325	1326	2516	2553
1306	1326	2517	2518
1306	1327	2518	2519
1326	1327	2518	2555
1307	1327	2519	2520
1307	1328	2520	2521
1327	1328	2520	2557
1308	1328	2521	2522
1309	1328	2522	2523
1309	1329	2523	2524
1328	1329	2523	2558
1310	1329	2524	2525
1310	1330	2525	2526
1329	1330	2525	2560
1311	1330	2526	2527
1311	1331	2527	2528
1330	1331	2527	2562
1312	1331	2528	2529
1312	1332	2529	2530
1331	1332	2529	2564
1313	1332	2530	2531
1313	1333	2531	2532
1332	1333	2531	2566
1314	1333	2532	2533
1314	1334	2533	2534
1333	1334	2533	2568
1315	1334	2534	2535
1315	1335	2535	2536
1334	1335	2535	2570
1316	1335	2536	2537
1317	1335	2537	2538
1317	1336	2538	2539
1335	1336	2538	2571
1318	1336	2539	2540
1318	1337	2540	2541
1336	1337	2540	2573
1319	1337	2541	2542
1319	1338	2542	2543
1337	1338	2542	2575
1320	1338	2543	2544
1338	1339	2544	2577
1320	1339	2544	2746
1322	1341	2545	2546
1321	1341	2545	2770
1322	1342	2546	2547
1341	1342	2546	2582
1323	1342	2547	2548
1323	1343	2548	2549
1342	1343	2548	2584
1324	1343	2549	2550
1324	1344	2550	2551
1343	1344	2550	2585
1325	1344	2551	2552
1325	1345	2552	2553
1344	1345	2552	2587
1326	1345	2553	2554
1326	1346	2554	2555
1345	1346	2554	2589
1327	1346	2555	2556
1327	1347	2556	2557
1346	1347	2556	2591
1328	1347	2557	2558
1329	1347	2558	2559
1329	1348	2559	2560
1347	1348	2559	2592
1330	1348	2560	2561
1330	1349	2561	2562
1348	1349	2561	2594
1331	1349	2562	2563
1331	1350	2563	2564
1349	1350	2563	2596
1332	1350	2564	2565
1332	1351	2565	2566
1350	1351	2565	2598
1333	1351	2566	2567
1333	1352	2567	2568
1351	1352	2567	2599
1334	1352	2568	2569
1334	1353	2569	2570
1352	1353	2569	2601
1335	1353	2570	2571
1336	1353	2571	2572
1336	1354	2572	2573
1353	1354	2572	2603
1337	1354	2573	2574
1337	1355	2574	2575
1354	1355	2574	2605
1338	1355	2575	2576
1338	1356	2576	2577
1355	1356	2576	2606
1339	1356	2577	2578
1356	1357	2578	2608
1339	1357	2578	2749
1340	1359	2579	2580
1358	1359	2579	2610
1340	1358	2579	2751
1341	1359	2580	2581
1340	1341	2580	2771
1341	1360	2581	2582
1359	1360	2581	2612
1342	1360	2582	2583
1342	1361	2583	2584
1360	1361	2583	2614
1343	1361	2584	2585
1344	1361	2585	2586
1344	1362	2586	2587
1361	1362	2586	2615
1345	1362	2587	2588
1345	1363	2588	2589
1362	1363	2588	2617
1346	1363	2589	2590
1346	1364	2590	2591
1363	1364	2590	2619
1347	1364	2591	2592
1348	1364	2592	2593
1348	1365	2593	2594
1364	1365	2593	2620
1349	1365	2594	2595
1349	1366	2595	2596
1365	1366	2595	2622
1350	1366	2596	2597
1350	1367	2597	2598
1366	1367	2597	2624
1351	1367	2598	2599
1352	1367	2599	2600
1352	1368	2600	2601
1367	1368	2600	2625
1353	1368	2601	2602
1353	1369	2602	2603
1368	1369	2602	2627
1354	1369	2603	2604
1354	1370	2604	2605
1369	1370	2604	2629
1355	1370	2605	2606
1356	1370	2606	2607
1356	1371	2607	2608
1370	1371	2607	2631
1357	1371	2608	2609
1371	1372	2609	2632
1357	1372	2609	2772
1359	1375	2610	2611
1358	1375	2610	2774
1359	1376	2611	2612
1375	1376	2611	2636
1360	1376	2612	2613
1360	1377	2613	2614
1376	1377	2613	2638
1361	1377	2614	2615
1362	1377	2615	2616
1362	1378	2616	2617
1377	1378	2616	2639
1363	1378	2617	2618
1363	1379	2618	2619
1378	1379	2618	2641
1364	1379	2619	2620
1365	1379	2620	2621
1365	1380	2621	2622
1379	1380	2621	2642
1366	1380	2622	2623
1366	1381	2623	2624
1380	1381	2623	2644
1367	1381	2624	2625
1368	1381	2625	2626
1368	1382	2626	2627
1381	1382	2626	2645
1369	1382	2627	2628
1369	1383	2628	2629
1382	1383	2628	2647
1370	1383	2629	2630
1370	1384	2630	2631
1383	1384	2630	2648
1371	1384	2631	2632
1372	1384	2632	2633
1372	1385	2633	2634
1384	1385	2633	2650
1372	1373	2634	2773
1373	1385	2634	2775
1375	1386	2635	2636
1374	1386	2635	2652
1374	1375	2635	2776
1376	1386	2636	2637
1376	1387	2637	2638
1386	1387	2637	2653
1377	1387	2638	2639
1378	1387	2639	2640
1378	1388	2640	2641
1387	1388	2640	2654
1379	1388	2641	2642
1380	1388	2642	2643
1380	1389	2643	2644
1388	1389	2643	2655
1381	1389	2644	2645
1382	1389	2645	2646
1382	1390	2646	2647
1389	1390	2646	2656
1383	1390	2647	2648
1384	1390	2648	2649
1384	1391	2649	2650
1390	1391	2649	2657
1385	1391	2650	2651
1374	1391	2651	2652
1374	1385	2651	2775
1386	1391	2652	2658
1387	1392	2653	2654
1386	1392	2653	2658
1388	1392	2654	2655
1389	1392	2655	2656
1390	1392	2656	2657
1391	1392	2657	2658
274	842	2659	2661
273	842	2659	2704
274	841	2660	2661
275	841	2660	2663
275	840	2662	2663
276	840	2662	2703
321	860	2664	2667
273	860	2664	2705
322	859	2665	2669
276	859	2665	2702
321	877	2666	2667
367	877	2666	2716
322	876	2668	2669
368	876	2668	2672
413	912	2670	2674
367	912	2670	2717
368	893	2671	2672
414	893	2671	2676
413	930	2673	2674
459	930	2673	2729
414	911	2675	2676
460	911	2675	2724
459	967	2677	2738
508	946	2678	2684
460	946	2678	2725
505	965	2679	2736
506	964	2680	2681
507	963	2682	2683
508	963	2682	2684
781	1063	2685	2687
783	1063	2685	2756
781	1062	2686	2687
784	1062	2686	2690
788	1080	2688	2691
783	1080	2688	2757
784	1079	2689	2690
789	1079	2689	2693
796	1080	2691	2694
789	1099	2692	2693
797	1099	2692	2695
806	1080	2694	2759
807	1099	2695	2761
819	1100	2696	2699
806	1100	2696	2759
820	1119	2697	2701
807	1119	2697	2761
819	1120	2698	2699
835	1120	2698	2706
820	1141	2700	2701
836	1141	2700	2708
276	839	2702	2703
273	843	2704	2705
853	1120	2706	2763
836	1164	2707	2708
855	1164	2707	2712
854	1142	2709	2710
853	1142	2709	2763
872	1142	2710	2764
855	1187	2711	2712
873	1187	2711	2715
872	1165	2713	2765
889	1165	2713	2777
873	1210	2714	2715
890	1210	2714	2720
889	907	2718	2777
890	1233	2719	2720
908	1233	2719	2723
925	1234	2721	2727
907	1234	2721	2767
908	1256	2722	2723
926	1256	2722	2728
460	929	2724	2725
925	1257	2726	2727
942	1257	2726	2731
943	1256	2728	2769
459	947	2729	2739
942	1279	2730	2731
958	1279	2730	2734
959	1300	2732	2735
943	1300	2732	2768
958	1301	2733	2734
978	1301	2733	2741
979	1300	2735	2743
505	966	2736	2737
459	968	2738	2739
978	1321	2740	2741
995	1321	2740	2770
979	1320	2742	2743
996	1320	2742	2746
1010	1340	2744	2747
995	1340	2744	2771
996	1339	2745	2746
1011	1339	2745	2749
1023	1340	2747	2751
1011	1357	2748	2749
1024	1357	2748	2772
1023	1358	2750	2751
1033	1358	2750	2753
1034	1373	2752	2754
1024	1373	2752	2773
1039	1358	2753	2774
1040	1373	2754	2755
1042	1373	2755	2779
783	1064	2756	2757
1080	1100	2758	2759
1099	1119	2760	2761
1120	1142	2762	2763
872	1143	2764	2765
1165	1211	2766	2778
907	1211	2767	2778
943	1278	2768	2769
995	1341	2770	2771
1024	1372	2772	2773
1039	1375	2774	2780
1373	1374	2775	2776
1373	1375	2776	2779
907	1165	2777	2778
1042	1375	2779	2780
