8.74323e-01 3.24848e-02 1.07287e+00
1.00432e+00 5.44751e-02 1.09391e+00
9.10933e-01 1.61743e-01 1.10431e+00
7.87270e-01 1.36687e-01 1.06559e+00
7.45908e-01 9.82707e-03 1.05928e+00
8.31626e-01 -9.08713e-02 1.02902e+00
9.59637e-01 -6.98857e-02 1.04065e+00
1.14707e+00 7.89628e-02 1.10559e+00
1.08172e+00 2.15762e-01 1.09917e+00
9.61671e-01 3.00657e-01 1.08760e+00
8.21331e-01 3.02679e-01 1.06676e+00
7.03929e-01 2.38596e-01 1.03763e+00
6.26669e-01 1.24684e-01 1.03539e+00
6.15766e-01 -1.22622e-02 1.04328e+00
6.75717e-01 -1.32827e-01 1.00984e+00
7.87124e-01 -2.06736e-01 9.85049e-01
9.19701e-01 -2.21256e-01 9.88253e-01
1.04274e+00 -1.66285e-01 9.99640e-01
1.12521e+00 -6.24268e-02 1.04601e+00
1.28115e+00 1.05704e-01 1.05247e+00
1.23266e+00 2.42533e-01 1.05372e+00
1.13388e+00 3.47018e-01 1.02995e+00
1.01103e+00 4.15406e-01 1.00746e+00
8.73541e-01 4.39217e-01 1.01162e+00
7.33865e-01 4.09999e-01 1.00936e+00
6.19127e-01 3.41999e-01 1.00500e+00
5.28231e-01 2.34348e-01 1.02300e+00
4.80770e-01 1.02784e-01 1.01514e+00
4.80479e-01 -3.65560e-02 1.02247e+00
5.31545e-01 -1.62998e-01 9.98145e-01
6.24536e-01 -2.62511e-01 9.73227e-01
7.42322e-01 -3.19388e-01 9.48575e-01
8.75040e-01 -3.41492e-01 9.42328e-01
1.00322e+00 -3.13226e-01 9.24254e-01
1.11998e+00 -2.51015e-01 9.31755e-01
1.21271e+00 -1.58830e-01 9.58082e-01
1.27218e+00 -3.81308e-02 1.02653e+00
1.41252e+00 1.26917e-01 9.84698e-01
1.36712e+00 2.61091e-01 9.76889e-01
1.28289e+00 3.68892e-01 9.48573e-01
1.17612e+00 4.52362e-01 9.24136e-01
1.05348e+00 5.11683e-01 9.06261e-01
9.18498e-01 5.51673e-01 9.29635e-01
7.81112e-01 5.61266e-01 9.62353e-01
6.49449e-01 5.10855e-01 9.51736e-01
5.36581e-01 4.35200e-01 9.42228e-01
4.35583e-01 3.46201e-01 9.79880e-01
3.67810e-01 2.17394e-01 9.86624e-01
3.35944e-01 7.79205e-02 9.83228e-01
3.40148e-01 -6.29848e-02 9.91544e-01
3.85946e-01 -1.97600e-01 9.95281e-01
4.70293e-01 -3.10002e-01 9.72522e-01
5.76494e-01 -3.86728e-01 9.29368e-01
6.98564e-01 -4.34759e-01 9.03825e-01
8.31076e-01 -4.57328e-01 8.97302e-01
9.60745e-01 -4.46486e-01 8.83487e-01
1.08544e+00 -4.09468e-01 8.85071e-01
1.19844e+00 -3.39233e-01 8.73802e-01
1.30027e+00 -2.54309e-01 9.08807e-01
1.37435e+00 -1.45220e-01 9.46735e-01
1.41765e+00 -1.26967e-02 9.86220e-01
1.55582e+00 1.49262e-01 9.28788e-01
1.51321e+00 2.91327e-01 9.22401e-01
1.43581e+00 4.14313e-01 9.08428e-01
1.32755e+00 5.01753e-01 8.63293e-01
1.20728e+00 5.82147e-01 8.52914e-01
1.07355e+00 6.27433e-01 8.34964e-01
9.40213e-01 6.53614e-01 8.30810e-01
7.99344e-01 6.77437e-01 8.70575e-01
6.59815e-01 6.47419e-01 8.78835e-01
5.30103e-01 5.81583e-01 8.78063e-01
4.19573e-01 4.98141e-01 8.79756e-01
3.13728e-01 4.05685e-01 9.22998e-01
2.33747e-01 2.81558e-01 9.50018e-01
1.90778e-01 1.35534e-01 9.56854e-01
1.81256e-01 -1.64761e-02 9.72697e-01
2.01134e-01 -1.59423e-01 1.01874e+00
2.67999e-01 -3.06100e-01 9.97886e-01
3.66557e-01 -4.16533e-01 9.55727e-01
4.84869e-01 -4.98810e-01 9.26728e-01
6.10981e-01 -5.49997e-01 8.92703e-01
7.48757e-01 -5.85114e-01 8.92206e-01
8.82947e-01 -5.80582e-01 8.60094e-01
1.01474e+00 -5.58460e-01 8.33278e-01
1.14714e+00 -5.30430e-01 8.57177e-01
1.26412e+00 -4.60353e-01 8.58179e-01
1.37334e+00 -3.73296e-01 8.73661e-01
1.46917e+00 -2.75624e-01 9.30208e-01
1.54060e+00 -1.45378e-01 9.52947e-01
1.56903e+00 -5.22132e-04 9.56342e-01
1.71238e+00 1.75685e-01 8.73193e-01
1.67081e+00 3.24477e-01 8.74303e-01
1.59271e+00 4.55191e-01 8.58920e-01
1.48475e+00 5.59347e-01 8.22191e-01
1.36358e+00 6.50359e-01 8.04238e-01
1.22938e+00 7.07272e-01 7.76977e-01
1.09233e+00 7.50285e-01 7.67230e-01
9.52951e-01 7.68334e-01 7.58386e-01
8.13355e-01 7.72483e-01 7.62970e-01
6.73925e-01 7.65829e-01 7.84994e-01
5.37523e-01 7.27530e-01 8.03176e-01
4.08664e-01 6.53572e-01 8.13123e-01
2.98144e-01 5.66197e-01 8.23028e-01
1.84050e-01 4.75453e-01 8.74644e-01
9.66122e-02 3.45020e-01 9.03349e-01
4.28298e-02 1.97003e-01 9.12000e-01
1.50735e-02 3.87035e-02 9.34790e-01
1.98068e-02 -1.19397e-01 9.66426e-01
6.45212e-02 -2.80737e-01 9.67325e-01
1.56486e-01 -4.10262e-01 9.21601e-01
2.65181e-01 -5.21068e-01 8.91736e-01
3.87290e-01 -6.05734e-01 8.78797e-01
5.21525e-01 -6.69409e-01 8.72456e-01
6.60095e-01 -7.10008e-01 8.58163e-01
8.00172e-01 -7.23596e-01 8.41252e-01
9.38857e-01 -7.23166e-01 8.45182e-01
1.07337e+00 -6.96311e-01 8.35843e-01
1.21108e+00 -6.71720e-01 8.65060e-01
1.33246e+00 -5.93539e-01 8.55350e-01
1.45179e+00 -5.10630e-01 8.62992e-01
1.55929e+00 -4.16728e-01 9.13927e-01
1.65460e+00 -2.90740e-01 9.34660e-01
1.70041e+00 -1.39907e-01 9.04880e-01
1.71885e+00 1.82065e-02 8.77053e-01
1.88734e+00 2.02500e-01 8.27348e-01
1.84506e+00 3.61956e-01 8.27279e-01
1.75874e+00 4.97609e-01 7.93642e-01
1.64345e+00 5.96997e-01 7.38928e-01
1.51746e+00 6.84207e-01 7.05430e-01
1.38129e+00 7.50676e-01 6.78188e-01
1.24438e+00 8.04999e-01 6.64600e-01
1.10767e+00 8.54299e-01 6.70557e-01
9.67725e-01 8.69072e-01 6.62140e-01
8.30090e-01 8.64440e-01 6.55859e-01
6.93701e-01 8.55954e-01 6.64429e-01
5.54329e-01 8.42233e-01 6.92637e-01
4.21538e-01 7.90371e-01 7.03710e-01
2.96087e-01 7.14272e-01 7.16770e-01
1.76325e-01 6.29220e-01 7.39684e-01
6.21321e-02 5.30425e-01 7.75055e-01
-3.55825e-02 4.01036e-01 8.09937e-01
-1.12164e-01 2.63289e-01 8.40985e-01
-1.59749e-01 1.07163e-01 8.81930e-01
-1.67156e-01 -7.02921e-02 9.01910e-01
-1.32962e-01 -2.43769e-01 8.94276e-01
-5.54951e-02 -3.90792e-01 8.61021e-01
4.76216e-02 -5.16804e-01 8.34862e-01
1.68133e-01 -6.17807e-01 8.11990e-01
2.94764e-01 -7.03694e-01 8.03097e-01
4.30503e-01 -7.77068e-01 8.04304e-01
5.74527e-01 -8.18232e-01 7.83292e-01
7.14714e-01 -8.27051e-01 7.55410e-01
8.54051e-01 -8.54386e-01 7.74974e-01
9.97136e-01 -8.66189e-01 8.04228e-01
1.13229e+00 -8.26660e-01 7.85688e-01
1.26730e+00 -7.88841e-01 7.95447e-01
1.40016e+00 -7.32413e-01 8.15823e-01
1.51448e+00 -6.33310e-01 7.98262e-01
1.63775e+00 -5.47464e-01 8.33345e-01
1.75645e+00 -4.42363e-01 8.82320e-01
1.81974e+00 -2.83659e-01 8.47876e-01
1.86534e+00 -1.24130e-01 8.23620e-01
1.89197e+00 3.95664e-02 8.19842e-01
2.06524e+00 2.28702e-01 7.42292e-01
2.01499e+00 4.00273e-01 7.32058e-01
1.92061e+00 5.48824e-01 7.02021e-01
1.80071e+00 6.75301e-01 6.74020e-01
1.66148e+00 7.73844e-01 6.43043e-01
1.51027e+00 8.30530e-01 5.96935e-01
1.36342e+00 9.03332e-01 5.91192e-01
1.21527e+00 9.25259e-01 5.64981e-01
1.06758e+00 9.46880e-01 5.51198e-01
9.22951e-01 9.59036e-01 5.47194e-01
7.83964e-01 9.30083e-01 5.31661e-01
6.46439e-01 9.07186e-01 5.35031e-01
5.05539e-01 8.90002e-01 5.54266e-01
3.64843e-01 8.55228e-01 5.77359e-01
2.30885e-01 7.84457e-01 5.95702e-01
1.07088e-01 6.88733e-01 6.11039e-01
-1.31952e-02 5.84188e-01 6.34898e-01
-1.36427e-01 4.73650e-01 6.82809e-01
-2.18518e-01 3.17309e-01 6.90287e-01
-2.99366e-01 1.63929e-01 7.38748e-01
-3.33228e-01 -1.25550e-02 7.77149e-01
-3.27222e-01 -1.93366e-01 7.94061e-01
-2.67128e-01 -3.66816e-01 7.83473e-01
-1.71059e-01 -5.16183e-01 7.69796e-01
-4.74827e-02 -6.43049e-01 7.57787e-01
8.90962e-02 -7.52474e-01 7.40269e-01
2.36343e-01 -8.30348e-01 7.18072e-01
3.87972e-01 -8.81811e-01 6.94908e-01
5.38706e-01 -9.09784e-01 6.72456e-01
6.85468e-01 -9.08602e-01 6.41401e-01
8.27755e-01 -9.31983e-01 6.50324e-01
9.73757e-01 -9.75822e-01 6.91296e-01
1.12212e+00 -9.51965e-01 6.93079e-01
1.25558e+00 -8.94333e-01 6.78375e-01
1.39418e+00 -8.47914e-01 6.92369e-01
1.53118e+00 -7.81041e-01 7.07886e-01
1.64908e+00 -6.69987e-01 6.94773e-01
1.78402e+00 -5.80797e-01 7.34031e-01
1.89100e+00 -4.44782e-01 7.39290e-01
1.97675e+00 -2.92873e-01 7.44141e-01
2.04479e+00 -1.25169e-01 7.48570e-01
2.08642e+00 5.02166e-02 7.69231e-01
2.25331e+00 2.56884e-01 6.40727e-01
2.19228e+00 4.39226e-01 6.19450e-01
2.09698e+00 6.08519e-01 6.06174e-01
1.96139e+00 7.43439e-01 5.75403e-01
1.80760e+00 8.48647e-01 5.43241e-01
1.64140e+00 9.05097e-01 4.95925e-01
1.47989e+00 9.55915e-01 4.69632e-01
1.32430e+00 9.91867e-01 4.50125e-01
1.17139e+00 9.69598e-01 4.12427e-01
1.02256e+00 9.93015e-01 4.08365e-01
8.80430e-01 9.78818e-01 3.98807e-01
7.46993e-01 9.31543e-01 3.83566e-01
6.08931e-01 9.13896e-01 3.90200e-01
4.67825e-01 9.02993e-01 4.06947e-01
3.28727e-01 8.59543e-01 4.27739e-01
1.86119e-01 8.15540e-01 4.51958e-01
4.23228e-02 7.52361e-01 4.81806e-01
-1.01819e-01 6.73321e-01 5.21914e-01
-2.30273e-01 5.50292e-01 5.52111e-01
-3.23139e-01 3.83742e-01 5.56754e-01
-3.84915e-01 2.05276e-01 5.56052e-01
-4.43246e-01 3.77919e-02 5.80665e-01
-4.88757e-01 -1.35002e-01 6.31484e-01
-4.33859e-01 -3.12667e-01 6.11073e-01
-3.80600e-01 -4.91764e-01 6.48718e-01
-2.85676e-01 -6.61545e-01 6.75992e-01
-1.35027e-01 -7.83357e-01 6.53015e-01
3.10581e-02 -8.53679e-01 6.09396e-01
1.98465e-01 -8.95765e-01 5.71318e-01
3.54475e-01 -9.58635e-01 5.65965e-01
5.06939e-01 -1.00350e+00 5.60067e-01
6.58443e-01 -1.02719e+00 5.54824e-01
8.05774e-01 -1.02479e+00 5.42446e-01
9.50811e-01 -1.04253e+00 5.55740e-01
1.09890e+00 -1.04054e+00 5.66374e-01
1.23691e+00 -9.83788e-01 5.53523e-01
1.37371e+00 -9.33978e-01 5.53321e-01
1.51797e+00 -8.87337e-01 5.70046e-01
1.64681e+00 -7.89433e-01 5.64842e-01
1.78000e+00 -6.95319e-01 5.76618e-01
1.92513e+00 -6.01931e-01 6.10380e-01
2.02424e+00 -4.46684e-01 6.00623e-01
2.12560e+00 -2.89452e-01 6.05243e-01
2.22251e+00 -1.26803e-01 6.40149e-01
2.26413e+00 6.30447e-02 6.48437e-01
2.41577e+00 2.75981e-01 4.82812e-01
2.36601e+00 4.74800e-01 4.79574e-01
2.27589e+00 6.68209e-01 4.80561e-01
2.11684e+00 7.99788e-01 4.38793e-01
1.94984e+00 9.11735e-01 4.11622e-01
1.77472e+00 9.88458e-01 3.80327e-01
1.59960e+00 1.02692e+00 3.45648e-01
1.43353e+00 1.07471e+00 3.34568e-01
1.27221e+00 1.07557e+00 3.11201e-01
1.11939e+00 1.05914e+00 2.91374e-01
9.75555e-01 1.03620e+00 2.76247e-01
8.36023e-01 1.02242e+00 2.70994e-01
7.02070e-01 9.81193e-01 2.64466e-01
5.70552e-01 9.38327e-01 2.62575e-01
4.31881e-01 9.04555e-01 2.69766e-01
2.92025e-01 8.84991e-01 2.89063e-01
1.52200e-01 8.31115e-01 3.05464e-01
1.97375e-03 7.77390e-01 3.30949e-01
-1.41723e-01 6.92608e-01 3.53733e-01
-2.92336e-01 6.00353e-01 3.89465e-01
-3.91375e-01 4.50982e-01 3.90633e-01
-4.63968e-01 2.54293e-01 3.80979e-01
-6.02967e-01 1.00609e-01 4.31180e-01
-6.70687e-01 -6.47416e-02 5.02192e-01
-6.57627e-01 -2.72473e-01 5.04443e-01
-5.71390e-01 -4.36500e-01 4.71385e-01
-4.83086e-01 -6.19918e-01 5.07700e-01
-3.45838e-01 -7.70464e-01 5.07447e-01
-1.87628e-01 -8.88228e-01 4.99549e-01
-5.35096e-03 -9.34050e-01 4.59337e-01
1.68491e-01 -9.66358e-01 4.27989e-01
3.30569e-01 -1.00610e+00 4.18841e-01
4.83264e-01 -1.05194e+00 4.18099e-01
6.34865e-01 -1.11064e+00 4.31863e-01
7.83640e-01 -1.12477e+00 4.30737e-01
9.28614e-01 -1.11981e+00 4.29138e-01
1.07219e+00 -1.11258e+00 4.33018e-01
1.21344e+00 -1.07699e+00 4.29286e-01
1.35115e+00 -1.02779e+00 4.27487e-01
1.49398e+00 -9.76474e-01 4.33870e-01
1.62348e+00 -8.87978e-01 4.26037e-01
1.75520e+00 -7.92665e-01 4.24055e-01
1.91154e+00 -7.24232e-01 4.51520e-01
2.04055e+00 -5.92687e-01 4.51188e-01
2.13262e+00 -4.26869e-01 4.35071e-01
2.24384e+00 -2.67456e-01 4.40437e-01
2.34459e+00 -1.05714e-01 4.66287e-01
2.42102e+00 7.61477e-02 4.87265e-01
2.56861e+00 2.93454e-01 3.09587e-01
2.52752e+00 5.17384e-01 3.11041e-01
2.39198e+00 6.99453e-01 2.85804e-01
2.23770e+00 8.65357e-01 2.69653e-01
2.03841e+00 9.54667e-01 2.36542e-01
1.86922e+00 1.09314e+00 2.34905e-01
1.66637e+00 1.09326e+00 1.98775e-01
1.48823e+00 1.13703e+00 1.87068e-01
1.31863e+00 1.12647e+00 1.68775e-01
1.15853e+00 1.11513e+00 1.57215e-01
1.01052e+00 1.06572e+00 1.43323e-01
8.62933e-01 1.08754e+00 1.46717e-01
7.17668e-01 1.08929e+00 1.50057e-01
5.92623e-01 1.00145e+00 1.37243e-01
4.51138e-01 9.60369e-01 1.42042e-01
2.97058e-01 9.71216e-01 1.61006e-01
1.50388e-01 9.23424e-01 1.72719e-01
1.21239e-02 8.36313e-01 1.79699e-01
-1.62700e-01 7.99283e-01 2.07638e-01
-3.10502e-01 6.85061e-01 2.22953e-01
-4.69912e-01 5.70711e-01 2.47504e-01
-5.43798e-01 3.65956e-01 2.35760e-01
-7.08148e-01 2.10048e-01 2.85657e-01
-6.88407e-01 -6.06987e-01 3.60971e-01
-5.40643e-01 -7.70568e-01 3.48213e-01
-3.46213e-01 -8.61991e-01 3.22355e-01
-1.67937e-01 -9.57134e-01 3.14236e-01
2.08682e-02 -9.95736e-01 2.93255e-01
1.95146e-01 -1.03569e+00 2.83032e-01
3.59482e-01 -1.07473e+00 2.79344e-01
5.23252e-01 -1.12298e+00 2.83054e-01
6.70941e-01 -1.20021e+00 2.98584e-01
8.23195e-01 -1.17362e+00 2.88434e-01
9.69186e-01 -1.15739e+00 2.84111e-01
1.11832e+00 -1.16993e+00 2.89678e-01
1.25982e+00 -1.12040e+00 2.87467e-01
1.41104e+00 -1.09670e+00 2.95705e-01
1.54447e+00 -1.01231e+00 2.87993e-01
1.68571e+00 -9.34120e-01 2.86743e-01
1.83511e+00 -8.54504e-01 2.91606e-01
1.99669e+00 -7.72576e-01 3.04025e-01
2.12264e+00 -6.17976e-01 2.93462e-01
2.22642e+00 -4.46585e-01 2.77657e-01
2.34174e+00 -2.80521e-01 2.76723e-01
2.44773e+00 -1.10244e-01 2.81666e-01
2.52140e+00 8.10667e-02 2.88890e-01
2.64187e+00 2.93770e-01 9.46519e-02
2.60088e+00 5.18117e-01 8.64398e-02
2.47463e+00 7.17902e-01 7.32191e-02
2.28222e+00 8.49983e-01 5.59420e-02
2.09161e+00 9.62660e-01 4.42481e-02
1.90162e+00 1.05560e+00 3.43485e-02
1.71355e+00 1.11975e+00 2.62886e-02
1.52894e+00 1.14213e+00 1.90233e-02
1.35708e+00 1.14687e+00 1.41210e-02
1.19628e+00 1.11314e+00 1.01932e-02
1.04411e+00 1.08889e+00 6.56052e-03
8.96450e-01 1.07069e+00 6.34066e-03
7.50036e-01 1.09471e+00 9.09366e-03
6.19083e-01 1.04197e+00 9.06994e-03
4.80551e-01 9.96412e-01 9.13817e-03
3.33712e-01 9.78160e-01 1.44192e-02
1.83113e-01 9.51044e-01 2.04177e-02
4.09637e-02 8.76564e-01 2.55105e-02
-1.20970e-01 8.16378e-01 3.39348e-02
-2.89178e-01 7.46262e-01 4.51347e-02
-4.48276e-01 6.27364e-01 5.50148e-02
-5.69882e-01 4.67685e-01 6.76005e-02
-7.09843e-01 2.83917e-01 7.83811e-02
-7.02967e-01 -7.50885e-01 1.58132e-01
-4.94454e-01 -8.42061e-01 1.42853e-01
-3.00944e-01 -9.26760e-01 1.39445e-01
-1.27820e-01 -1.03517e+00 1.46914e-01
6.15774e-02 -1.07007e+00 1.38072e-01
2.37772e-01 -1.09286e+00 1.35923e-01
4.03671e-01 -1.11957e+00 1.35721e-01
5.64532e-01 -1.15359e+00 1.40777e-01
7.12952e-01 -1.18314e+00 1.37827e-01
8.62008e-01 -1.18380e+00 1.38806e-01
1.00777e+00 -1.17425e+00 1.38448e-01
1.15259e+00 -1.15994e+00 1.38103e-01
1.29876e+00 -1.14196e+00 1.39260e-01
1.44199e+00 -1.09160e+00 1.37708e-01
1.59230e+00 -1.04582e+00 1.38723e-01
1.73954e+00 -9.72295e-01 1.36740e-01
1.87978e+00 -8.69589e-01 1.30771e-01
2.03969e+00 -7.76509e-01 1.30351e-01
2.16911e+00 -6.30474e-01 1.20181e-01
2.28619e+00 -4.59602e-01 1.09248e-01
2.42336e+00 -3.02337e-01 1.04300e-01
2.53336e+00 -1.22395e-01 1.02006e-01
2.59433e+00 7.94628e-02 9.48022e-02
2.61883e+00 2.82296e-01 -1.28148e-01
2.57795e+00 5.01339e-01 -1.42415e-01
2.46845e+00 7.00791e-01 -1.53432e-01
2.29210e+00 8.52288e-01 -1.56237e-01
2.09627e+00 9.60254e-01 -1.55337e-01
1.90804e+00 1.06400e+00 -1.58128e-01
1.72158e+00 1.14584e+00 -1.59132e-01
1.53251e+00 1.15861e+00 -1.53359e-01
1.35546e+00 1.13468e+00 -1.44156e-01
1.19448e+00 1.10925e+00 -1.37766e-01
1.04291e+00 1.09778e+00 -1.34777e-01
8.97536e-01 1.06860e+00 -1.29905e-01
7.57205e-01 1.05334e+00 -1.27318e-01
6.17021e-01 1.03079e+00 -1.28187e-01
4.75925e-01 1.00565e+00 -1.28716e-01
3.31984e-01 9.76078e-01 -1.28715e-01
1.91276e-01 9.23320e-01 -1.26221e-01
3.98016e-02 8.67806e-01 -1.26679e-01
-1.15133e-01 8.00221e-01 -1.26001e-01
-2.85643e-01 7.28197e-01 -1.29693e-01
-4.63878e-01 6.39485e-01 -1.33084e-01
-5.66703e-01 4.43199e-01 -1.18978e-01
-7.29898e-01 2.94818e-01 -1.20075e-01
-7.17771e-01 -8.05587e-01 -7.24914e-02
-4.93477e-01 -8.45747e-01 -5.02399e-02
-3.18196e-01 -9.69332e-01 -4.13969e-02
-1.37802e-01 -1.06738e+00 -2.84731e-02
5.11089e-02 -1.12146e+00 -2.37699e-02
2.37064e-01 -1.12719e+00 -1.43463e-02
4.03812e-01 -1.13171e+00 -1.10523e-02
5.64315e-01 -1.12972e+00 -7.02367e-03
7.14964e-01 -1.16746e+00 -8.62765e-03
8.63819e-01 -1.20474e+00 -7.94446e-03
1.00974e+00 -1.19140e+00 -8.37563e-03
1.15275e+00 -1.16513e+00 -9.81433e-03
1.29845e+00 -1.14390e+00 -1.24519e-02
1.44493e+00 -1.10863e+00 -1.64832e-02
1.59113e+00 -1.05354e+00 -2.15300e-02
1.74090e+00 -9.85469e-01 -2.79881e-02
1.88304e+00 -8.85426e-01 -3.47442e-02
2.03604e+00 -7.83283e-01 -4.40853e-02
2.18950e+00 -6.63013e-01 -5.62926e-02
2.32103e+00 -5.02205e-01 -6.72081e-02
2.47310e+00 -3.47504e-01 -8.10162e-02
2.54407e+00 -1.41648e-01 -9.65775e-02
2.57650e+00 7.03487e-02 -1.06387e-01
2.54037e+00 2.59034e-01 -3.28720e-01
2.50421e+00 4.68631e-01 -3.52204e-01
2.38335e+00 6.55097e-01 -3.58410e-01
2.22362e+00 8.09954e-01 -3.55372e-01
2.04046e+00 9.24746e-01 -3.46363e-01
1.86206e+00 1.03697e+00 -3.47192e-01
1.67467e+00 1.11372e+00 -3.42402e-01
1.48455e+00 1.07583e+00 -3.03682e-01
1.31778e+00 1.09677e+00 -2.94912e-01
1.15935e+00 1.09096e+00 -2.83989e-01
1.01055e+00 1.06090e+00 -2.69409e-01
8.63341e-01 1.05795e+00 -2.68754e-01
7.22310e-01 1.03537e+00 -2.65747e-01
5.78909e-01 1.02528e+00 -2.70323e-01
4.40936e-01 9.84677e-01 -2.68022e-01
3.03211e-01 9.31122e-01 -2.65208e-01
1.60410e-01 8.73880e-01 -2.67750e-01
1.46452e-02 8.03280e-01 -2.66134e-01
-1.39598e-01 7.25633e-01 -2.76155e-01
-3.16689e-01 6.62700e-01 -3.01768e-01
-4.52419e-01 5.26090e-01 -3.01835e-01
-5.60228e-01 3.38810e-01 -2.90370e-01
-7.22227e-01 2.40737e-01 -3.48019e-01
-7.10714e-01 -7.38114e-01 -3.42982e-01
-5.59072e-01 -8.32526e-01 -2.74004e-01
-3.62864e-01 -9.23205e-01 -2.36603e-01
-1.84670e-01 -1.02779e+00 -2.20043e-01
2.45797e-03 -1.09210e+00 -2.00743e-01
1.82616e-01 -1.12736e+00 -1.83886e-01
3.56155e-01 -1.13544e+00 -1.64640e-01
5.15952e-01 -1.13663e+00 -1.54131e-01
6.71481e-01 -1.18124e+00 -1.57357e-01
8.21405e-01 -1.17709e+00 -1.53765e-01
9.70114e-01 -1.18695e+00 -1.56497e-01
1.10930e+00 -1.13929e+00 -1.51750e-01
1.25300e+00 -1.10722e+00 -1.50573e-01
1.40015e+00 -1.09150e+00 -1.66363e-01
1.54532e+00 -1.04067e+00 -1.75354e-01
1.68971e+00 -9.70200e-01 -1.84125e-01
1.83173e+00 -8.74989e-01 -1.94856e-01
1.97599e+00 -7.67469e-01 -2.04964e-01
2.14292e+00 -6.73158e-01 -2.32720e-01
2.29614e+00 -5.42384e-01 -2.61236e-01
2.43318e+00 -3.76776e-01 -2.85925e-01
2.53842e+00 -1.81734e-01 -3.14776e-01
2.51940e+00 4.82637e-02 -3.03509e-01
2.41755e+00 2.22152e-01 -5.12072e-01
2.37312e+00 4.21283e-01 -5.39367e-01
2.24691e+00 5.84275e-01 -5.18898e-01
2.10730e+00 7.32693e-01 -5.15727e-01
1.94364e+00 8.45761e-01 -5.01972e-01
1.78621e+00 9.74836e-01 -5.16034e-01
1.60814e+00 1.01182e+00 -4.81684e-01
1.43101e+00 1.00780e+00 -4.42838e-01
1.27377e+00 1.06015e+00 -4.45524e-01
1.12254e+00 1.01934e+00 -4.09751e-01
9.74613e-01 9.96342e-01 -3.93476e-01
8.30264e-01 1.01977e+00 -4.04667e-01
6.88863e-01 1.01123e+00 -4.07770e-01
5.54330e-01 9.77956e-01 -4.04714e-01
4.24823e-01 9.08898e-01 -3.87834e-01
2.98162e-01 8.39556e-01 -3.74064e-01
1.62530e-01 7.65880e-01 -3.75737e-01
2.47439e-02 6.93620e-01 -3.87575e-01
-1.31880e-01 6.22691e-01 -4.13850e-01
-2.64618e-01 5.21609e-01 -4.27169e-01
-3.84334e-01 3.89330e-01 -4.39136e-01
-4.96767e-01 2.21405e-01 -4.38774e-01
-5.89630e-01 6.88590e-02 -4.62258e-01
-6.81764e-01 -1.21449e-01 -5.02744e-01
-6.89273e-01 -3.38867e-01 -5.60241e-01
-6.26107e-01 -5.44828e-01 -5.19329e-01
-5.10567e-01 -7.07038e-01 -4.72682e-01
-3.67785e-01 -8.60500e-01 -4.47299e-01
-1.83581e-01 -9.33787e-01 -3.94498e-01
-1.37219e-02 -1.01231e+00 -3.69178e-01
1.60458e-01 -1.04901e+00 -3.37105e-01
3.23479e-01 -1.09349e+00 -3.22734e-01
4.81447e-01 -1.13150e+00 -3.14950e-01
6.34239e-01 -1.14747e+00 -3.05388e-01
7.81859e-01 -1.13783e+00 -2.95057e-01
9.23126e-01 -1.10751e+00 -2.85523e-01
1.06326e+00 -1.09321e+00 -2.86335e-01
1.19033e+00 -1.02537e+00 -2.67789e-01
1.33385e+00 -9.98691e-01 -2.76439e-01
1.47514e+00 -9.70175e-01 -3.02822e-01
1.62053e+00 -9.24271e-01 -3.22783e-01
1.75073e+00 -8.26194e-01 -3.30345e-01
1.87857e+00 -7.16302e-01 -3.36883e-01
2.03067e+00 -6.24395e-01 -3.71705e-01
2.18603e+00 -5.22956e-01 -4.24421e-01
2.31543e+00 -3.73613e-01 -4.66112e-01
2.41236e+00 -1.91848e-01 -5.03119e-01
2.43539e+00 1.77562e-02 -5.07757e-01
2.25386e+00 1.83000e-01 -6.66581e-01
2.19948e+00 3.70122e-01 -6.78253e-01
2.09435e+00 5.34096e-01 -6.67768e-01
1.96605e+00 6.80613e-01 -6.65623e-01
1.81127e+00 7.89591e-01 -6.44642e-01
1.64889e+00 8.70823e-01 -6.22573e-01
1.48288e+00 9.04370e-01 -5.81471e-01
1.32370e+00 9.41444e-01 -5.63946e-01
1.17004e+00 9.54708e-01 -5.45851e-01
1.02160e+00 9.53053e-01 -5.30277e-01
8.75799e-01 9.73888e-01 -5.39647e-01
7.33583e-01 9.58570e-01 -5.36425e-01
6.02175e-01 9.13047e-01 -5.23585e-01
4.82738e-01 8.33402e-01 -4.99717e-01
3.36453e-01 7.81629e-01 -5.02931e-01
2.05910e-01 7.11735e-01 -5.15078e-01
8.01462e-02 6.23978e-01 -5.10551e-01
-6.69393e-02 5.41599e-01 -5.44354e-01
-2.07458e-01 4.54960e-01 -5.93617e-01
-2.99092e-01 3.25311e-01 -5.96670e-01
-3.75400e-01 1.45025e-01 -5.63379e-01
-4.43122e-01 -2.63929e-02 -5.73922e-01
-4.67718e-01 -2.01041e-01 -5.78848e-01
-4.57130e-01 -3.89846e-01 -6.02619e-01
-3.85037e-01 -5.64168e-01 -5.96340e-01
-2.82887e-01 -7.32761e-01 -5.98565e-01
-1.28159e-01 -8.37109e-01 -5.49280e-01
3.59245e-02 -9.07540e-01 -5.02421e-01
1.97806e-01 -9.59860e-01 -4.68095e-01
3.52595e-01 -1.03226e+00 -4.64986e-01
5.05033e-01 -1.10169e+00 -4.70061e-01
6.58806e-01 -1.08659e+00 -4.40160e-01
8.05381e-01 -1.07463e+00 -4.24573e-01
9.46010e-01 -1.04476e+00 -4.10654e-01
1.08117e+00 -1.01238e+00 -4.05908e-01
1.21495e+00 -9.54824e-01 -3.96759e-01
1.35359e+00 -9.21112e-01 -4.11693e-01
1.48741e+00 -8.65660e-01 -4.24279e-01
1.62605e+00 -8.03315e-01 -4.47118e-01
1.75454e+00 -7.14317e-01 -4.69421e-01
1.87572e+00 -5.97840e-01 -4.81416e-01
2.00886e+00 -4.87453e-01 -5.22855e-01
2.12314e+00 -3.52966e-01 -5.66388e-01
2.21101e+00 -1.90812e-01 -6.07464e-01
2.24489e+00 -5.82007e-03 -6.28561e-01
2.07022e+00 1.43316e-01 -7.73931e-01
2.03096e+00 3.22535e-01 -8.07220e-01
1.93475e+00 4.81719e-01 -7.96997e-01
1.80991e+00 6.11539e-01 -7.75582e-01
1.66727e+00 7.09194e-01 -7.45223e-01
1.51701e+00 7.83087e-01 -7.18894e-01
1.36282e+00 8.15250e-01 -6.75694e-01
1.21295e+00 8.30326e-01 -6.42011e-01
1.06757e+00 8.66308e-01 -6.45710e-01
9.22429e-01 8.91588e-01 -6.56784e-01
7.82952e-01 8.73071e-01 -6.44595e-01
6.44661e-01 8.49055e-01 -6.43392e-01
5.16692e-01 7.91265e-01 -6.29850e-01
3.81298e-01 7.40654e-01 -6.38662e-01
2.54124e-01 6.68633e-01 -6.40635e-01
1.34284e-01 5.64655e-01 -6.33673e-01
-1.42379e-02 5.02225e-01 -6.98635e-01
-1.39028e-01 3.98737e-01 -7.46370e-01
-2.14228e-01 2.42826e-01 -7.33665e-01
-2.82756e-01 7.20840e-02 -7.25893e-01
-3.08735e-01 -9.92626e-02 -7.21834e-01
-2.83077e-01 -2.72167e-01 -7.02688e-01
-2.49523e-01 -4.39475e-01 -7.09390e-01
-1.57756e-01 -5.86528e-01 -6.79837e-01
-4.49668e-02 -7.18100e-01 -6.67230e-01
9.46047e-02 -8.10518e-01 -6.32596e-01
2.43097e-01 -8.77612e-01 -5.96771e-01
3.88136e-01 -9.58131e-01 -5.97876e-01
5.38508e-01 -9.91438e-01 -5.77151e-01
6.87087e-01 -9.98939e-01 -5.55717e-01
8.28848e-01 -9.86045e-01 -5.35104e-01
9.70552e-01 -9.86032e-01 -5.39311e-01
1.10787e+00 -9.58504e-01 -5.38803e-01
1.24007e+00 -9.06162e-01 -5.34787e-01
1.37723e+00 -8.68193e-01 -5.57307e-01
1.50612e+00 -7.95367e-01 -5.67479e-01
1.63933e+00 -7.23855e-01 -6.00042e-01
1.76079e+00 -6.25855e-01 -6.29861e-01
1.86333e+00 -4.91116e-01 -6.44132e-01
1.97004e+00 -3.65673e-01 -6.93493e-01
2.02871e+00 -1.98436e-01 -7.03450e-01
2.06908e+00 -3.10000e-02 -7.41276e-01
1.88557e+00 1.09066e-01 -8.43200e-01
1.85235e+00 2.69991e-01 -8.84247e-01
1.76833e+00 4.15605e-01 -8.74792e-01
1.65526e+00 5.32914e-01 -8.48874e-01
1.53231e+00 6.42361e-01 -8.51739e-01
1.39250e+00 7.09988e-01 -8.21105e-01
1.24890e+00 7.43596e-01 -7.80998e-01
1.10736e+00 7.71748e-01 -7.64493e-01
9.68048e-01 7.89018e-01 -7.57109e-01
8.31929e-01 7.72329e-01 -7.36319e-01
6.96000e-01 7.58537e-01 -7.41563e-01
5.63412e-01 7.26625e-01 -7.46526e-01
4.33301e-01 6.80072e-01 -7.59480e-01
3.17591e-01 5.91610e-01 -7.42174e-01
1.98189e-01 5.02115e-01 -7.51610e-01
7.16740e-02 4.30341e-01 -8.16931e-01
-3.04616e-02 3.08006e-01 -8.47180e-01
-1.16488e-01 1.66808e-01 -8.85330e-01
-1.47253e-01 -2.69152e-03 -8.55949e-01
-1.42065e-01 -1.64425e-01 -8.42955e-01
-1.12688e-01 -3.25153e-01 -8.17452e-01
-4.40306e-02 -4.71736e-01 -7.87263e-01
4.50931e-02 -6.08854e-01 -7.82884e-01
1.64154e-01 -7.12909e-01 -7.52301e-01
2.95270e-01 -7.96775e-01 -7.27972e-01
4.34221e-01 -8.54268e-01 -7.01442e-01
5.74656e-01 -9.02735e-01 -6.91531e-01
7.15967e-01 -9.02047e-01 -6.56071e-01
8.53358e-01 -9.01142e-01 -6.43928e-01
9.91104e-01 -9.01434e-01 -6.52640e-01
1.12487e+00 -8.75443e-01 -6.57191e-01
1.25327e+00 -8.22997e-01 -6.56750e-01
1.38365e+00 -7.75119e-01 -6.81505e-01
1.50726e+00 -7.02601e-01 -7.05094e-01
1.62704e+00 -6.17377e-01 -7.41960e-01
1.72189e+00 -4.92234e-01 -7.51647e-01
1.80383e+00 -3.56543e-01 -7.72916e-01
1.85919e+00 -2.07816e-01 -7.91348e-01
1.89396e+00 -5.36573e-02 -8.25901e-01
1.72322e+00 7.47562e-02 -9.21638e-01
1.68004e+00 2.27675e-01 -9.37210e-01
1.59616e+00 3.61351e-01 -9.17897e-01
1.49623e+00 4.84755e-01 -9.36660e-01
1.36880e+00 5.74367e-01 -9.12670e-01
1.23240e+00 6.33198e-01 -8.85218e-01
1.09275e+00 6.78077e-01 -8.77716e-01
9.52860e-01 6.79532e-01 -8.43569e-01
8.14521e-01 6.70694e-01 -8.31236e-01
6.76277e-01 6.63564e-01 -8.54194e-01
5.44961e-01 6.16222e-01 -8.52910e-01
4.25390e-01 5.40804e-01 -8.40665e-01
3.10666e-01 4.45946e-01 -8.33355e-01
1.98902e-01 3.47907e-01 -8.70119e-01
9.91175e-02 2.42221e-01 -9.33251e-01
3.65382e-02 9.53399e-02 -9.47924e-01
2.08073e-02 -6.45781e-02 -9.14965e-01
3.54788e-02 -2.15218e-01 -8.88620e-01
8.69106e-02 -3.64497e-01 -8.60315e-01
1.61345e-01 -5.03251e-01 -8.53550e-01
2.63872e-01 -6.20608e-01 -8.43974e-01
3.87943e-01 -7.07111e-01 -8.18911e-01
5.21356e-01 -7.74050e-01 -8.03680e-01
6.61013e-01 -8.04747e-01 -7.76036e-01
8.00611e-01 -8.15238e-01 -7.56904e-01
9.38679e-01 -8.10501e-01 -7.51304e-01
1.07560e+00 -7.95089e-01 -7.63677e-01
1.20470e+00 -7.40799e-01 -7.57863e-01
1.33112e+00 -6.81897e-01 -7.77160e-01
1.44661e+00 -5.96385e-01 -7.93160e-01
1.54758e+00 -4.88369e-01 -8.08064e-01
1.63514e+00 -3.69541e-01 -8.40316e-01
1.70455e+00 -2.37582e-01 -8.90138e-01
1.72991e+00 -8.20209e-02 -9.03205e-01
1.56126e+00 4.41733e-02 -9.55231e-01
1.51897e+00 1.87980e-01 -9.72850e-01
1.43848e+00 3.14651e-01 -9.64461e-01
1.33176e+00 4.16754e-01 -9.49854e-01
1.20797e+00 4.91380e-01 -9.32862e-01
1.07463e+00 5.43010e-01 -9.28489e-01
9.37365e-01 5.57606e-01 -9.06344e-01
7.99499e-01 5.58492e-01 -9.12881e-01
6.61304e-01 5.44459e-01 -9.45229e-01
5.39911e-01 4.70561e-01 -9.11095e-01
4.28899e-01 3.82111e-01 -8.95929e-01
3.19591e-01 2.93654e-01 -9.45002e-01
2.28763e-01 1.78685e-01 -1.00554e+00
1.88212e-01 2.79128e-02 -9.79747e-01
1.74096e-01 -1.25223e-01 -9.85986e-01
2.08505e-01 -2.71613e-01 -9.44264e-01
2.72822e-01 -4.05823e-01 -9.23627e-01
3.67700e-01 -5.16233e-01 -8.95426e-01
4.80841e-01 -6.13785e-01 -8.94332e-01
6.09811e-01 -6.87840e-01 -8.96850e-01
7.47736e-01 -7.09947e-01 -8.61854e-01
8.86269e-01 -7.16369e-01 -8.52283e-01
1.02250e+00 -6.97093e-01 -8.49335e-01
1.15136e+00 -6.46180e-01 -8.42544e-01
1.27767e+00 -5.92538e-01 -8.77918e-01
1.38273e+00 -4.92392e-01 -8.78774e-01
1.47319e+00 -3.81209e-01 -9.04006e-01
1.54048e+00 -2.52923e-01 -9.38343e-01
1.56898e+00 -1.05263e-01 -9.47500e-01
1.41069e+00 1.60893e-02 -9.78873e-01
1.36943e+00 1.50917e-01 -1.00469e+00
1.28682e+00 2.65150e-01 -9.88803e-01
1.17772e+00 3.48405e-01 -9.61391e-01
1.05346e+00 4.01778e-01 -9.43761e-01
9.21478e-01 4.26482e-01 -9.39048e-01
7.87318e-01 4.24219e-01 -9.47692e-01
6.59383e-01 3.88432e-01 -9.58166e-01
5.44559e-01 3.16651e-01 -9.54165e-01
4.43396e-01 2.25149e-01 -9.79629e-01
3.70133e-01 1.05985e-01 -9.97896e-01
3.36867e-01 -3.24844e-02 -9.84278e-01
3.38580e-01 -1.74922e-01 -9.92322e-01
3.86923e-01 -3.06427e-01 -9.61445e-01
4.68575e-01 -4.17107e-01 -9.36003e-01
5.73846e-01 -5.11091e-01 -9.39932e-01
6.99294e-01 -5.70156e-01 -9.28738e-01
8.33140e-01 -5.98390e-01 -9.26371e-01
9.67023e-01 -5.84417e-01 -9.11580e-01
1.09521e+00 -5.43690e-01 -9.11941e-01
1.21414e+00 -4.82028e-01 -9.40077e-01
1.31316e+00 -3.86674e-01 -9.61833e-01
1.38419e+00 -2.65380e-01 -9.80318e-01
1.41553e+00 -1.24454e-01 -9.72961e-01
1.27226e+00 -1.06166e-02 -1.01737e+00
1.22421e+00 1.20501e-01 -1.03295e+00
1.13104e+00 2.23865e-01 -1.01912e+00
1.01017e+00 2.87974e-01 -1.00752e+00
8.76336e-01 3.09693e-01 -1.00414e+00
7.44704e-01 2.82395e-01 -9.88151e-01
6.25878e-01 2.18608e-01 -9.97262e-01
5.32403e-01 1.19031e-01 -1.02146e+00
4.84177e-01 -1.16310e-02 -1.00455e+00
4.80881e-01 -1.50969e-01 -1.01348e+00
5.32485e-01 -2.77265e-01 -9.80606e-01
6.23043e-01 -3.81525e-01 -9.77389e-01
7.43635e-01 -4.43829e-01 -9.58749e-01
8.77309e-01 -4.66342e-01 -9.57487e-01
1.00730e+00 -4.31324e-01 -9.27800e-01
1.12837e+00 -3.77901e-01 -9.68915e-01
1.21918e+00 -2.76254e-01 -9.83479e-01
1.27017e+00 -1.49093e-01 -1.00096e+00
1.13594e+00 -3.48770e-02 -1.01781e+00
1.07919e+00 8.94378e-02 -1.05404e+00
9.66102e-01 1.65614e-01 -1.04040e+00
8.30763e-01 1.77647e-01 -1.04183e+00
7.08793e-01 1.18852e-01 -1.02735e+00
6.30704e-01 8.05374e-03 -1.01587e+00
6.16835e-01 -1.27451e-01 -1.02389e+00
6.76459e-01 -2.46273e-01 -9.92410e-01
7.88053e-01 -3.22689e-01 -9.88123e-01
9.21408e-01 -3.30235e-01 -9.74435e-01
1.04379e+00 -2.77292e-01 -9.90948e-01
1.12305e+00 -1.69251e-01 -1.00669e+00
1.00593e+00 -5.91180e-02 -1.03881e+00
9.21345e-01 4.01098e-02 -1.02398e+00
7.93110e-01 1.79606e-02 -1.03034e+00
7.47883e-01 -1.04685e-01 -1.03330e+00
8.32380e-01 -1.99982e-01 -9.98629e-01
9.60234e-01 -1.79588e-01 -1.01139e+00
8.76843e-01 -8.20516e-02 -1.03779e+00
-1.43984e+00 5.96234e-02 8.57658e-01
-1.34118e+00 1.41814e-01 8.45286e-01
-1.44634e+00 2.00539e-01 8.79798e-01
-1.41935e+00 -6.91592e-02 8.56709e-01
-1.32933e+00 1.26229e-02 8.25948e-01
-1.24330e+00 2.25949e-01 7.86574e-01
-1.34146e+00 3.10730e-01 8.22976e-01
-1.46965e+00 3.39292e-01 8.55704e-01
-1.39829e+00 -2.04019e-01 8.26535e-01
-1.29081e+00 -1.49524e-01 8.17093e-01
-1.21634e+00 -3.08456e-02 7.76488e-01
-1.20799e+00 1.01621e-01 7.54459e-01
-1.17384e+00 2.90181e-01 6.94083e-01
-1.25262e+00 3.82016e-01 7.25746e-01
-1.36316e+00 4.41716e-01 7.64206e-01
-1.49112e+00 4.65045e-01 7.97795e-01
-1.27377e+00 -3.05699e-01 7.72875e-01
-1.16009e+00 -2.05455e-01 7.61583e-01
-1.11424e+00 -7.94161e-02 7.02193e-01
-1.11338e+00 5.04652e-02 6.65410e-01
-1.13048e+00 1.77823e-01 6.71180e-01
-1.10795e+00 3.50957e-01 6.11864e-01
-1.17775e+00 4.39415e-01 6.36052e-01
-1.27749e+00 5.04677e-01 6.54355e-01
-1.38548e+00 5.57938e-01 6.94167e-01
-1.51009e+00 5.83453e-01 7.38465e-01
-1.25924e+00 -4.32014e-01 6.74436e-01
-1.13326e+00 -3.67576e-01 6.97136e-01
-1.06450e+00 -2.42106e-01 6.50362e-01
-1.03626e+00 -1.18296e-01 6.08786e-01
-1.04157e+00 1.24647e-03 5.73574e-01
-1.04697e+00 1.27886e-01 5.65336e-01
-1.07351e+00 2.46230e-01 5.79807e-01
-1.05023e+00 4.04444e-01 5.25550e-01
-1.12578e+00 4.87208e-01 5.38938e-01
-1.21176e+00 5.67103e-01 5.66473e-01
-1.31622e+00 6.32273e-01 5.98248e-01
-1.42375e+00 6.98686e-01 6.66088e-01
-1.57066e+00 7.09746e-01 6.92568e-01
-1.31904e+00 -5.80891e-01 5.97599e-01
-1.19243e+00 -5.24926e-01 5.76201e-01
-1.07412e+00 -4.33447e-01 5.61855e-01
-9.83885e-01 -3.24818e-01 5.46503e-01
-9.29356e-01 -1.95519e-01 5.36350e-01
-9.32365e-01 -6.20008e-02 5.04555e-01
-9.38803e-01 6.58603e-02 4.93763e-01
-9.74257e-01 1.85589e-01 4.86288e-01
-1.01550e+00 2.99590e-01 4.98560e-01
-1.01351e+00 4.42457e-01 4.28181e-01
-1.07631e+00 5.32221e-01 4.44506e-01
-1.17161e+00 6.00626e-01 4.54868e-01
-1.26244e+00 6.76013e-01 4.85275e-01
-1.36052e+00 7.54472e-01 5.35304e-01
-1.48492e+00 8.10816e-01 5.83953e-01
-1.63266e+00 8.34751e-01 6.28136e-01
-1.27352e+00 -6.58651e-01 4.60073e-01
-1.13112e+00 -5.86492e-01 4.40899e-01
-1.01044e+00 -5.02541e-01 4.32940e-01
-8.89592e-01 -4.13192e-01 4.52937e-01
-8.12689e-01 -2.86665e-01 4.95855e-01
-7.94098e-01 -1.31118e-01 4.81569e-01
-8.01290e-01 1.42344e-02 4.68315e-01
-8.47294e-01 1.31313e-01 4.17716e-01
-9.25954e-01 2.32906e-01 3.97919e-01
-9.84897e-01 3.42245e-01 4.02403e-01
-9.78476e-01 4.78366e-01 3.30041e-01
-1.05178e+00 5.56639e-01 3.37639e-01
-1.13905e+00 6.23689e-01 3.47434e-01
-1.22758e+00 6.94691e-01 3.67083e-01
-1.31419e+00 7.77337e-01 4.03757e-01
-1.41192e+00 8.62298e-01 4.51093e-01
-1.53556e+00 9.39527e-01 5.09207e-01
-1.69842e+00 9.55487e-01 5.39927e-01
-1.86114e+00 9.30053e-01 5.52871e-01
-1.35396e+00 -7.62271e-01 3.22861e-01
-1.21742e+00 -6.85317e-01 3.04050e-01
-1.07824e+00 -6.27420e-01 2.92686e-01
-9.44872e-01 -5.74996e-01 3.08171e-01
-8.02525e-01 -5.16973e-01 3.70465e-01
-7.98399e-01 1.98119e-01 3.25140e-01
-8.99794e-01 2.78789e-01 2.98902e-01
-9.32836e-01 3.89309e-01 3.13444e-01
-9.66915e-01 4.99747e-01 2.26810e-01
-1.03770e+00 5.76565e-01 2.34603e-01
-1.11565e+00 6.51768e-01 2.47093e-01
-1.18573e+00 7.39336e-01 2.70342e-01
-1.27167e+00 8.24247e-01 2.96926e-01
-1.38655e+00 8.93550e-01 3.20629e-01
-1.50766e+00 9.76878e-01 3.60704e-01
-1.65442e+00 1.04446e+00 4.01520e-01
-1.83002e+00 1.05062e+00 4.21890e-01
-2.00118e+00 1.05094e+00 4.62632e-01
-1.25079e+00 -7.72663e-01 1.72056e-01
-1.08942e+00 -7.35442e-01 1.70988e-01
-9.43142e-01 -6.82323e-01 1.74507e-01
-7.88118e-01 -6.65147e-01 2.34966e-01
-7.67331e-01 2.31947e-01 2.16463e-01
-8.44611e-01 3.26522e-01 2.12152e-01
-9.06883e-01 4.16926e-01 2.18637e-01
-9.57202e-01 5.19356e-01 1.25437e-01
-1.03867e+00 5.81852e-01 1.32953e-01
-1.10337e+00 6.67800e-01 1.44165e-01
-1.17261e+00 7.54272e-01 1.58113e-01
-1.24922e+00 8.43666e-01 1.79399e-01
-1.34515e+00 9.32625e-01 1.99557e-01
-1.45950e+00 1.02004e+00 2.25972e-01
-1.61435e+00 1.06648e+00 2.41446e-01
-1.77724e+00 1.12438e+00 2.65945e-01
-1.95798e+00 1.12544e+00 2.78201e-01
-1.29573e+00 -8.40266e-01 2.17381e-02
-1.13736e+00 -7.79496e-01 1.83368e-02
-9.71587e-01 -7.57280e-01 2.50190e-02
-8.04193e-01 -7.59199e-01 5.04973e-02
-7.45769e-01 2.81432e-01 1.17008e-01
-8.51052e-01 3.39303e-01 1.03849e-01
-8.99524e-01 4.39840e-01 1.16078e-01
-9.45161e-01 5.41352e-01 2.62180e-02
-1.02896e+00 6.06528e-01 3.30425e-02
-1.08840e+00 6.96110e-01 4.42699e-02
-1.14255e+00 7.97604e-01 5.84769e-02
-1.23370e+00 8.79383e-01 6.81588e-02
-1.32907e+00 9.76330e-01 8.05677e-02
-1.45785e+00 1.05317e+00 9.04732e-02
-1.60908e+00 1.12344e+00 9.93997e-02
-1.78583e+00 1.14875e+00 1.02685e-01
-1.96569e+00 1.14406e+00 1.02425e-01
-2.14122e+00 1.10636e+00 9.79310e-02
-1.29970e+00 -8.32656e-01 -1.42614e-01
-1.13126e+00 -7.64926e-01 -1.32598e-01
-9.61138e-01 -7.69400e-01 -1.34190e-01
-7.87345e-01 -7.80828e-01 -1.39077e-01
-7.50169e-01 2.84189e-01 -5.04027e-03
-8.43843e-01 3.60301e-01 3.90345e-03
-8.68160e-01 4.69402e-01 1.76043e-02
-9.30399e-01 5.65769e-01 -7.56040e-02
-1.00345e+00 6.39568e-01 -6.70479e-02
-1.07420e+00 7.18754e-01 -5.83568e-02
-1.14523e+00 8.06744e-01 -5.25992e-02
-1.23151e+00 8.91283e-01 -4.93420e-02
-1.33405e+00 9.76506e-01 -4.82351e-02
-1.45465e+00 1.06451e+00 -4.99966e-02
-1.60752e+00 1.12412e+00 -5.38918e-02
-1.77984e+00 1.14595e+00 -5.97702e-02
-1.96148e+00 1.16784e+00 -7.42738e-02
-2.12698e+00 1.10877e+00 -8.86509e-02
-1.30473e+00 -7.75987e-01 -2.94003e-01
-1.13646e+00 -7.27163e-01 -2.81373e-01
-9.73823e-01 -7.31133e-01 -2.92400e-01
-7.98607e-01 -7.25677e-01 -3.17843e-01
-7.54192e-01 2.99277e-01 -1.17332e-01
-8.12648e-01 3.92925e-01 -1.01345e-01
-8.60694e-01 4.87980e-01 -8.75919e-02
-9.28295e-01 5.80752e-01 -1.82786e-01
-1.01291e+00 6.50414e-01 -1.70811e-01
-1.09815e+00 7.19655e-01 -1.63551e-01
-1.17589e+00 8.04452e-01 -1.63238e-01
-1.26030e+00 8.97228e-01 -1.69139e-01
-1.36572e+00 9.87101e-01 -1.79533e-01
-1.50261e+00 1.05516e+00 -1.92319e-01
-1.66526e+00 1.07928e+00 -2.00388e-01
-1.82935e+00 1.13205e+00 -2.31358e-01
-2.00067e+00 1.08997e+00 -2.47413e-01
-1.25779e+00 -6.87447e-01 -4.24715e-01
-1.08982e+00 -6.70744e-01 -4.32316e-01
-9.29067e-01 -6.39813e-01 -4.41889e-01
-7.72745e-01 -5.91790e-01 -4.78959e-01
-7.65646e-01 2.92427e-01 -2.32811e-01
-8.10983e-01 3.99751e-01 -2.12220e-01
-8.52690e-01 5.02821e-01 -1.96749e-01
-9.45350e-01 5.82852e-01 -2.92823e-01
-1.04319e+00 6.40526e-01 -2.73996e-01
-1.11898e+00 7.20808e-01 -2.72049e-01
-1.20167e+00 8.01928e-01 -2.76508e-01
-1.29755e+00 8.83654e-01 -2.87854e-01
-1.40989e+00 9.60123e-01 -3.07780e-01
-1.54871e+00 1.01215e+00 -3.27590e-01
-1.70273e+00 1.03794e+00 -3.50012e-01
-1.86107e+00 1.02686e+00 -3.74399e-01
-1.36653e+00 -6.26034e-01 -5.67427e-01
-1.21641e+00 -5.93403e-01 -5.49688e-01
-1.06214e+00 -5.62434e-01 -5.55784e-01
-9.18390e-01 -5.05966e-01 -5.65944e-01
-7.95888e-01 -4.02727e-01 -5.71035e-01
-7.26912e-01 -2.59306e-01 -5.58520e-01
-7.14712e-01 -9.03953e-02 -4.97102e-01
-7.09111e-01 5.74918e-02 -4.73880e-01
-7.49981e-01 1.83151e-01 -4.03581e-01
-8.07019e-01 2.75544e-01 -3.41814e-01
-8.67571e-01 3.74396e-01 -3.10801e-01
-8.86156e-01 4.90890e-01 -3.05125e-01
-1.00083e+00 5.52514e-01 -3.89469e-01
-1.08929e+00 6.24286e-01 -3.73665e-01
-1.16613e+00 7.10125e-01 -3.76764e-01
-1.26663e+00 7.78520e-01 -3.80791e-01
-1.36713e+00 8.60652e-01 -4.07322e-01
-1.49065e+00 9.28317e-01 -4.40324e-01
-1.64056e+00 9.43846e-01 -4.59937e-01
-1.79232e+00 9.14848e-01 -4.72984e-01
-1.28008e+00 -5.00567e-01 -6.65802e-01
-1.12847e+00 -4.64209e-01 -6.66059e-01
-9.88738e-01 -3.97629e-01 -6.70268e-01
-8.90343e-01 -2.86626e-01 -6.35916e-01
-8.48511e-01 -1.57378e-01 -5.72639e-01
-8.15302e-01 -1.19654e-02 -5.46407e-01
-8.22835e-01 1.22641e-01 -4.99465e-01
-8.70314e-01 2.33508e-01 -4.45412e-01
-9.05888e-01 3.46979e-01 -4.18607e-01
-9.33192e-01 4.63384e-01 -4.08183e-01
-1.06001e+00 5.18467e-01 -4.83689e-01
-1.13330e+00 6.08767e-01 -4.78083e-01
-1.22861e+00 6.76518e-01 -4.74376e-01
-1.33329e+00 7.45747e-01 -4.87065e-01
-1.43775e+00 8.25522e-01 -5.32259e-01
-1.57599e+00 8.52567e-01 -5.61442e-01
-1.71991e+00 8.36100e-01 -5.86358e-01
-1.34418e+00 -3.77285e-01 -7.35283e-01
-1.20011e+00 -3.50042e-01 -7.46659e-01
-1.06764e+00 -2.82640e-01 -7.44182e-01
-9.76276e-01 -1.75409e-01 -7.03613e-01
-9.19954e-01 -4.93009e-02 -6.60658e-01
-8.98531e-01 8.28580e-02 -6.16538e-01
-9.18711e-01 2.04666e-01 -5.63256e-01
-9.48820e-01 3.21012e-01 -5.27793e-01
-9.93895e-01 4.31024e-01 -5.04753e-01
-1.10469e+00 5.00548e-01 -5.91408e-01
-1.17678e+00 5.93347e-01 -5.92018e-01
-1.27362e+00 6.65561e-01 -5.98421e-01
-1.38963e+00 7.15273e-01 -6.11471e-01
-1.51006e+00 7.60584e-01 -6.60103e-01
-1.64868e+00 7.35438e-01 -6.68700e-01
-1.40420e+00 -2.46729e-01 -7.75703e-01
-1.27145e+00 -2.26570e-01 -7.91797e-01
-1.14898e+00 -1.64442e-01 -7.87979e-01
-1.05437e+00 -6.72345e-02 -7.69218e-01
-9.88122e-01 5.53116e-02 -7.49765e-01
-9.82642e-01 1.77463e-01 -6.86606e-01
-9.90984e-01 3.01829e-01 -6.54595e-01
-1.04636e+00 4.02096e-01 -6.10049e-01
-1.17411e+00 4.61174e-01 -6.83747e-01
-1.25080e+00 5.61587e-01 -6.98807e-01
-1.37062e+00 6.14542e-01 -6.97337e-01
-1.49911e+00 6.43582e-01 -7.29854e-01
-1.63357e+00 6.05793e-01 -7.30138e-01
-1.41715e+00 -1.18137e-01 -8.15108e-01
-1.28799e+00 -8.36556e-02 -8.08353e-01
-1.17642e+00 -6.11558e-03 -8.17706e-01
-1.10705e+00 1.08672e-01 -7.88540e-01
-1.08389e+00 2.37468e-01 -7.54312e-01
-1.10662e+00 3.60906e-01 -7.18264e-01
-1.26051e+00 4.06331e-01 -7.56964e-01
-1.36074e+00 4.87179e-01 -7.50597e-01
-1.48937e+00 5.12006e-01 -7.57617e-01
-1.61311e+00 4.73046e-01 -7.85476e-01
-1.43223e+00 1.22211e-02 -8.25928e-01
-1.30745e+00 5.81265e-02 -8.28912e-01
-1.21873e+00 1.65485e-01 -8.40099e-01
-1.21096e+00 2.89580e-01 -7.80878e-01
-1.36107e+00 3.35882e-01 -7.89582e-01
-1.47643e+00 3.88420e-01 -7.94243e-01
-1.44572e+00 1.40269e-01 -8.45527e-01
-1.34237e+00 2.15805e-01 -8.31149e-01
-1.46001e+00 2.68184e-01 -8.32147e-01
-1.93810e+00 -7.16664e-02 9.59473e-01
-1.79442e+00 -5.63859e-02 9.28893e-01
-1.87559e+00 6.42931e-02 9.62383e-01
-2.02728e+00 5.16738e-02 9.96563e-01
-2.09313e+00 -8.40119e-02 9.61267e-01
-2.00491e+00 -2.08680e-01 9.44737e-01
-1.85770e+00 -1.87416e-01 9.07676e-01
-1.65429e+00 -4.06991e-02 8.90306e-01
-1.68778e+00 1.01465e-01 9.52120e-01
-1.80333e+00 2.08052e-01 9.88339e-01
-1.96464e+00 2.34288e-01 9.83805e-01
-2.11847e+00 1.82219e-01 9.82315e-01
-2.21338e+00 6.03253e-02 9.37256e-01
-2.22241e+00 -8.49003e-02 8.82750e-01
-2.18030e+00 -2.30537e-01 8.82916e-01
-2.06958e+00 -3.37912e-01 8.92100e-01
-1.91539e+00 -3.67842e-01 8.93025e-01
-1.77026e+00 -3.10286e-01 8.86719e-01
-1.67919e+00 -1.87486e-01 8.68552e-01
-1.51160e+00 -2.48266e-02 8.63240e-01
-1.53293e+00 1.15279e-01 8.94156e-01
-1.61311e+00 2.50546e-01 9.22741e-01
-1.73778e+00 3.49599e-01 9.49575e-01
-1.89611e+00 3.87156e-01 9.47343e-01
-2.05380e+00 3.70650e-01 9.32562e-01
-2.19698e+00 3.04907e-01 9.22910e-01
-2.29166e+00 1.91575e-01 8.76529e-01
-2.33360e+00 5.68592e-02 8.21126e-01
-2.34057e+00 -8.41644e-02 7.96002e-01
-2.30981e+00 -2.23767e-01 7.85622e-01
-2.23487e+00 -3.48707e-01 7.85239e-01
-2.12389e+00 -4.47730e-01 8.00861e-01
-1.98195e+00 -5.02979e-01 8.20045e-01
-1.81909e+00 -5.14399e-01 8.62426e-01
-1.67659e+00 -4.32711e-01 8.46779e-01
-1.58484e+00 -3.07407e-01 8.18220e-01
-1.52200e+00 -1.71242e-01 8.23577e-01
-1.56051e+00 3.91255e-01 8.60191e-01
-1.69413e+00 4.66330e-01 8.49156e-01
-1.83668e+00 5.15917e-01 8.59466e-01
-1.98638e+00 5.19389e-01 8.56660e-01
-2.14161e+00 5.00440e-01 8.82689e-01
-2.27176e+00 4.21851e-01 8.53619e-01
-2.35492e+00 3.07812e-01 7.94715e-01
-2.42050e+00 1.85386e-01 7.61252e-01
-2.47426e+00 5.15072e-02 7.55704e-01
-2.47891e+00 -8.79791e-02 7.34710e-01
-2.45297e+00 -2.26442e-01 7.25281e-01
-2.39335e+00 -3.56377e-01 7.16247e-01
-2.30620e+00 -4.74178e-01 7.20332e-01
-2.18036e+00 -5.53332e-01 7.11702e-01
-2.04226e+00 -6.10888e-01 7.18871e-01
-1.89358e+00 -6.23868e-01 7.22558e-01
-1.74493e+00 -5.95496e-01 7.30525e-01
-1.60072e+00 -5.35402e-01 7.51733e-01
-1.48935e+00 -4.27141e-01 7.60017e-01
-1.41028e+00 -3.09911e-01 7.96756e-01
-1.69676e+00 5.94666e-01 7.52191e-01
-1.84494e+00 6.35912e-01 7.60569e-01
-1.99609e+00 6.53647e-01 7.80461e-01
-2.15272e+00 6.30311e-01 7.87121e-01
-2.30772e+00 5.71113e-01 7.91118e-01
-2.39996e+00 4.50766e-01 7.29811e-01
-2.46869e+00 3.24359e-01 6.80293e-01
-2.54680e+00 1.97632e-01 6.74833e-01
-2.59401e+00 5.74918e-02 6.62749e-01
-2.56477e+00 -8.10927e-02 6.20930e-01
-2.56495e+00 -2.27058e-01 6.23609e-01
-2.51600e+00 -3.64898e-01 6.18492e-01
-2.43684e+00 -4.92367e-01 6.16310e-01
-2.31409e+00 -5.85516e-01 6.01893e-01
-2.17414e+00 -6.51670e-01 5.88840e-01
-2.03722e+00 -7.16834e-01 6.04264e-01
-1.88393e+00 -7.33347e-01 6.12857e-01
-1.73791e+00 -6.85636e-01 5.98338e-01
-1.59317e+00 -6.28865e-01 6.13359e-01
-1.45190e+00 -5.58201e-01 6.50736e-01
-1.69216e+00 7.43807e-01 6.88481e-01
-1.85094e+00 7.60094e-01 6.70109e-01
-2.00518e+00 7.90621e-01 7.00911e-01
-2.16660e+00 7.59365e-01 6.92957e-01
-2.31067e+00 6.88146e-01 6.73018e-01
-2.43037e+00 5.86967e-01 6.44386e-01
-2.50679e+00 4.60224e-01 6.00223e-01
-2.58127e+00 3.34623e-01 5.76165e-01
-2.62371e+00 2.00155e-01 5.47095e-01
-2.63300e+00 6.38620e-02 5.19583e-01
-2.62275e+00 -7.07228e-02 4.94459e-01
-2.61839e+00 -2.09665e-01 4.88828e-01
-2.59400e+00 -3.48698e-01 4.89280e-01
-2.52459e+00 -4.75039e-01 4.83535e-01
-2.41702e+00 -5.73918e-01 4.69751e-01
-2.28735e+00 -6.57292e-01 4.54497e-01
-2.16058e+00 -7.31504e-01 4.57461e-01
-2.02832e+00 -8.00307e-01 4.73040e-01
-1.87550e+00 -8.48307e-01 5.01634e-01
-1.71158e+00 -8.22926e-01 5.07115e-01
-1.57555e+00 -7.33472e-01 4.94110e-01
-1.43518e+00 -6.70966e-01 5.25184e-01
-1.85413e+00 8.96586e-01 5.82391e-01
-2.01542e+00 9.27748e-01 6.05769e-01
-2.18161e+00 8.87298e-01 5.91304e-01
-2.30851e+00 7.90142e-01 5.47562e-01
-2.41367e+00 6.82613e-01 5.11731e-01
-2.51228e+00 5.75326e-01 4.88377e-01
-2.59059e+00 4.56502e-01 4.64406e-01
-2.61968e+00 3.23829e-01 4.28018e-01
-2.63343e+00 1.94688e-01 3.99233e-01
-2.65964e+00 6.67018e-02 3.82156e-01
-2.67788e+00 -6.29634e-02 3.70678e-01
-2.69488e+00 -1.96894e-01 3.71660e-01
-2.65873e+00 -3.27706e-01 3.59350e-01
-2.60111e+00 -4.52607e-01 3.52901e-01
-2.51998e+00 -5.69507e-01 3.46223e-01
-2.39821e+00 -6.57656e-01 3.30807e-01
-2.27303e+00 -7.31376e-01 3.21043e-01
-2.14528e+00 -7.91349e-01 3.18092e-01
-2.02123e+00 -8.74947e-01 3.38178e-01
-1.86717e+00 -9.33112e-01 3.62222e-01
-1.69829e+00 -9.25157e-01 3.74106e-01
-1.55595e+00 -8.37358e-01 3.65874e-01
-1.41755e+00 -7.69536e-01 3.80464e-01
-2.11987e+00 1.04619e+00 4.73241e-01
-2.26713e+00 9.38697e-01 4.37134e-01
-2.36283e+00 8.04223e-01 3.91105e-01
-2.49471e+00 7.19704e-01 3.81646e-01
-2.58383e+00 6.01497e-01 3.58016e-01
-2.63676e+00 4.68790e-01 3.29036e-01
-2.66345e+00 3.35616e-01 3.00760e-01
-2.68487e+00 2.07329e-01 2.78405e-01
-2.70786e+00 7.54979e-02 2.58961e-01
-2.74212e+00 -5.18346e-02 2.53938e-01
-2.76452e+00 -1.88094e-01 2.50364e-01
-2.73198e+00 -3.24384e-01 2.36826e-01
-2.65907e+00 -4.46672e-01 2.21875e-01
-2.56562e+00 -5.56899e-01 2.08534e-01
-2.45849e+00 -6.56809e-01 1.97305e-01
-2.33091e+00 -7.29888e-01 1.84799e-01
-2.21595e+00 -8.19442e-01 1.84658e-01
-2.08783e+00 -8.93671e-01 1.88427e-01
-1.94277e+00 -9.64925e-01 1.99871e-01
-1.77182e+00 -1.00510e+00 2.14262e-01
-1.60636e+00 -9.48332e-01 2.15626e-01
-1.45758e+00 -8.66106e-01 2.22531e-01
-1.35288e+00 -7.82467e-01 2.38298e-01
-2.19272e+00 1.03692e+00 2.90371e-01
-2.30192e+00 9.07938e-01 2.60076e-01
-2.41722e+00 8.12417e-01 2.43355e-01
-2.53237e+00 7.19142e-01 2.31096e-01
-2.61075e+00 5.98615e-01 2.11995e-01
-2.67438e+00 4.74622e-01 1.93522e-01
-2.69524e+00 3.42312e-01 1.70652e-01
-2.72206e+00 2.15306e-01 1.52923e-01
-2.75482e+00 8.88590e-02 1.37467e-01
-2.78158e+00 -3.65352e-02 1.27737e-01
-2.79738e+00 -1.70474e-01 1.16836e-01
-2.77276e+00 -3.06804e-01 1.02690e-01
-2.69264e+00 -4.25352e-01 8.60867e-02
-2.60750e+00 -5.37996e-01 7.31314e-02
-2.50763e+00 -6.40060e-01 6.12470e-02
-2.39482e+00 -7.30487e-01 5.09270e-02
-2.26717e+00 -8.01486e-01 4.28691e-02
-2.14431e+00 -8.77522e-01 3.89429e-02
-2.00962e+00 -9.48851e-01 3.77942e-02
-1.85953e+00 -1.02308e+00 4.26945e-02
-1.68389e+00 -1.01788e+00 4.66377e-02
-1.52650e+00 -9.40389e-01 5.19585e-02
-1.38610e+00 -8.87999e-01 6.87906e-02
-2.19933e+00 1.07556e+00 1.29344e-01
-2.32977e+00 9.66916e-01 1.15748e-01
-2.43942e+00 8.57158e-01 1.02012e-01
-2.54245e+00 7.46814e-01 8.85789e-02
-2.62223e+00 6.23794e-01 7.38849e-02
-2.68744e+00 4.97523e-01 5.89687e-02
-2.72475e+00 3.65811e-01 4.29703e-02
-2.76359e+00 2.38349e-01 2.92051e-02
-2.81227e+00 1.11643e-01 1.64173e-02
-2.82254e+00 -2.20921e-02 4.96601e-05
-2.82420e+00 -1.61427e-01 -1.93790e-02
-2.76704e+00 -2.90079e-01 -3.59918e-02
-2.66557e+00 -3.97725e-01 -4.85114e-02
-2.59603e+00 -5.15745e-01 -6.27376e-02
-2.51521e+00 -6.31060e-01 -7.79441e-02
-2.41149e+00 -7.34149e-01 -9.10833e-02
-2.28908e+00 -8.19029e-01 -1.01478e-01
-2.15348e+00 -8.83329e-01 -1.10588e-01
-2.01618e+00 -9.66297e-01 -1.20986e-01
-1.85479e+00 -1.04001e+00 -1.28837e-01
-1.68117e+00 -1.00552e+00 -1.25597e-01
-1.52323e+00 -9.29050e-01 -1.18549e-01
-1.38878e+00 -8.72988e-01 -1.11413e-01
-2.20428e+00 1.09912e+00 -4.25099e-02
-2.33031e+00 9.83225e-01 -4.35680e-02
-2.44128e+00 8.73647e-01 -4.91260e-02
-2.55440e+00 7.70027e-01 -5.82501e-02
-2.63089e+00 6.42723e-01 -6.80412e-02
-2.69759e+00 5.15662e-01 -7.99227e-02
-2.73509e+00 3.82497e-01 -9.17504e-02
-2.77621e+00 2.53927e-01 -1.05746e-01
-2.81407e+00 1.28424e-01 -1.22146e-01
-2.82492e+00 -8.73145e-03 -1.41131e-01
-2.80455e+00 -1.43960e-01 -1.60756e-01
-2.73523e+00 -2.66048e-01 -1.70124e-01
-2.65259e+00 -3.76209e-01 -1.80619e-01
-2.57412e+00 -4.85177e-01 -1.93558e-01
-2.50022e+00 -6.00491e-01 -2.13487e-01
-2.41141e+00 -7.13291e-01 -2.33855e-01
-2.29096e+00 -7.98162e-01 -2.47842e-01
-2.15242e+00 -8.57259e-01 -2.57973e-01
-2.02406e+00 -9.66435e-01 -2.86260e-01
-1.85449e+00 -1.00580e+00 -2.98792e-01
-1.67875e+00 -9.72566e-01 -2.97421e-01
-1.53482e+00 -8.89831e-01 -2.81779e-01
-1.41377e+00 -8.17356e-01 -2.69692e-01
-2.11447e+00 1.07707e+00 -2.10734e-01
-2.26306e+00 1.00522e+00 -2.05429e-01
-2.37509e+00 8.87795e-01 -1.95240e-01
-2.50501e+00 7.99885e-01 -2.05642e-01
-2.61823e+00 6.90328e-01 -2.15875e-01
-2.68088e+00 5.52157e-01 -2.20767e-01
-2.71427e+00 4.11513e-01 -2.25881e-01
-2.74102e+00 2.76747e-01 -2.36186e-01
-2.77724e+00 1.47141e-01 -2.57307e-01
-2.76678e+00 1.17825e-02 -2.69285e-01
-2.74647e+00 -1.22089e-01 -2.84181e-01
-2.70874e+00 -2.52444e-01 -3.01891e-01
-2.64639e+00 -3.77304e-01 -3.19557e-01
-2.55743e+00 -4.86221e-01 -3.35186e-01
-2.46349e+00 -5.93931e-01 -3.53984e-01
-2.35654e+00 -6.92975e-01 -3.74376e-01
-2.22298e+00 -7.60615e-01 -3.84975e-01
-2.09801e+00 -8.50255e-01 -4.16112e-01
-1.95148e+00 -9.38615e-01 -4.57779e-01
-1.77492e+00 -9.15738e-01 -4.50769e-01
-1.62031e+00 -8.47507e-01 -4.31723e-01
-1.47278e+00 -7.85413e-01 -4.26230e-01
-2.01708e+00 1.00313e+00 -3.52253e-01
-2.16182e+00 9.38249e-01 -3.37228e-01
-2.29240e+00 8.68444e-01 -3.33478e-01
-2.41430e+00 7.85712e-01 -3.39007e-01
-2.53404e+00 6.89347e-01 -3.49858e-01
-2.62523e+00 5.70004e-01 -3.58561e-01
-2.67253e+00 4.33133e-01 -3.59817e-01
-2.69819e+00 2.96646e-01 -3.65979e-01
-2.70624e+00 1.61728e-01 -3.73221e-01
-2.72154e+00 3.05822e-02 -3.93396e-01
-2.73387e+00 -1.07196e-01 -4.22804e-01
-2.69214e+00 -2.43555e-01 -4.44320e-01
-2.60086e+00 -3.55863e-01 -4.52576e-01
-2.50349e+00 -4.59243e-01 -4.64968e-01
-2.40287e+00 -5.60962e-01 -4.83921e-01
-2.28331e+00 -6.41707e-01 -4.99363e-01
-2.15932e+00 -7.20348e-01 -5.25394e-01
-2.02759e+00 -7.98705e-01 -5.66172e-01
-1.86753e+00 -8.29753e-01 -5.89567e-01
-1.69695e+00 -8.16101e-01 -5.96114e-01
-1.55058e+00 -7.33741e-01 -5.70853e-01
-1.43148e+00 -6.48336e-01 -5.59597e-01
-2.00284e+00 8.85958e-01 -4.60965e-01
-2.14415e+00 8.38529e-01 -4.52580e-01
-2.27069e+00 7.68115e-01 -4.48719e-01
-2.40914e+00 7.02217e-01 -4.71348e-01
-2.51867e+00 5.95658e-01 -4.82372e-01
-2.60554e+00 4.71555e-01 -4.94593e-01
-2.67641e+00 3.37029e-01 -5.13411e-01
-2.66604e+00 1.88513e-01 -5.05416e-01
-2.69625e+00 5.03268e-02 -5.35331e-01
-2.68232e+00 -9.53372e-02 -5.62837e-01
-2.60462e+00 -2.23696e-01 -5.66345e-01
-2.51835e+00 -3.40244e-01 -5.77865e-01
-2.41216e+00 -4.45312e-01 -5.91551e-01
-2.30034e+00 -5.41072e-01 -6.15990e-01
-2.17920e+00 -6.26188e-01 -6.48315e-01
-2.03706e+00 -6.90189e-01 -6.84605e-01
-1.87625e+00 -7.45027e-01 -7.38643e-01
-1.69957e+00 -7.04375e-01 -7.28752e-01
-1.57355e+00 -5.98768e-01 -6.69821e-01
-1.44864e+00 -5.14909e-01 -6.64901e-01
-1.84334e+00 8.02219e-01 -5.95240e-01
-1.99976e+00 8.14928e-01 -6.01752e-01
-2.13923e+00 7.57171e-01 -5.80652e-01
-2.28583e+00 7.11634e-01 -6.02495e-01
-2.40754e+00 6.15390e-01 -6.09716e-01
-2.49325e+00 4.89515e-01 -6.08465e-01
-2.57116e+00 3.59244e-01 -6.27240e-01
-2.59474e+00 2.13373e-01 -6.29762e-01
-2.60257e+00 6.98459e-02 -6.48658e-01
-2.56374e+00 -7.06446e-02 -6.59946e-01
-2.50334e+00 -2.01973e-01 -6.76743e-01
-2.41926e+00 -3.21537e-01 -6.99147e-01
-2.30770e+00 -4.20214e-01 -7.17063e-01
-2.19163e+00 -5.12401e-01 -7.59666e-01
-2.04814e+00 -5.74076e-01 -7.95482e-01
-1.88453e+00 -5.99145e-01 -8.26496e-01
-1.73003e+00 -5.43655e-01 -7.86433e-01
-1.60292e+00 -4.58270e-01 -7.44068e-01
-1.47730e+00 -3.69367e-01 -7.41397e-01
-1.69881e+00 6.52108e-01 -7.18594e-01
-1.84137e+00 6.98666e-01 -7.12232e-01
-1.98925e+00 7.04667e-01 -7.11517e-01
-2.13409e+00 6.73118e-01 -7.11906e-01
-2.27211e+00 6.09683e-01 -7.27691e-01
-2.37825e+00 5.01942e-01 -7.28098e-01
-2.44098e+00 3.68521e-01 -7.19004e-01
-2.47887e+00 2.30586e-01 -7.23444e-01
-2.47271e+00 8.98364e-02 -7.27864e-01
-2.44303e+00 -4.54097e-02 -7.44979e-01
-2.39492e+00 -1.74128e-01 -7.82359e-01
-2.30175e+00 -2.83626e-01 -8.05101e-01
-2.18464e+00 -3.69806e-01 -8.30409e-01
-2.05208e+00 -4.34862e-01 -8.76096e-01
-1.89701e+00 -4.40157e-01 -8.71602e-01
-1.75075e+00 -4.00430e-01 -8.52446e-01
-1.62927e+00 -3.21162e-01 -8.16357e-01
-1.51786e+00 -2.23150e-01 -8.07318e-01
-1.63557e+00 4.48902e-01 -8.07107e-01
-1.75486e+00 5.44672e-01 -8.11351e-01
-1.90204e+00 5.93677e-01 -8.19390e-01
-2.05954e+00 5.86097e-01 -8.28807e-01
-2.19615e+00 5.10354e-01 -8.16682e-01
-2.30075e+00 3.97566e-01 -8.16953e-01
-2.35519e+00 2.57110e-01 -8.14188e-01
-2.35947e+00 1.09540e-01 -8.16721e-01
-2.32751e+00 -3.12063e-02 -8.42579e-01
-2.24252e+00 -1.51542e-01 -8.58446e-01
-2.12585e+00 -2.41053e-01 -8.80472e-01
-1.98647e+00 -2.92441e-01 -9.23163e-01
-1.83355e+00 -2.76975e-01 -9.11330e-01
-1.69512e+00 -2.11392e-01 -8.99008e-01
-1.59579e+00 -1.01323e-01 -8.62378e-01
-1.52803e+00 3.29032e-02 -8.58594e-01
-1.65069e+00 1.76792e-01 -8.96736e-01
-1.69865e+00 3.22732e-01 -8.89725e-01
-1.81544e+00 4.25270e-01 -8.84885e-01
-1.96875e+00 4.54931e-01 -8.84680e-01
-2.11640e+00 4.02671e-01 -8.91268e-01
-2.21900e+00 2.83328e-01 -9.03590e-01
-2.23745e+00 1.29656e-01 -8.99094e-01
-2.18056e+00 -1.20266e-02 -9.02743e-01
-2.07279e+00 -1.13682e-01 -9.37510e-01
-1.91986e+00 -1.39946e-01 -9.36283e-01
-1.77642e+00 -8.90181e-02 -9.34530e-01
-1.68337e+00 2.76828e-02 -9.02195e-01
-1.79572e+00 1.69326e-01 -9.35638e-01
-1.88057e+00 2.90044e-01 -9.13362e-01
-2.03159e+00 2.84750e-01 -9.40052e-01
-2.09692e+00 1.47457e-01 -9.54404e-01
-2.01009e+00 2.29356e-02 -9.72136e-01
-1.85796e+00 3.53294e-02 -9.68428e-01
-1.94462e+00 1.61001e-01 -9.63305e-01
