0 1 2
0 2 3
0 3 4
0 4 5
0 5 6
0 6 1
1 7 8
1 8 2
2 8 9
2 9 10
2 10 3
3 10 11
3 11 12
3 12 4
4 12 13
4 13 14
4 14 5
5 14 15
5 15 16
5 16 6
6 16 17
6 17 18
6 18 1
1 18 7
7 19 20
7 20 8
8 20 21
8 21 9
9 21 22
9 22 23
9 23 10
10 23 24
10 24 11
11 24 25
11 25 26
11 26 12
12 26 27
12 27 13
13 27 28
13 28 29
13 29 14
14 29 30
14 30 15
15 30 31
15 31 32
15 32 16
16 32 33
16 33 17
17 33 34
17 34 35
17 35 18
18 35 36
18 36 7
7 36 19
19 37 38
19 38 20
20 38 39
20 39 21
21 39 40
21 40 22
22 40 41
22 41 42
22 42 23
23 42 43
23 43 24
24 43 44
24 44 25
25 44 45
25 45 46
25 46 26
26 46 47
26 47 27
27 47 48
27 48 28
28 48 49
28 49 50
28 50 29
29 50 51
29 51 30
30 51 52
30 52 31
31 52 53
31 53 54
31 54 32
32 54 55
32 55 33
33 55 56
33 56 57
33 57 34
34 57 58
34 58 35
35 58 59
35 59 36
36 59 60
36 60 19
19 60 37
37 61 62
37 62 38
38 62 63
38 63 39
39 63 64
39 64 40
40 64 65
40 65 41
41 65 66
41 66 67
41 67 42
42 67 68
42 68 43
43 68 69
43 69 44
44 69 70
44 70 45
45 70 71
45 71 46
46 71 72
46 72 73
46 73 47
47 73 74
47 74 48
48 74 75
48 75 49
49 75 76
49 76 50
50 76 77
50 77 51
51 77 78
51 78 79
51 79 52
52 79 80
52 80 53
53 80 81
53 81 54
54 81 82
54 82 55
55 82 83
55 83 56
56 83 84
56 84 85
56 85 57
57 85 86
57 86 58
58 86 87
58 87 59
59 87 88
59 88 60
60 88 89
60 89 37
37 89 61
61 90 91
61 91 62
62 91 92
62 92 63
63 92 93
63 93 64
64 93 94
64 94 65
65 94 95
65 95 66
66 95 96
66 96 97
66 97 67
67 97 98
67 98 68
68 98 99
68 99 69
69 99 100
69 100 70
70 100 101
70 101 71
71 101 102
71 102 72
72 102 103
72 103 104
72 104 73
73 104 105
73 105 74
74 105 106
74 106 75
75 106 107
75 107 76
76 107 108
76 108 77
77 108 109
77 109 78
78 109 110
78 110 111
78 111 79
79 111 112
79 112 80
80 112 113
80 113 81
81 113 114
81 114 82
82 114 115
82 115 83
83 115 116
83 116 84
84 116 117
84 117 118
84 118 85
85 118 119
85 119 86
86 119 120
86 120 87
87 120 121
87 121 88
88 121 122
88 122 89
89 122 123
89 123 61
61 123 90
90 124 125
90 125 91
91 125 126
91 126 92
92 126 127
92 127 93
93 127 128
93 128 94
94 128 129
94 129 95
95 129 130
95 130 96
96 130 131
96 131 132
96 132 97
97 132 133
97 133 98
98 133 134
98 134 99
99 134 135
99 135 100
100 135 136
100 136 101
101 136 137
101 137 102
102 137 138
102 138 103
103 138 139
103 139 140
103 140 104
104 140 141
104 141 105
105 141 142
105 142 106
106 142 143
106 143 107
107 143 144
107 144 108
108 144 145
108 145 109
109 145 146
109 146 110
110 146 147
110 147 148
110 148 111
111 148 149
111 149 112
112 149 150
112 150 113
113 150 151
113 151 114
114 151 152
114 152 115
115 152 153
115 153 116
116 153 154
116 154 117
117 154 155
117 155 156
117 156 118
118 156 157
118 157 119
119 157 158
119 158 120
120 158 159
120 159 121
121 159 160
121 160 122
122 160 161
122 161 123
123 161 162
123 162 90
90 162 124
124 163 164
124 164 125
125 164 165
125 165 126
126 165 166
126 166 127
127 166 167
127 167 128
128 167 168
128 168 129
129 168 169
129 169 130
130 169 170
130 170 131
131 170 171
131 171 132
132 171 172
132 172 133
133 172 173
133 173 134
134 173 174
134 174 135
135 174 175
135 175 136
136 175 176
136 176 137
137 176 177
137 177 178
137 178 138
138 178 179
138 179 139
139 179 180
139 180 140
140 180 181
140 181 141
141 181 182
141 182 142
142 182 183
142 183 143
143 183 184
143 184 144
144 184 185
144 185 145
145 185 186
145 186 146
146 186 187
146 187 147
147 187 188
147 188 148
148 188 189
148 189 149
149 189 190
149 190 150
150 190 191
150 191 192
150 192 151
151 192 193
151 193 152
152 193 194
152 194 153
153 194 195
153 195 154
154 195 196
154 196 155
155 196 197
155 197 156
156 197 198
156 198 157
157 198 199
157 199 158
158 199 200
158 200 159
159 200 201
159 201 160
160 201 202
160 202 161
161 202 203
161 203 162
162 203 204
162 204 124
124 204 163
163 205 206
163 206 164
164 206 207
164 207 165
165 207 208
165 208 166
166 208 209
166 209 167
167 209 210
167 210 168
168 210 211
168 211 169
169 211 212
169 212 170
170 212 213
170 213 171
171 213 214
171 214 172
172 214 215
172 215 173
173 215 216
173 216 174
174 216 217
174 217 175
175 217 218
175 218 176
176 218 219
176 219 220
176 220 177
177 220 221
177 221 178
178 221 222
178 222 179
179 222 223
179 223 180
180 223 224
180 224 181
181 224 225
181 225 182
182 225 226
182 226 183
183 226 227
183 227 184
184 227 228
184 228 185
185 228 229
185 229 186
186 229 230
186 230 187
187 230 231
187 231 188
188 231 232
188 232 189
189 232 233
189 233 190
190 233 234
190 234 235
190 235 191
191 235 236
191 236 192
192 236 237
192 237 193
193 237 238
193 238 194
194 238 239
194 239 195
195 239 240
195 240 196
196 240 241
196 241 197
197 241 242
197 242 198
198 242 243
198 243 199
199 243 244
199 244 200
200 244 245
200 245 201
201 245 246
201 246 202
202 246 247
202 247 203
203 247 248
203 248 204
204 248 249
204 249 163
163 249 205
205 250 251
205 251 206
206 251 252
206 252 207
207 252 253
207 253 208
208 253 254
208 254 209
209 254 255
209 255 210
210 255 256
210 256 211
211 256 257
211 257 212
212 257 258
212 258 213
213 258 259
213 259 214
214 259 260
214 260 215
215 260 261
215 261 216
216 261 262
216 262 217
217 262 263
217 263 218
218 263 264
218 264 219
219 264 265
219 265 220
220 265 266
220 266 267
220 267 221
221 267 268
221 268 222
222 268 269
222 269 223
223 269 270
223 270 224
224 270 271
224 271 225
225 271 272
225 272 226
226 272 273
226 273 227
227 273 274
227 274 228
228 274 275
228 275 229
229 275 276
229 276 230
230 276 277
230 277 231
231 277 278
231 278 232
232 278 279
232 279 233
233 279 280
233 280 234
234 280 281
234 281 235
235 281 282
235 282 283
235 283 236
236 283 284
236 284 237
237 284 285
237 285 238
238 285 286
238 286 239
239 286 287
239 287 240
240 287 288
240 288 241
241 288 289
241 289 242
242 289 290
242 290 243
243 290 291
243 291 244
244 291 292
244 292 245
245 292 293
245 293 246
246 293 294
246 294 247
247 294 295
247 295 248
248 295 296
248 296 249
249 296 297
249 297 205
205 297 250
250 298 299
250 299 251
251 299 300
251 300 252
252 300 301
252 301 253
253 301 302
253 302 254
254 302 303
254 303 255
255 303 304
255 304 256
256 304 305
256 305 257
257 305 306
257 306 258
258 306 307
258 307 259
259 307 308
259 308 260
260 308 309
260 309 261
261 309 310
261 310 262
262 310 311
262 311 263
263 311 312
263 312 264
264 312 313
264 313 265
265 313 314
265 314 266
266 314 315
266 315 267
267 315 316
267 316 268
268 316 317
268 317 269
269 317 318
269 318 270
270 318 319
270 319 271
271 319 320
271 320 272
275 321 276
276 321 322
276 322 277
277 322 323
277 323 278
278 323 324
278 324 279
279 324 325
279 325 280
280 325 326
280 326 281
281 326 327
281 327 282
282 327 328
282 328 283
283 328 329
283 329 284
284 329 330
284 330 285
285 330 331
285 331 286
286 331 332
286 332 287
287 332 333
287 333 288
288 333 334
288 334 289
289 334 335
289 335 290
290 335 336
290 336 291
291 336 337
291 337 292
292 337 338
292 338 293
293 338 339
293 339 294
294 339 340
294 340 295
295 340 341
295 341 296
296 341 342
296 342 297
297 342 343
297 343 250
250 343 298
298 344 345
298 345 299
299 345 346
299 346 300
300 346 347
300 347 301
301 347 348
301 348 302
302 348 349
302 349 303
303 349 350
303 350 304
304 350 351
304 351 305
305 351 352
305 352 306
306 352 353
306 353 307
307 353 354
307 354 308
308 354 355
308 355 309
309 355 356
309 356 310
310 356 357
310 357 311
311 357 358
311 358 312
312 358 359
312 359 313
313 359 360
313 360 314
314 360 361
314 361 315
315 361 362
315 362 316
316 362 363
316 363 317
317 363 364
317 364 318
318 364 365
318 365 319
319 365 366
319 366 320
321 367 322
322 367 368
322 368 323
323 368 369
323 369 324
324 369 370
324 370 325
325 370 371
325 371 326
326 371 372
326 372 327
327 372 373
327 373 328
328 373 374
328 374 329
329 374 375
329 375 330
330 375 376
330 376 331
331 376 377
331 377 332
332 377 378
332 378 333
333 378 379
333 379 334
334 379 380
334 380 335
335 380 381
335 381 336
336 381 382
336 382 337
337 382 383
337 383 338
338 383 384
338 384 339
339 384 385
339 385 340
340 385 386
340 386 341
341 386 387
341 387 342
342 387 388
342 388 343
343 388 389
343 389 298
298 389 344
344 390 345
345 390 391
345 391 346
346 391 392
346 392 347
347 392 393
347 393 348
348 393 394
348 394 349
349 394 395
349 395 350
350 395 396
350 396 351
351 396 397
351 397 352
352 397 398
352 398 353
353 398 399
353 399 354
354 399 400
354 400 355
355 400 401
355 401 356
356 401 402
356 402 357
357 402 403
357 403 358
358 403 404
358 404 359
359 404 405
359 405 360
360 405 406
360 406 361
361 406 407
361 407 362
362 407 408
362 408 363
363 408 409
363 409 364
364 409 410
364 410 365
365 410 411
365 411 366
366 411 412
367 413 368
368 413 414
368 414 369
369 414 415
369 415 370
370 415 416
370 416 371
371 416 417
371 417 372
372 417 418
372 418 373
373 418 419
373 419 374
374 419 420
374 420 375
375 420 421
375 421 376
376 421 422
376 422 377
377 422 423
377 423 378
378 423 424
378 424 379
379 424 425
379 425 380
380 425 426
380 426 381
381 426 427
381 427 382
382 427 428
382 428 383
383 428 429
383 429 384
384 429 430
384 430 385
385 430 431
385 431 386
386 431 432
386 432 387
387 432 433
387 433 388
388 433 434
388 434 389
389 434 435
389 435 344
344 435 390
390 436 391
391 436 437
391 437 392
392 437 438
392 438 393
393 438 439
393 439 394
394 439 440
394 440 395
395 440 441
395 441 396
396 441 442
396 442 397
397 442 443
397 443 398
398 443 444
398 444 399
399 444 445
399 445 400
400 445 446
400 446 401
401 446 447
401 447 402
402 447 448
402 448 403
403 448 449
403 449 404
404 449 450
404 450 405
405 450 451
405 451 406
406 451 452
406 452 407
407 452 453
407 453 408
408 453 454
408 454 409
409 454 455
409 455 410
410 455 456
410 456 411
411 456 457
411 457 412
412 457 458
413 459 460
413 460 414
414 460 461
414 461 415
415 461 462
415 462 416
416 462 463
416 463 417
417 463 464
417 464 418
418 464 465
418 465 419
419 465 466
419 466 420
420 466 467
420 467 421
421 467 468
421 468 422
422 468 469
422 469 423
423 469 470
423 470 424
424 470 471
424 471 425
425 471 472
425 472 426
426 472 473
426 473 427
427 473 474
427 474 428
428 474 475
428 475 429
429 475 476
429 476 430
430 476 477
430 477 431
431 477 478
431 478 432
432 478 479
432 479 433
433 479 480
433 480 434
434 480 481
434 481 435
435 481 436
435 436 390
436 482 437
437 482 483
437 483 438
438 483 484
438 484 439
439 484 485
439 485 440
440 485 486
440 486 441
441 486 487
441 487 442
442 487 488
442 488 443
443 488 489
443 489 444
444 489 490
444 490 445
445 490 491
445 491 446
446 491 492
446 492 447
447 492 493
447 493 448
448 493 494
448 494 449
449 494 495
449 495 450
450 495 496
450 496 451
451 496 497
451 497 452
452 497 498
452 498 453
453 498 499
453 499 454
454 499 500
454 500 455
455 500 501
455 501 456
456 501 502
456 502 457
457 502 503
457 503 458
966 503 504
459 507 508
459 508 460
460 508 509
460 509 461
461 509 510
461 510 462
462 510 511
462 511 463
463 511 512
463 512 464
464 512 513
464 513 465
465 513 514
465 514 466
466 514 515
466 515 467
467 515 516
467 516 468
468 516 517
468 517 469
469 517 518
469 518 470
470 518 519
470 519 471
471 519 520
471 520 472
472 520 521
472 521 473
473 521 522
473 522 474
474 522 523
474 523 475
475 523 524
475 524 476
476 524 525
476 525 477
477 525 526
477 526 478
478 526 527
478 527 479
479 527 528
479 528 480
480 528 529
480 529 481
481 529 436
436 529 482
482 530 483
483 530 531
483 531 484
484 531 532
484 532 485
485 532 533
485 533 486
486 533 534
486 534 487
487 534 535
487 535 488
488 535 536
488 536 489
489 536 537
489 537 490
490 537 538
490 538 491
491 538 539
491 539 492
492 539 540
492 540 493
493 540 541
493 541 494
494 541 542
494 542 495
495 542 543
495 543 496
496 543 544
496 544 497
497 544 498
498 544 545
498 545 499
499 545 546
499 546 500
500 546 547
500 547 501
501 547 548
501 548 502
502 548 549
502 549 503
503 549 550
503 550 504
504 550 551
504 551 505
505 551 552
963 552 506
506 552 553
506 553 507
507 553 554
507 554 508
508 554 555
508 555 509
509 555 556
509 556 510
510 556 557
510 557 511
511 557 558
511 558 512
512 558 559
512 559 513
513 559 514
514 559 560
514 560 515
515 560 561
515 561 516
516 561 562
516 562 517
517 562 563
517 563 518
518 563 564
518 564 519
519 564 565
519 565 520
520 565 566
520 566 521
521 566 567
521 567 522
522 567 568
522 568 523
523 568 569
523 569 524
524 569 570
524 570 525
525 570 571
525 571 526
526 571 572
526 572 527
527 572 573
527 573 528
528 573 574
528 574 529
529 574 482
482 574 530
530 575 531
531 575 576
531 576 532
532 576 577
532 577 533
533 577 578
533 578 534
534 578 579
534 579 535
535 579 580
535 580 536
536 580 581
536 581 537
537 581 582
537 582 538
538 582 583
538 583 539
539 583 584
539 584 540
540 584 585
540 585 541
541 585 586
541 586 542
542 586 587
542 587 543
543 587 588
543 588 544
544 588 545
545 588 589
545 589 546
546 589 590
546 590 547
547 590 591
547 591 548
548 591 592
548 592 549
549 592 593
549 593 550
550 593 594
550 594 551
551 594 595
551 595 552
552 595 596
552 596 553
553 596 597
553 597 554
554 597 598
554 598 555
555 598 599
555 599 556
556 599 600
556 600 557
557 600 601
557 601 558
558 601 602
558 602 559
559 602 560
560 602 603
560 603 561
561 603 604
561 604 562
562 604 605
562 605 563
563 605 606
563 606 564
564 606 607
564 607 565
565 607 608
565 608 566
566 608 609
566 609 567
567 609 610
567 610 568
568 610 611
568 611 569
569 611 612
569 612 570
570 612 613
570 613 571
571 613 614
571 614 572
572 614 615
572 615 573
573 615 616
573 616 574
574 616 530
530 616 575
575 617 576
576 617 618
576 618 577
577 618 619
577 619 578
578 619 620
578 620 579
579 620 621
579 621 580
580 621 622
580 622 581
581 622 623
581 623 582
582 623 624
582 624 583
583 624 625
583 625 584
584 625 626
584 626 585
585 626 627
585 627 586
586 627 628
586 628 587
587 628 629
587 629 588
588 629 630
588 630 589
589 630 590
590 630 631
590 631 591
591 631 632
591 632 592
592 632 633
592 633 593
593 633 634
593 634 594
594 634 635
594 635 595
595 635 636
595 636 596
596 636 637
596 637 597
597 637 638
597 638 598
598 638 639
598 639 599
599 639 640
599 640 600
600 640 641
600 641 601
601 641 642
601 642 602
602 642 643
602 643 603
603 643 604
604 643 644
604 644 605
605 644 645
605 645 606
606 645 646
606 646 607
607 646 647
607 647 608
608 647 648
608 648 609
609 648 649
609 649 610
610 649 650
610 650 611
611 650 651
611 651 612
612 651 652
612 652 613
613 652 653
613 653 614
614 653 654
614 654 615
615 654 655
615 655 616
616 655 575
575 655 617
617 656 618
618 656 657
618 657 619
619 657 658
619 658 620
620 658 659
620 659 621
621 659 660
621 660 622
622 660 661
622 661 623
623 661 662
623 662 624
624 662 625
625 662 663
625 663 626
626 663 664
626 664 627
627 664 665
627 665 628
628 665 666
628 666 629
629 666 667
629 667 630
630 667 668
630 668 631
631 668 669
631 669 632
632 669 633
633 669 670
633 670 634
634 670 671
634 671 635
635 671 672
635 672 636
636 672 673
636 673 637
637 673 674
637 674 638
638 674 675
638 675 639
639 675 676
639 676 640
640 676 641
641 676 677
641 677 642
642 677 678
642 678 643
643 678 679
643 679 644
644 679 680
644 680 645
645 680 681
645 681 646
646 681 682
646 682 647
647 682 683
647 683 648
648 683 649
649 683 684
649 684 650
650 684 685
650 685 651
651 685 686
651 686 652
652 686 687
652 687 653
653 687 688
653 688 654
654 688 689
654 689 655
655 689 617
617 689 656
656 690 657
657 690 691
657 691 658
658 691 692
658 692 659
659 692 693
659 693 660
660 693 694
660 694 661
661 694 695
661 695 662
662 695 663
663 695 696
663 696 664
664 696 697
664 697 665
665 697 698
665 698 666
666 698 699
666 699 667
667 699 700
667 700 668
668 700 701
668 701 669
669 701 670
670 701 702
670 702 671
671 702 703
671 703 672
672 703 704
672 704 673
673 704 705
673 705 674
674 705 706
674 706 675
675 706 707
675 707 676
676 707 677
677 707 708
677 708 678
678 708 709
678 709 679
679 709 710
679 710 680
680 710 711
680 711 681
681 711 712
681 712 682
682 712 713
682 713 683
683 713 684
684 713 714
684 714 685
685 714 715
685 715 686
686 715 716
686 716 687
687 716 717
687 717 688
688 717 718
688 718 689
689 718 656
656 718 690
690 719 691
691 719 720
691 720 692
692 720 721
692 721 693
693 721 722
693 722 694
694 722 723
694 723 695
695 723 696
696 723 724
696 724 697
697 724 725
697 725 698
698 725 726
698 726 699
699 726 727
699 727 700
700 727 728
700 728 701
701 728 702
702 728 729
702 729 703
703 729 730
703 730 704
704 730 731
704 731 705
705 731 732
705 732 706
706 732 733
706 733 707
707 733 708
708 733 734
708 734 709
709 734 735
709 735 710
710 735 736
710 736 711
711 736 737
711 737 712
712 737 738
712 738 713
713 738 714
714 738 739
714 739 715
715 739 740
715 740 716
716 740 741
716 741 717
717 741 742
717 742 718
718 742 690
690 742 719
719 743 720
720 743 744
720 744 721
721 744 745
721 745 722
722 745 723
723 745 746
723 746 724
724 746 747
724 747 725
725 747 748
725 748 726
726 748 727
727 748 749
727 749 728
728 749 750
728 750 729
729 750 751
729 751 730
730 751 731
731 751 752
731 752 732
732 752 753
732 753 733
733 753 754
733 754 734
734 754 735
735 754 755
735 755 736
736 755 756
736 756 737
737 756 757
737 757 738
738 757 739
739 757 758
739 758 740
740 758 759
740 759 741
741 759 760
741 760 742
742 760 719
719 760 743
743 761 744
744 761 762
744 762 745
745 762 746
746 762 763
746 763 747
747 763 764
747 764 748
748 764 749
749 764 765
749 765 750
750 765 766
750 766 751
751 766 752
752 766 767
752 767 753
753 767 768
753 768 754
754 768 755
755 768 769
755 769 756
756 769 770
756 770 757
757 770 771
757 771 758
758 771 759
759 771 772
759 772 760
760 772 743
743 772 761
761 773 762
762 773 763
763 773 774
763 774 764
764 774 765
765 774 775
765 775 766
766 775 767
767 775 776
767 776 768
768 776 769
769 776 777
769 777 770
770 777 771
771 777 778
771 778 772
772 778 761
761 778 773
773 779 774
774 779 775
775 779 776
776 779 777
777 779 778
778 779 773
780 781 782
780 783 784
780 784 781
781 785 786
781 786 782
782 786 787
783 788 789
783 789 784
784 789 790
784 790 791
784 791 781
781 791 785
785 792 793
785 793 786
786 793 794
786 794 787
787 794 795
788 796 789
789 796 797
789 797 790
790 797 798
790 798 799
790 799 791
791 799 800
791 800 785
785 800 792
792 801 802
792 802 793
793 802 803
793 803 794
794 803 804
794 804 795
795 804 805
796 806 807
796 807 797
797 807 808
797 808 809
797 809 798
798 809 810
798 810 799
799 810 811
799 811 800
800 811 812
800 812 792
792 812 801
801 813 814
801 814 802
802 814 815
802 815 803
803 815 816
803 816 804
804 816 817
804 817 805
805 817 818
806 819 820
806 820 807
807 820 821
807 821 822
807 822 808
808 822 823
808 823 809
809 823 824
809 824 810
810 824 825
810 825 811
811 825 826
811 826 812
812 826 827
812 827 801
801 827 813
813 828 829
813 829 814
814 829 830
814 830 815
815 830 831
815 831 816
816 831 832
816 832 817
817 832 833
817 833 818
818 833 834
819 835 820
820 835 836
820 836 821
821 836 837
821 837 838
821 838 822
822 838 839
822 839 823
823 839 840
823 840 824
824 840 841
824 841 825
825 841 842
825 842 826
826 842 843
826 843 827
827 843 844
827 844 813
813 844 828
828 845 846
828 846 829
829 846 847
829 847 830
830 847 848
830 848 831
831 848 849
831 849 832
832 849 850
832 850 833
833 850 851
833 851 834
834 851 852
835 854 855
835 855 836
836 855 856
836 856 837
837 856 857
837 857 858
837 858 838
842 859 843
843 859 860
843 860 844
844 860 861
844 861 828
828 861 845
845 862 863
845 863 846
846 863 864
846 864 847
847 864 865
847 865 848
848 865 866
848 866 849
849 866 867
849 867 850
850 867 868
850 868 851
851 868 869
851 869 852
852 869 870
852 870 853
853 870 871
854 872 855
855 872 873
855 873 856
856 873 874
856 874 857
857 874 875
857 875 858
859 876 860
860 876 877
860 877 861
861 877 878
861 878 845
845 878 862
862 879 880
862 880 863
863 880 881
863 881 864
864 881 882
864 882 865
865 882 883
865 883 866
866 883 884
866 884 867
867 884 885
867 885 868
868 885 886
868 886 869
869 886 887
869 887 870
870 887 888
870 888 871
872 889 890
872 890 873
873 890 891
873 891 874
874 891 892
874 892 875
876 893 877
877 893 894
877 894 878
878 894 895
878 895 862
862 895 879
879 896 880
880 896 897
880 897 881
881 897 898
881 898 882
882 898 899
882 899 883
883 899 900
883 900 884
884 900 901
884 901 885
885 901 902
885 902 886
886 902 903
886 903 887
887 903 904
887 904 888
888 904 905
889 907 890
890 907 908
890 908 891
891 908 909
891 909 892
892 909 910
366 894 893
894 911 912
894 912 895
895 912 913
895 913 879
879 913 896
896 914 897
897 914 915
897 915 898
898 915 916
898 916 899
899 916 917
899 917 900
900 917 918
900 918 901
901 918 919
901 919 902
902 919 920
902 920 903
903 920 921
903 921 904
904 921 922
904 922 905
905 922 923
905 923 906
906 923 924
907 925 908
908 925 926
908 926 909
909 926 927
909 927 910
910 927 928
911 929 912
912 929 930
912 930 913
913 930 931
913 931 896
896 931 914
914 932 915
915 932 933
915 933 916
916 933 934
916 934 917
917 934 935
917 935 918
918 935 936
918 936 919
919 936 937
919 937 920
920 937 938
920 938 921
921 938 939
921 939 922
922 939 940
922 940 923
923 940 941
923 941 924
925 942 926
926 942 943
926 943 927
927 943 944
927 944 928
928 944 945
929 946 947
929 947 930
930 947 948
930 948 931
931 948 914
914 948 932
932 949 933
933 949 950
933 950 934
934 950 951
934 951 935
935 951 952
935 952 936
936 952 953
936 953 937
937 953 954
937 954 938
938 954 955
938 955 939
939 955 956
939 956 940
940 956 957
940 957 941
942 958 959
942 959 943
943 959 960
943 960 944
944 960 961
944 961 945
945 961 962
946 967 968
946 968 947
947 968 969
947 969 948
948 969 932
932 969 949
949 970 950
950 970 971
950 971 951
951 971 972
951 972 952
952 972 973
952 973 953
953 973 974
953 974 954
954 974 975
954 975 955
955 975 976
955 976 956
956 976 977
956 977 957
958 978 959
959 978 979
959 979 960
960 979 961
961 979 980
961 980 962
962 980 981
962 981 963
963 981 982
505 982 964
964 982 983
964 983 965
965 983 984
965 984 966
966 984 985
966 985 967
967 985 986
967 986 968
968 986 987
968 987 969
969 987 949
949 987 970
970 988 971
971 988 989
971 989 972
972 989 990
972 990 973
973 990 991
973 991 974
974 991 992
974 992 975
975 992 993
975 993 976
976 993 994
976 994 977
978 995 996
978 996 979
979 996 980
980 996 997
980 997 981
981 997 998
981 998 982
982 998 999
982 999 983
983 999 1000
983 1000 984
984 1000 1001
984 1001 985
985 1001 1002
985 1002 986
986 1002 1003
986 1003 987
987 1003 970
970 1003 988
988 1004 989
989 1004 1005
989 1005 990
990 1005 1006
990 1006 991
991 1006 1007
991 1007 992
992 1007 1008
992 1008 993
993 1008 1009
993 1009 994
995 1010 1011
995 1011 996
996 1011 997
997 1011 1012
997 1012 998
998 1012 1013
998 1013 999
999 1013 1014
999 1014 1000
1000 1014 1015
1000 1015 1001
1001 1015 1016
1001 1016 1002
1002 1016 1017
1002 1017 1003
1003 1017 988
988 1017 1004
1004 1018 1005
1005 1018 1019
1005 1019 1006
1006 1019 1020
1006 1020 1007
1007 1020 1008
1008 1020 1021
1008 1021 1009
1009 1021 1022
1010 1023 1011
1011 1023 1024
1011 1024 1012
1012 1024 1025
1012 1025 1013
1013 1025 1014
1014 1025 1026
1014 1026 1015
1015 1026 1027
1015 1027 1016
1016 1027 1028
1016 1028 1017
1017 1028 1004
1004 1028 1018
1018 1029 1019
1019 1029 1030
1019 1030 1020
1020 1030 1021
1021 1030 1031
1021 1031 1022
1022 1031 1032
1023 1033 1024
1024 1033 1034
1024 1034 1025
1025 1034 1035
1025 1035 1026
1026 1035 1027
1027 1035 1036
1027 1036 1028
1028 1036 1018
1018 1036 1029
1029 1037 1030
1030 1037 1031
1031 1037 1038
1031 1038 1032
1033 1039 1034
1034 1039 1035
1035 1039 1040
1035 1040 1036
1036 1040 1029
1029 1040 1037
1037 1041 1038
1039 1041 1040
1040 1041 1037
1042 1043 1044
1042 1044 1045
1042 1045 1046
1042 1046 1047
1042 1047 1048
1042 1048 1043
1043 1049 1050
1043 1050 1044
1044 1050 1051
1044 1051 1052
1044 1052 1045
1045 1052 1053
1045 1053 1054
1045 1054 1046
1046 1054 1055
1046 1055 1056
1046 1056 1047
1047 1056 1057
1047 1057 1058
1047 1058 1048
1048 1058 1059
1048 1059 1060
1048 1060 1043
1043 1060 1049
1049 1061 1062
1049 1062 1050
1050 1062 1063
1050 1063 1051
1051 1063 1064
1051 1064 1065
1051 1065 1052
1052 1065 1066
1052 1066 1053
1053 1066 1067
1053 1067 1068
1053 1068 1054
1054 1068 1069
1054 1069 1055
1055 1069 1070
1055 1070 1071
1055 1071 1056
1056 1071 1072
1056 1072 1057
1057 1072 1073
1057 1073 1074
1057 1074 1058
1058 1074 1075
1058 1075 1059
1059 1075 1076
1059 1076 1077
1059 1077 1060
1060 1077 1078
1060 1078 1049
1049 1078 1061
1063 1079 1064
1064 1079 1080
1064 1080 1081
1064 1081 1065
1065 1081 1082
1065 1082 1066
1066 1082 1083
1066 1083 1067
1067 1083 1084
1067 1084 1085
1067 1085 1068
1068 1085 1086
1068 1086 1069
1069 1086 1087
1069 1087 1070
1070 1087 1088
1070 1088 1089
1070 1089 1071
1071 1089 1090
1071 1090 1072
1072 1090 1091
1072 1091 1073
1073 1091 1092
1073 1092 1093
1073 1093 1074
1074 1093 1094
1074 1094 1075
1075 1094 1095
1075 1095 1096
1075 1096 1076
1076 1096 1097
1076 1097 1077
1077 1097 1098
1077 1098 1078
1080 1099 1081
1081 1099 1100
1081 1100 1082
1082 1100 1101
1082 1101 1102
1082 1102 1083
1083 1102 1103
1083 1103 1084
1084 1103 1104
1084 1104 1085
1085 1104 1105
1085 1105 1086
1086 1105 1106
1086 1106 1087
1087 1106 1107
1087 1107 1088
1088 1107 1108
1088 1108 1109
1088 1109 1089
1089 1109 1110
1089 1110 1090
1090 1110 1111
1090 1111 1091
1091 1111 1112
1091 1112 1092
1092 1112 1113
1092 1113 1093
1093 1113 1114
1093 1114 1094
1094 1114 1115
1094 1115 1116
1094 1116 1095
1095 1116 1117
1095 1117 1096
1096 1117 1118
1096 1118 1097
1099 1119 1100
1100 1119 1120
1100 1120 1101
1101 1120 1121
1101 1121 1122
1101 1122 1102
1102 1122 1123
1102 1123 1103
1103 1123 1124
1103 1124 1104
1104 1124 1125
1104 1125 1105
1105 1125 1126
1105 1126 1106
1106 1126 1127
1106 1127 1107
1107 1127 1128
1107 1128 1108
1108 1128 1129
1108 1129 1130
1108 1130 1109
1109 1130 1131
1109 1131 1110
1110 1131 1132
1110 1132 1111
1111 1132 1133
1111 1133 1112
1112 1133 1134
1112 1134 1113
1113 1134 1135
1113 1135 1114
1114 1135 1136
1114 1136 1115
1115 1136 1137
1115 1137 1138
1115 1138 1116
1116 1138 1139
1116 1139 1117
1117 1139 1140
1117 1140 1118
1120 1141 1121
1121 1141 1142
1121 1142 1143
1121 1143 1122
1122 1143 1144
1122 1144 1123
1123 1144 1145
1123 1145 1124
1124 1145 1146
1124 1146 1125
1125 1146 1147
1125 1147 1126
1126 1147 1148
1126 1148 1127
1127 1148 1149
1127 1149 1128
1128 1149 1150
1128 1150 1129
1129 1150 1151
1129 1151 1152
1129 1152 1130
1130 1152 1153
1130 1153 1131
1131 1153 1154
1131 1154 1132
1132 1154 1155
1132 1155 1133
1133 1155 1156
1133 1156 1134
1134 1156 1157
1134 1157 1135
1135 1157 1158
1135 1158 1136
1136 1158 1159
1136 1159 1137
1137 1159 1160
1137 1160 1161
1137 1161 1138
1138 1161 1162
1138 1162 1139
1139 1162 1163
1139 1163 1140
1142 1164 1143
1143 1164 1165
1143 1165 1144
1144 1165 1166
1144 1166 1145
1145 1166 1167
1145 1167 1146
1146 1167 1168
1146 1168 1147
1147 1168 1169
1147 1169 1148
1148 1169 1170
1148 1170 1149
1149 1170 1171
1149 1171 1150
1150 1171 1172
1150 1172 1151
1151 1172 1173
1151 1173 1174
1151 1174 1152
1152 1174 1175
1152 1175 1153
1153 1175 1176
1153 1176 1154
1154 1176 1177
1154 1177 1155
1155 1177 1178
1155 1178 1156
1156 1178 1179
1156 1179 1157
1157 1179 1180
1157 1180 1158
1158 1180 1181
1158 1181 1159
1159 1181 1182
1159 1182 1160
1160 1182 1183
1160 1183 1161
1161 1183 1184
1161 1184 1162
1162 1184 1185
1162 1185 1163
1163 1185 1186
1164 1187 1165
1165 1187 1188
1165 1188 1166
1166 1188 1189
1166 1189 1167
1167 1189 1190
1167 1190 1168
1168 1190 1191
1168 1191 1169
1169 1191 1192
1169 1192 1170
1170 1192 1193
1170 1193 1171
1171 1193 1194
1171 1194 1172
1172 1194 1195
1172 1195 1173
1173 1195 1196
1173 1196 1197
1173 1197 1174
1174 1197 1198
1174 1198 1175
1175 1198 1199
1175 1199 1176
1176 1199 1200
1176 1200 1177
1177 1200 1201
1177 1201 1178
1178 1201 1202
1178 1202 1179
1179 1202 1203
1179 1203 1180
1180 1203 1204
1180 1204 1181
1181 1204 1205
1181 1205 1182
1182 1205 1206
1182 1206 1183
1183 1206 1207
1183 1207 1184
1184 1207 1208
1184 1208 1185
1185 1208 1209
1185 1209 1186
1187 1210 1188
1188 1210 1211
1188 1211 1189
1189 1211 1212
1189 1212 1190
1190 1212 1213
1190 1213 1191
1191 1213 1214
1191 1214 1192
1192 1214 1215
1192 1215 1193
1193 1215 1216
1193 1216 1194
1194 1216 1217
1194 1217 1195
1195 1217 1218
1195 1218 1196
1196 1218 1219
1196 1219 1197
1197 1219 1220
1197 1220 1198
1198 1220 1221
1198 1221 1199
1199 1221 1222
1199 1222 1200
1200 1222 1223
1200 1223 1201
1201 1223 1224
1201 1224 1202
1202 1224 1225
1202 1225 1203
1203 1225 1226
1203 1226 1204
1204 1226 1227
1204 1227 1205
1205 1227 1228
1205 1228 1206
1206 1228 1229
1206 1229 1207
1207 1229 1230
1207 1230 1208
1208 1230 1231
1208 1231 1209
1209 1231 1232
1210 1233 1211
1211 1233 1234
1211 1234 1212
1212 1234 1235
1212 1235 1213
1213 1235 1236
1213 1236 1214
1214 1236 1237
1214 1237 1215
1215 1237 1238
1215 1238 1216
1216 1238 1239
1216 1239 1217
1217 1239 1240
1217 1240 1218
1218 1240 1241
1218 1241 1219
1219 1241 1242
1219 1242 1220
1220 1242 1243
1220 1243 1221
1221 1243 1244
1221 1244 1222
1222 1244 1245
1222 1245 1223
1223 1245 1246
1223 1246 1224
1224 1246 1247
1224 1247 1225
1225 1247 1248
1225 1248 1226
1226 1248 1249
1226 1249 1227
1227 1249 1250
1227 1250 1228
1228 1250 1251
1228 1251 1229
1229 1251 1252
1229 1252 1230
1230 1252 1253
1230 1253 1231
1231 1253 1254
1231 1254 1232
1232 1254 1255
1233 1256 1257
1233 1257 1234
1234 1257 1258
1234 1258 1235
1235 1258 1259
1235 1259 1236
1236 1259 1260
1236 1260 1237
1237 1260 1261
1237 1261 1238
1238 1261 1262
1238 1262 1239
1239 1262 1263
1239 1263 1240
1240 1263 1264
1240 1264 1241
1241 1264 1242
1242 1264 1265
1242 1265 1243
1243 1265 1266
1243 1266 1244
1244 1266 1267
1244 1267 1245
1245 1267 1268
1245 1268 1246
1246 1268 1269
1246 1269 1247
1247 1269 1270
1247 1270 1248
1248 1270 1271
1248 1271 1249
1249 1271 1272
1249 1272 1250
1250 1272 1273
1250 1273 1251
1251 1273 1274
1251 1274 1252
1252 1274 1275
1252 1275 1253
1253 1275 1276
1253 1276 1254
1254 1276 1277
1254 1277 1255
1256 1278 1279
1256 1279 1257
1257 1279 1280
1257 1280 1258
1258 1280 1281
1258 1281 1259
1259 1281 1282
1259 1282 1260
1260 1282 1283
1260 1283 1261
1261 1283 1284
1261 1284 1262
1262 1284 1285
1262 1285 1263
1263 1285 1286
1263 1286 1264
1264 1286 1265
1265 1286 1287
1265 1287 1266
1266 1287 1288
1266 1288 1267
1267 1288 1289
1267 1289 1268
1268 1289 1290
1268 1290 1269
1269 1290 1291
1269 1291 1270
1270 1291 1292
1270 1292 1271
1271 1292 1293
1271 1293 1272
1272 1293 1294
1272 1294 1273
1273 1294 1295
1273 1295 1274
1274 1295 1296
1274 1296 1275
1275 1296 1297
1275 1297 1276
1276 1297 1298
1276 1298 1277
1277 1298 1299
1278 1300 1279
1279 1300 1301
1279 1301 1280
1280 1301 1302
1280 1302 1281
1281 1302 1303
1281 1303 1282
1282 1303 1304
1282 1304 1283
1283 1304 1305
1283 1305 1284
1284 1305 1306
1284 1306 1285
1285 1306 1307
1285 1307 1286
1286 1307 1287
1287 1307 1308
1287 1308 1288
1288 1308 1309
1288 1309 1289
1289 1309 1310
1289 1310 1290
1290 1310 1311
1290 1311 1291
1291 1311 1312
1291 1312 1292
1292 1312 1313
1292 1313 1293
1293 1313 1314
1293 1314 1294
1294 1314 1315
1294 1315 1295
1295 1315 1296
1296 1315 1316
1296 1316 1297
1297 1316 1317
1297 1317 1298
1298 1317 1318
1298 1318 1299
1299 1318 1319
1300 1320 1321
1300 1321 1301
1301 1321 1322
1301 1322 1302
1302 1322 1323
1302 1323 1303
1303 1323 1324
1303 1324 1304
1304 1324 1325
1304 1325 1305
1305 1325 1326
1305 1326 1306
1306 1326 1327
1306 1327 1307
1307 1327 1308
1308 1327 1328
1308 1328 1309
1309 1328 1329
1309 1329 1310
1310 1329 1330
1310 1330 1311
1311 1330 1331
1311 1331 1312
1312 1331 1332
1312 1332 1313
1313 1332 1333
1313 1333 1314
1314 1333 1334
1314 1334 1315
1315 1334 1316
1316 1334 1335
1316 1335 1317
1317 1335 1336
1317 1336 1318
1318 1336 1337
1318 1337 1319
1319 1337 1338
1320 1340 1321
1321 1340 1341
1321 1341 1322
1322 1341 1342
1322 1342 1323
1323 1342 1343
1323 1343 1324
1324 1343 1344
1324 1344 1325
1325 1344 1345
1325 1345 1326
1326 1345 1346
1326 1346 1327
1327 1346 1328
1328 1346 1347
1328 1347 1329
1329 1347 1348
1329 1348 1330
1330 1348 1349
1330 1349 1331
1331 1349 1350
1331 1350 1332
1332 1350 1351
1332 1351 1333
1333 1351 1352
1333 1352 1334
1334 1352 1335
1335 1352 1353
1335 1353 1336
1336 1353 1354
1336 1354 1337
1337 1354 1355
1337 1355 1338
1338 1355 1356
1339 1357 1358
1339 1358 1340
1340 1358 1359
1340 1359 1341
1341 1359 1360
1341 1360 1342
1342 1360 1343
1343 1360 1361
1343 1361 1344
1344 1361 1362
1344 1362 1345
1345 1362 1363
1345 1363 1346
1346 1363 1347
1347 1363 1364
1347 1364 1348
1348 1364 1365
1348 1365 1349
1349 1365 1366
1349 1366 1350
1350 1366 1351
1351 1366 1367
1351 1367 1352
1352 1367 1368
1352 1368 1353
1353 1368 1369
1353 1369 1354
1354 1369 1355
1355 1369 1370
1355 1370 1356
1356 1370 1371
1357 1374 1358
1358 1374 1375
1358 1375 1359
1359 1375 1376
1359 1376 1360
1360 1376 1361
1361 1376 1377
1361 1377 1362
1362 1377 1378
1362 1378 1363
1363 1378 1364
1364 1378 1379
1364 1379 1365
1365 1379 1380
1365 1380 1366
1366 1380 1367
1367 1380 1381
1367 1381 1368
1368 1381 1382
1368 1382 1369
1369 1382 1383
1369 1383 1370
1370 1383 1371
1371 1383 1384
1371 1384 1372
1373 1385 1374
1374 1385 1375
1375 1385 1386
1375 1386 1376
1376 1386 1377
1377 1386 1387
1377 1387 1378
1378 1387 1379
1379 1387 1388
1379 1388 1380
1380 1388 1381
1381 1388 1389
1381 1389 1382
1382 1389 1383
1383 1389 1390
1383 1390 1384
1384 1390 1373
1373 1390 1385
1385 1391 1386
1386 1391 1387
1387 1391 1388
1388 1391 1389
1389 1391 1390
1390 1391 1385
273 272 841
274 273 840
840 273 841
275 274 839
839 274 840
272 320 859
321 275 858
320 366 876
320 876 859
367 321 875
875 321 858
366 412 911
413 367 892
892 367 875
412 458 929
412 929 911
459 413 910
910 413 892
503 966 458
507 459 945
504 505 964
552 963 505
982 505 963
506 507 962
506 962 963
962 507 945
780 782 1062
783 780 1061
1061 780 1062
782 787 1079
788 783 1078
1078 783 1061
787 795 1079
796 788 1098
1098 788 1078
795 805 1079
806 796 1098
805 818 1099
819 806 1118
818 834 1119
818 1119 1099
835 819 1140
1140 819 1118
275 838 858
838 275 839
272 842 841
842 272 859
834 852 1119
854 835 1163
1163 835 1140
852 853 1141
853 871 1141
872 854 1186
1186 854 1163
871 888 1164
889 872 1209
1209 872 1186
893 876 366
894 366 911
888 905 906
907 889 1232
1232 889 1209
906 924 1233
925 907 1255
1255 907 1232
910 928 459
459 928 945
924 941 1256
924 1256 1233
942 925 1255
458 946 929
941 957 1278
941 1278 1256
958 942 1299
957 977 1300
957 1300 1278
978 958 1299
964 965 504
504 965 966
966 967 458
946 458 967
977 994 1320
977 1320 1300
995 978 1319
1319 978 1299
994 1009 1339
1010 995 1338
1338 995 1319
1009 1022 1339
1023 1010 1356
1356 1010 1338
1022 1032 1357
1022 1357 1339
1033 1023 1372
1032 1038 1357
1039 1033 1372
1372 1041 1039
1063 1062 782
1063 782 1079
1080 1079 1099
1099 1079 805
1098 1097 1118
1098 1118 806
1120 1119 1141
1141 1119 852
1142 1141 871
1142 871 1164
1187 1164 1210
1233 1210 906
942 1277 1299
1277 942 1255
1340 1320 994
1340 994 1339
1356 1371 1023
1023 1371 1372
1374 1357 1038
1372 1384 1373
1373 1374 1372
1164 888 906
1164 906 1210
1374 1041 1372
1041 1374 1038
