8.743228458296980e-01	3.248483547607520e-02	1.072874166182230e+00
1.004324316733310e+00	5.447514170662160e-02	1.093914375074020e+00
9.109327425621360e-01	1.617434328161610e-01	1.104314965942220e+00
7.872698864751560e-01	1.366867602850690e-01	1.065593806150850e+00
7.459076953029860e-01	9.827070352599040e-03	1.059277356931680e+00
8.316256251497200e-01	-9.087132392930610e-02	1.029024330948290e+00
9.596369420509490e-01	-6.988569684829190e-02	1.040645982304260e+00
1.147070141033460e+00	7.896281368984450e-02	1.105587804453710e+00
1.081723359070790e+00	2.157621071182370e-01	1.099166348899520e+00
9.616713575932070e-01	3.006566287874140e-01	1.087599896315790e+00
8.213309165419690e-01	3.026786122713210e-01	1.066757165427000e+00
7.039287297226930e-01	2.385959660782430e-01	1.037629760232030e+00
6.266690698030820e-01	1.246843714793720e-01	1.035393577331620e+00
6.157659330487590e-01	-1.226215948715250e-02	1.043281908228150e+00
6.757167571446880e-01	-1.328268564141730e-01	1.009844618344840e+00
7.871237400752280e-01	-2.067359094929560e-01	9.850490718784710e-01
9.197006907262110e-01	-2.212561412215500e-01	9.882533210187470e-01
1.042736629461770e+00	-1.662848348867540e-01	9.996401629301060e-01
1.125214364893640e+00	-6.242679574054910e-02	1.046008267868650e+00
1.281154431214580e+00	1.057044294627040e-01	1.052472289138340e+00
1.232663940543510e+00	2.425327842054960e-01	1.053721146427860e+00
1.133882145492720e+00	3.470183556292270e-01	1.029949140911570e+00
1.011025031279510e+00	4.154055200218520e-01	1.007457388451150e+00
8.735406598854480e-01	4.392172711559860e-01	1.011624779172700e+00
7.338645925118070e-01	4.099987908860680e-01	1.009362190741600e+00
6.191272215325000e-01	3.419991639721060e-01	1.004998674989500e+00
5.282305258835520e-01	2.343477272840990e-01	1.022996677738210e+00
4.807695456134290e-01	1.027835719344090e-01	1.015142788690200e+00
4.804790813239810e-01	-3.655597055482320e-02	1.022472557504550e+00
5.315453418021080e-01	-1.629978170608040e-01	9.981449189479720e-01
6.245358234711350e-01	-2.625112207208770e-01	9.732269146601960e-01
7.423224384450720e-01	-3.193880601943910e-01	9.485751937967960e-01
8.750395359030440e-01	-3.414921188306850e-01	9.423279666327080e-01
1.003219694196240e+00	-3.132260468799570e-01	9.242542222743750e-01
1.119984675982340e+00	-2.510153873005330e-01	9.317546901071510e-01
1.212709940760300e+00	-1.588295972153690e-01	9.580820291709000e-01
1.272184143691300e+00	-3.813075058712810e-02	1.026534245697580e+00
1.412517571024580e+00	1.269170914059190e-01	9.846978691811650e-01
1.367115328370940e+00	2.610908048811360e-01	9.768888868375720e-01
1.282891389693110e+00	3.688918350335070e-01	9.485728287001260e-01
1.176120575379810e+00	4.523615863242700e-01	9.241355287442680e-01
1.053479112114740e+00	5.116828855282350e-01	9.062608458499750e-01
9.184975275656490e-01	5.516726548878800e-01	9.296348821090840e-01
7.811119782002030e-01	5.612661421682970e-01	9.623532550896890e-01
6.494490191770500e-01	5.108549625420680e-01	9.517364791946150e-01
5.365813404960720e-01	4.352002119734830e-01	9.422282216675170e-01
4.355833384306390e-01	3.462013257640420e-01	9.798803649492650e-01
3.678104612051480e-01	2.173936104658260e-01	9.866237337089700e-01
3.359436434180950e-01	7.792048145633480e-02	9.832278541196480e-01
3.401483506179830e-01	-6.298475830637900e-02	9.915439169101280e-01
3.859456145328040e-01	-1.976004928987220e-01	9.952813634130260e-01
4.702930378610260e-01	-3.100019216638870e-01	9.725218704567830e-01
5.764938920870730e-01	-3.867284201520350e-01	9.293678432205610e-01
6.985644309370030e-01	-4.347588373634900e-01	9.038247731940410e-01
8.310760096334560e-01	-4.573277793654140e-01	8.973021025510880e-01
9.607453255441820e-01	-4.464855077398610e-01	8.834868021055270e-01
1.085440934232850e+00	-4.094676949318730e-01	8.850711738709460e-01
1.198438438097960e+00	-3.392327862411270e-01	8.738018882150860e-01
1.300269915554920e+00	-2.543089981906550e-01	9.088073495579430e-01
1.374350579655910e+00	-1.452204539474880e-01	9.467349892204690e-01
1.417654194286610e+00	-1.269671897766750e-02	9.862199826426820e-01
1.555820771809990e+00	1.492617672234080e-01	9.287882255131400e-01
1.513208923218360e+00	2.913273267227760e-01	9.224010617538260e-01
1.435810616749200e+00	4.143132823220050e-01	9.084275654026960e-01
1.327547336484970e+00	5.017527268276150e-01	8.632933854567450e-01
1.207279679156500e+00	5.821471581389090e-01	8.529139786521320e-01
1.073553591992260e+00	6.274332846124650e-01	8.349643407362410e-01
9.402125706504390e-01	6.536137072085320e-01	8.308095053760260e-01
7.993437317296830e-01	6.774366568270630e-01	8.705753756594710e-01
6.598154714173530e-01	6.474193746352660e-01	8.788354519052860e-01
5.301034629643030e-01	5.815832186786700e-01	8.780631002263940e-01
4.195732392448150e-01	4.981409055506400e-01	8.797564024045450e-01
3.137284630913880e-01	4.056846842177640e-01	9.229982079212240e-01
2.337469761075740e-01	2.815579733622780e-01	9.500184406822440e-01
1.907784190122440e-01	1.355344577702150e-01	9.568540057699360e-01
1.812559834967640e-01	-1.647612952880420e-02	9.726966824716040e-01
2.011336662228110e-01	-1.594226328712980e-01	1.018740033068040e+00
2.679994792681460e-01	-3.061000976990090e-01	9.978861578029460e-01
3.665571335266670e-01	-4.165330821826960e-01	9.557266884446230e-01
4.848688116368210e-01	-4.988103394983090e-01	9.267284352778990e-01
6.109813443587910e-01	-5.499970814395680e-01	8.927029009649530e-01
7.487565879161880e-01	-5.851140591544830e-01	8.922055299915990e-01
8.829467314365800e-01	-5.805818196207180e-01	8.600938937099460e-01
1.014737572941840e+00	-5.584596008693380e-01	8.332779091733020e-01
1.147135796430110e+00	-5.304300711753140e-01	8.571766856925320e-01
1.264122152978610e+00	-4.603528252205250e-01	8.581794826052620e-01
1.373338617711390e+00	-3.732964859781460e-01	8.736613040416140e-01
1.469173182905750e+00	-2.756241100495050e-01	9.302083568083580e-01
1.540598033267870e+00	-1.453776710672410e-01	9.529472863037400e-01
1.569034907021400e+00	-5.221320601359440e-04	9.563422355408310e-01
1.712375055791840e+00	1.756848763636850e-01	8.731932681656250e-01
1.670814106107030e+00	3.244768363107480e-01	8.743031153444160e-01
1.592709578170420e+00	4.551912069053740e-01	8.589199790765700e-01
1.484749066373730e+00	5.593466821670460e-01	8.221908690676120e-01
1.363584060501650e+00	6.503590463753300e-01	8.042382451275770e-01
1.229381751552370e+00	7.072717673892190e-01	7.769770288649450e-01
1.092330010576220e+00	7.502852281274760e-01	7.672298743332450e-01
9.529508984082390e-01	7.683340143677210e-01	7.583858161982850e-01
8.133548311987040e-01	7.724829745851580e-01	7.629701406412130e-01
6.739254303054000e-01	7.658286540378170e-01	7.849943835698080e-01
5.375233499012670e-01	7.275297668877730e-01	8.031760359486460e-01
4.086639037275780e-01	6.535722793406770e-01	8.131234050476830e-01
2.981439296577420e-01	5.661972228916370e-01	8.230282135738760e-01
1.840499827460840e-01	4.754534383428560e-01	8.746438595557990e-01
9.661222999468360e-02	3.450199085133630e-01	9.033489272188040e-01
4.282981933746160e-02	1.970033599020810e-01	9.120000382088770e-01
1.507352589652770e-02	3.870345030090750e-02	9.347900747353200e-01
1.980676817687020e-02	-1.193972496911180e-01	9.664260161638020e-01
6.452121459956830e-02	-2.807366107970030e-01	9.673253503806300e-01
1.564864106770110e-01	-4.102616505543840e-01	9.216009273632610e-01
2.651808448129450e-01	-5.210680826033750e-01	8.917356952116720e-01
3.872903896609370e-01	-6.057343568527740e-01	8.787965156792260e-01
5.215253105120930e-01	-6.694092778203830e-01	8.724562392629140e-01
6.600947962738600e-01	-7.100081366287980e-01	8.581626626143220e-01
8.001724936120990e-01	-7.235960612623530e-01	8.412521853258850e-01
9.388569863944720e-01	-7.231661926917450e-01	8.451821757115560e-01
1.073370470875170e+00	-6.963110388147670e-01	8.358425370842540e-01
1.211078733392260e+00	-6.717204467327110e-01	8.650602262756520e-01
1.332457370660880e+00	-5.935393091097240e-01	8.553503704580270e-01
1.451791398877240e+00	-5.106304735243200e-01	8.629924618969580e-01
1.559286342859730e+00	-4.167283660946770e-01	9.139272028015960e-01
1.654598023436710e+00	-2.907404002715950e-01	9.346596163498030e-01
1.700414390309030e+00	-1.399072447988750e-01	9.048800533423310e-01
1.718850283384040e+00	1.820652433660090e-02	8.770529404307150e-01
1.887341468806760e+00	2.025004173058600e-01	8.273483634628580e-01
1.845064195340220e+00	3.619563428935930e-01	8.272791954146160e-01
1.758744766645290e+00	4.976087552536750e-01	7.936419312175900e-01
1.643449208554820e+00	5.969972440950090e-01	7.389284299920730e-01
1.517463086834100e+00	6.842065704368320e-01	7.054296371061090e-01
1.381294040898260e+00	7.506755182543020e-01	6.781875443626070e-01
1.244379811389940e+00	8.049992469483530e-01	6.645996057210750e-01
1.107672857701450e+00	8.542986388352280e-01	6.705565471185820e-01
9.677249561851880e-01	8.690719548341750e-01	6.621404280050470e-01
8.300896434773860e-01	8.644402207791390e-01	6.558586785232520e-01
6.937006570457960e-01	8.559540409077810e-01	6.644287857560250e-01
5.543292019379470e-01	8.422333133486170e-01	6.926370383322080e-01
4.215377736761820e-01	7.903709555156930e-01	7.037102537269160e-01
2.960866468092210e-01	7.142716954978900e-01	7.167704911805360e-01
1.763247772185230e-01	6.292195580924830e-01	7.396843666573820e-01
6.213205141617850e-02	5.304249590078890e-01	7.750546043450840e-01
-3.558251881586160e-02	4.010356084155930e-01	8.099367447558970e-01
-1.121644477780040e-01	2.632894418415380e-01	8.409850161864750e-01
-1.597491950958120e-01	1.071625432520250e-01	8.819301705808760e-01
-1.671558810291580e-01	-7.029209131455950e-02	9.019099720721520e-01
-1.329617702536440e-01	-2.437691702844390e-01	8.942756550927770e-01
-5.549506408230130e-02	-3.907922138133050e-01	8.610214447211580e-01
4.762160188872580e-02	-5.168043509749700e-01	8.348623810405940e-01
1.681330622653360e-01	-6.178069584429890e-01	8.119899600038320e-01
2.947638883660020e-01	-7.036940536508190e-01	8.030965644713810e-01
4.305025636670730e-01	-7.770677957927110e-01	8.043043333086310e-01
5.745266155781210e-01	-8.182324113855590e-01	7.832915710254890e-01
7.147141412731460e-01	-8.270512906385670e-01	7.554102003478980e-01
8.540514040696780e-01	-8.543864473479510e-01	7.749735403006620e-01
9.971359101924670e-01	-8.661889708505810e-01	8.042279742017310e-01
1.132290462496020e+00	-8.266598707088150e-01	7.856881468820420e-01
1.267295007880110e+00	-7.888407309724690e-01	7.954468854257750e-01
1.400156521392630e+00	-7.324129425397370e-01	8.158227162234780e-01
1.514475488876720e+00	-6.333096011154360e-01	7.982623403242010e-01
1.637748020948870e+00	-5.474644017468690e-01	8.333450118536740e-01
1.756451991669110e+00	-4.423626186699450e-01	8.823197538213270e-01
1.819739569511330e+00	-2.836589914395060e-01	8.478759030732190e-01
1.865344810999330e+00	-1.241302564646200e-01	8.236201771248930e-01
1.891972642313460e+00	3.956638143559070e-02	8.198419439731380e-01
2.065240735018280e+00	2.287016601345540e-01	7.422915785942520e-01
2.014990460189740e+00	4.002725894375540e-01	7.320576477025230e-01
1.920614349597090e+00	5.488241866740970e-01	7.020208917372090e-01
1.800714349646820e+00	6.753011686775480e-01	6.740197419369950e-01
1.661475876812120e+00	7.738438828696750e-01	6.430426822786800e-01
1.510272343754170e+00	8.305304244007320e-01	5.969345657318350e-01
1.363423022833350e+00	9.033324483758320e-01	5.911918139031070e-01
1.215270378053190e+00	9.252591247571050e-01	5.649807878858820e-01
1.067579633293390e+00	9.468799053855560e-01	5.511976035303880e-01
9.229513769530660e-01	9.590358052072580e-01	5.471936340296300e-01
7.839639594327620e-01	9.300832622555860e-01	5.316607101532730e-01
6.464386651660340e-01	9.071863794016760e-01	5.350308158590060e-01
5.055387175359030e-01	8.900016778464750e-01	5.542662643282190e-01
3.648427585572480e-01	8.552284046374600e-01	5.773586095419070e-01
2.308848228401680e-01	7.844565528877140e-01	5.957017471657230e-01
1.070877857171410e-01	6.887331250108850e-01	6.110387433261470e-01
-1.319523805776990e-02	5.841882300503200e-01	6.348984750418090e-01
-1.364273686554410e-01	4.736496185960280e-01	6.828088302777540e-01
-2.185181281994050e-01	3.173091258280880e-01	6.902871895990720e-01
-2.993663655415330e-01	1.639288569876610e-01	7.387483331652340e-01
-3.332284795047020e-01	-1.255503568046500e-02	7.771490624142070e-01
-3.272221135923570e-01	-1.933663821389200e-01	7.940610668589360e-01
-2.671280265145260e-01	-3.668155922707070e-01	7.834725209049930e-01
-1.710594427190190e-01	-5.161829247744780e-01	7.697955966822840e-01
-4.748271464486920e-02	-6.430494937892730e-01	7.577868877680350e-01
8.909617206886460e-02	-7.524742080431430e-01	7.402691060041220e-01
2.363429307732940e-01	-8.303481851820300e-01	7.180717816645720e-01
3.879721699528680e-01	-8.818114257476260e-01	6.949078087773540e-01
5.387057666383890e-01	-9.097841411338540e-01	6.724556652902040e-01
6.854681843642330e-01	-9.086024344550260e-01	6.414009774233800e-01
8.277547842769930e-01	-9.319832947747680e-01	6.503243350815230e-01
9.737569031767150e-01	-9.758215336539590e-01	6.912955604988560e-01
1.122116432429020e+00	-9.519647141174180e-01	6.930785761965810e-01
1.255582261018770e+00	-8.943330877418250e-01	6.783747606306520e-01
1.394184825029760e+00	-8.479144030310500e-01	6.923688051065060e-01
1.531182582745480e+00	-7.810405463389630e-01	7.078856871955560e-01
1.649082233363260e+00	-6.699866678638850e-01	6.947726909806610e-01
1.784016830499220e+00	-5.807967643007570e-01	7.340312537261780e-01
1.890998952679480e+00	-4.447822103455560e-01	7.392900602727040e-01
1.976751451668180e+00	-2.928733878588090e-01	7.441414485011230e-01
2.044785360912390e+00	-1.251686785316920e-01	7.485704760878450e-01
2.086417405445540e+00	5.021662396573720e-02	7.692308495586130e-01
2.253306662100720e+00	2.568840771728630e-01	6.407265790939110e-01
2.192280030581830e+00	4.392262460634330e-01	6.194497031410940e-01
2.096979605500560e+00	6.085190560362910e-01	6.061737534352640e-01
1.961387065412100e+00	7.434393378765050e-01	5.754028595865530e-01
1.807602290948670e+00	8.486473653006930e-01	5.432407049296210e-01
1.641403750668030e+00	9.050973113272640e-01	4.959248711557830e-01
1.479891754873550e+00	9.559147354161630e-01	4.696318825977610e-01
1.324296129716650e+00	9.918668110041570e-01	4.501245847067530e-01
1.171394473481590e+00	9.695979404415360e-01	4.124270799005790e-01
1.022562040452620e+00	9.930152801251760e-01	4.083653551596390e-01
8.804299750167770e-01	9.788176308884650e-01	3.988067681785930e-01
7.469926250997760e-01	9.315429146193590e-01	3.835659034515570e-01
6.089305035829960e-01	9.138963002414430e-01	3.901995107727560e-01
4.678250520432760e-01	9.029928433867240e-01	4.069469280128330e-01
3.287267458744930e-01	8.595425473753850e-01	4.277385456871180e-01
1.861189110313460e-01	8.155397836193980e-01	4.519579705210400e-01
4.232282751123990e-02	7.523607495057100e-01	4.818064685274630e-01
-1.018190910814170e-01	6.733208696817480e-01	5.219144504921000e-01
-2.302733380370710e-01	5.502915351090090e-01	5.521110504561120e-01
-3.231390287582530e-01	3.837422220299230e-01	5.567543507801100e-01
-3.849150382981120e-01	2.052761727960590e-01	5.560524687814030e-01
-4.432460299235480e-01	3.779190748050640e-02	5.806649850362800e-01
-4.887568199033480e-01	-1.350018435815010e-01	6.314841821461040e-01
-4.338585850061440e-01	-3.126669707299050e-01	6.110731534274970e-01
-3.806004764846930e-01	-4.917636817446320e-01	6.487176276145750e-01
-2.856760831345680e-01	-6.615454155665090e-01	6.759924102757660e-01
-1.350272104701040e-01	-7.833566139007270e-01	6.530149383198820e-01
3.105810139171470e-02	-8.536789952402350e-01	6.093955567318010e-01
1.984650897026640e-01	-8.957649160471770e-01	5.713182138398440e-01
3.544753962969000e-01	-9.586350615311830e-01	5.659649907287320e-01
5.069386254482180e-01	-1.003500406158380e+00	5.600665407371590e-01
6.584425129127770e-01	-1.027186277014430e+00	5.548240927791540e-01
8.057740550322760e-01	-1.024787621997280e+00	5.424455680103510e-01
9.508105617275550e-01	-1.042526249954220e+00	5.557396910709310e-01
1.098903779263270e+00	-1.040543651848490e+00	5.663738432719420e-01
1.236906771323750e+00	-9.837880526745450e-01	5.535231777786620e-01
1.373707272358920e+00	-9.339778454344940e-01	5.533205278113820e-01
1.517974434769120e+00	-8.873374467759820e-01	5.700463696335550e-01
1.646811009740830e+00	-7.894327841253610e-01	5.648418792805200e-01
1.779996860077090e+00	-6.953189968568160e-01	5.766183767873900e-01
1.925134520569360e+00	-6.019311848120130e-01	6.103799586088040e-01
2.024237682098210e+00	-4.466842674436080e-01	6.006231305136640e-01
2.125601733291570e+00	-2.894515812912000e-01	6.052428820034260e-01
2.222505955031560e+00	-1.268034357821300e-01	6.401487677161190e-01
2.264126312811990e+00	6.304467448629130e-02	6.484366897098790e-01
2.415768132205200e+00	2.759812455245620e-01	4.828115691283770e-01
2.366013171310410e+00	4.747999591852700e-01	4.795744639980240e-01
2.275892924517570e+00	6.682091102522910e-01	4.805606542056300e-01
2.116843085944710e+00	7.997882678063810e-01	4.387931420288240e-01
1.949842149286100e+00	9.117345818959940e-01	4.116216471005220e-01
1.774720312535250e+00	9.884584927349020e-01	3.803267377243320e-01
1.599595203441290e+00	1.026917630148310e+00	3.456483149015790e-01
1.433527512227920e+00	1.074714241940190e+00	3.345681967640990e-01
1.272207643012600e+00	1.075571614320890e+00	3.112013683528130e-01
1.119390304806690e+00	1.059136894656300e+00	2.913741066047950e-01
9.755546484930330e-01	1.036196107512450e+00	2.762466567451480e-01
8.360233785744660e-01	1.022417780697660e+00	2.709939139302200e-01
7.020695699463170e-01	9.811929406860320e-01	2.644659002135910e-01
5.705515591710880e-01	9.383266012130760e-01	2.625753552033570e-01
4.318814689314090e-01	9.045551674021130e-01	2.697663486974220e-01
2.920249718507870e-01	8.849909023242830e-01	2.890628957744130e-01
1.521999780758010e-01	8.311152283484800e-01	3.054640155873480e-01
1.973749301680330e-03	7.773903813785460e-01	3.309489813623470e-01
-1.417227820922920e-01	6.926081702824160e-01	3.537327074189950e-01
-2.923355561482580e-01	6.003525734486900e-01	3.894648583392400e-01
-3.913751483696300e-01	4.509821803140670e-01	3.906332100836350e-01
-4.639682382063640e-01	2.542929442104540e-01	3.809789685934970e-01
-6.029670509276560e-01	1.006093076097050e-01	4.311795447642190e-01
-6.706869441272650e-01	-6.474162891220760e-02	5.021916424596000e-01
-6.576271616803780e-01	-2.724725777648250e-01	5.044433194900230e-01
-5.713902420281780e-01	-4.365004154184080e-01	4.713852249952810e-01
-4.830855274053040e-01	-6.199178173621230e-01	5.077000416964400e-01
-3.458380309679210e-01	-7.704638432724040e-01	5.074466763383370e-01
-1.876284000845660e-01	-8.882284123883540e-01	4.995488594440000e-01
-5.350962597701800e-03	-9.340497419672810e-01	4.593370663974070e-01
1.684907148835160e-01	-9.663582068045010e-01	4.279891228521910e-01
3.305694719431710e-01	-1.006097063214780e+00	4.188407866667140e-01
4.832643484165500e-01	-1.051944627787280e+00	4.180992341112460e-01
6.348652633444510e-01	-1.110641388804880e+00	4.318628295570360e-01
7.836397872625690e-01	-1.124770530200710e+00	4.307367277385300e-01
9.286139748113200e-01	-1.119812613051320e+00	4.291378814831250e-01
1.072191683423760e+00	-1.112578986763580e+00	4.330176449643380e-01
1.213437961819120e+00	-1.076989580785050e+00	4.292858162766970e-01
1.351154539241630e+00	-1.027789344344430e+00	4.274871993272710e-01
1.493980086136750e+00	-9.764736499431220e-01	4.338699031722920e-01
1.623477929491700e+00	-8.879784183025630e-01	4.260374994072450e-01
1.755200363939010e+00	-7.926646271414390e-01	4.240554771784800e-01
1.911537989636430e+00	-7.242322154376600e-01	4.515198026238620e-01
2.040550049306320e+00	-5.926871338100910e-01	4.511878310225380e-01
2.132619533705800e+00	-4.268691967321890e-01	4.350705133475780e-01
2.243840853331410e+00	-2.674557455593230e-01	4.404371681586890e-01
2.344585908822380e+00	-1.057139575028030e-01	4.662866101318490e-01
2.421018645922790e+00	7.614770151912410e-02	4.872653582884210e-01
2.568605077773240e+00	2.934540237866000e-01	3.095866700056360e-01
2.527515110996510e+00	5.173836544637780e-01	3.110406323698590e-01
2.391980951734560e+00	6.994532940134670e-01	2.858042882367330e-01
2.237703459627970e+00	8.653573630498880e-01	2.696527799724270e-01
2.038412576648870e+00	9.546671312319320e-01	2.365417202869680e-01
1.869224083448320e+00	1.093139439266790e+00	2.349050371835410e-01
1.666370721097590e+00	1.093258056015750e+00	1.987753973914300e-01
1.488234346677290e+00	1.137032507052870e+00	1.870681937089310e-01
1.318633298100630e+00	1.126474741803160e+00	1.687749369456910e-01
1.158529237901230e+00	1.115126462549430e+00	1.572152679014990e-01
1.010523851757430e+00	1.065723175258100e+00	1.433234407776470e-01
8.629332855150230e-01	1.087536628916560e+00	1.467171860605480e-01
7.176682876687740e-01	1.089294089276570e+00	1.500572506083550e-01
5.926232651595630e-01	1.001452612287690e+00	1.372426908605070e-01
4.511381644710300e-01	9.603693388490990e-01	1.420416925616100e-01
2.970583145746660e-01	9.712164856109660e-01	1.610063886666900e-01
1.503877803006390e-01	9.234242137254900e-01	1.727189423036570e-01
1.212392433905110e-02	8.363132553379840e-01	1.796989792277970e-01
-1.626996248360410e-01	7.992828369954720e-01	2.076382312846840e-01
-3.105023918913570e-01	6.850607620893600e-01	2.229530470885650e-01
-4.699119547576130e-01	5.707110223312100e-01	2.475039943639470e-01
-5.437975460730150e-01	3.659561117409900e-01	2.357600019251330e-01
-7.081479045505570e-01	2.100480443863450e-01	2.856566429664110e-01
-6.884069402928010e-01	-6.069870261851980e-01	3.609711289722620e-01
-5.406425979185980e-01	-7.705678178030120e-01	3.482130790832360e-01
-3.462126927904080e-01	-8.619908808642920e-01	3.223554075037590e-01
-1.679367237377280e-01	-9.571339576728910e-01	3.142363121360760e-01
2.086823633516620e-02	-9.957359694458380e-01	2.932549870651360e-01
1.951458630460920e-01	-1.035687590737030e+00	2.830316799767970e-01
3.594824403586860e-01	-1.074728212302490e+00	2.793438127355800e-01
5.232517550403020e-01	-1.122983634017260e+00	2.830540590612690e-01
6.709406262771610e-01	-1.200208281918900e+00	2.985838034197800e-01
8.231945146414280e-01	-1.173616235314920e+00	2.884337341265460e-01
9.691861634420120e-01	-1.157385944497400e+00	2.841112199337260e-01
1.118321189596100e+00	-1.169933289277630e+00	2.896779879181860e-01
1.259816538429710e+00	-1.120397067169500e+00	2.874667672143850e-01
1.411044639781930e+00	-1.096695659684250e+00	2.957053382985870e-01
1.544468847509430e+00	-1.012305399799170e+00	2.879934496954190e-01
1.685709733810260e+00	-9.341201820167200e-01	2.867425078636020e-01
1.835107459594430e+00	-8.545042616390320e-01	2.916062116541750e-01
1.996685420588020e+00	-7.725764310774930e-01	3.040252494612170e-01
2.122640884570380e+00	-6.179762386041350e-01	2.934620325726650e-01
2.226420140548200e+00	-4.465848205949950e-01	2.776569020381960e-01
2.341740017958440e+00	-2.805213310860610e-01	2.767234223839590e-01
2.447726707093610e+00	-1.102443681352700e-01	2.816659916662930e-01
2.521403699916690e+00	8.106669981998610e-02	2.888898193342380e-01
2.641868277079830e+00	2.937696620553000e-01	9.465188603432960e-02
2.600883785068440e+00	5.181168290596720e-01	8.643983715096150e-02
2.474625434464070e+00	7.179020904328050e-01	7.321909764245220e-02
2.282219775972140e+00	8.499827451604800e-01	5.594198361054900e-02
2.091607206209530e+00	9.626600729705610e-01	4.424808777390750e-02
1.901616825304670e+00	1.055595104907330e+00	3.434854405138420e-02
1.713545297810640e+00	1.119750922684290e+00	2.628861195542360e-02
1.528941057430540e+00	1.142125247752630e+00	1.902334801319650e-02
1.357079773365140e+00	1.146867841517330e+00	1.412099525056890e-02
1.196282435352940e+00	1.113142374729360e+00	1.019324987203840e-02
1.044106463954750e+00	1.088890863785550e+00	6.560522079176780e-03
8.964503748299200e-01	1.070687854345660e+00	6.340663469533800e-03
7.500364312598880e-01	1.094709568078760e+00	9.093658044862410e-03
6.190828019328170e-01	1.041968085912390e+00	9.069935370688310e-03
4.805514195212070e-01	9.964119576606060e-01	9.138171117586740e-03
3.337116817575440e-01	9.781602402217830e-01	1.441915026897170e-02
1.831133694197410e-01	9.510439971713610e-01	2.041772260737020e-02
4.096370989649980e-02	8.765638853398240e-01	2.551050544191120e-02
-1.209697118828790e-01	8.163778796534700e-01	3.393477566953520e-02
-2.891784511703420e-01	7.462623918775640e-01	4.513465254828550e-02
-4.482757153362850e-01	6.273635204578330e-01	5.501475402722890e-02
-5.698821901961560e-01	4.676851952440340e-01	6.760051886658210e-02
-7.098429529759400e-01	2.839174976371550e-01	7.838110489710070e-02
-7.029668825633100e-01	-7.508854007681540e-01	1.581323097407110e-01
-4.944535665169720e-01	-8.420612405040460e-01	1.428534552109460e-01
-3.009436448827250e-01	-9.267601145819750e-01	1.394445139065400e-01
-1.278197168039240e-01	-1.035167840003700e+00	1.469143790643500e-01
6.157742368154730e-02	-1.070074319248690e+00	1.380719968161290e-01
2.377715030174220e-01	-1.092857013523120e+00	1.359227239529120e-01
4.036712788913850e-01	-1.119571177795290e+00	1.357213903419440e-01
5.645317582468590e-01	-1.153589582276780e+00	1.407769313747300e-01
7.129515445794600e-01	-1.183137607835490e+00	1.378274728022020e-01
8.620084325494070e-01	-1.183799936126810e+00	1.388061441041530e-01
1.007772880667760e+00	-1.174250620131330e+00	1.384476804720650e-01
1.152586523379020e+00	-1.159944193863310e+00	1.381030333116810e-01
1.298757746882920e+00	-1.141963567019500e+00	1.392598311030150e-01
1.441994159391880e+00	-1.091603684622570e+00	1.377075808437490e-01
1.592297515353360e+00	-1.045821999722410e+00	1.387226113800070e-01
1.739535764073720e+00	-9.722954602004300e-01	1.367403222465890e-01
1.879783950406240e+00	-8.695886131857700e-01	1.307709781513430e-01
2.039694531906350e+00	-7.765088288292510e-01	1.303509681770240e-01
2.169107418703630e+00	-6.304737491569150e-01	1.201808100588980e-01
2.286192799537190e+00	-4.596018093395290e-01	1.092476834701110e-01
2.423361701239140e+00	-3.023372642432000e-01	1.043004875712420e-01
2.533364462365690e+00	-1.223946461432240e-01	1.020059354343990e-01
2.594331504956310e+00	7.946281533107820e-02	9.480222277113320e-02
2.618831053773520e+00	2.822957806133090e-01	-1.281477958954400e-01
2.577950608630430e+00	5.013390522096410e-01	-1.424153329647980e-01
2.468447137930260e+00	7.007909117993850e-01	-1.534321219736050e-01
2.292100619798390e+00	8.522876814228810e-01	-1.562365349008570e-01
2.096266556277700e+00	9.602544515372540e-01	-1.553368187104590e-01
1.908044938019080e+00	1.063998763995330e+00	-1.581277870203440e-01
1.721578689374630e+00	1.145841482872690e+00	-1.591318679927640e-01
1.532512730633350e+00	1.158611659139080e+00	-1.533591119167670e-01
1.355458728173800e+00	1.134683789526990e+00	-1.441557056515630e-01
1.194477847545150e+00	1.109247746024180e+00	-1.377664987447730e-01
1.042909949573170e+00	1.097775809916580e+00	-1.347774813711410e-01
8.975361809538160e-01	1.068596018025930e+00	-1.299047904566450e-01
7.572047127010510e-01	1.053342494452630e+00	-1.273179706336190e-01
6.170207403350670e-01	1.030788723043790e+00	-1.281868889558620e-01
4.759249838126130e-01	1.005645851514960e+00	-1.287162134062730e-01
3.319839021888670e-01	9.760779788005130e-01	-1.287151927211920e-01
1.912758373705340e-01	9.233204190790040e-01	-1.262205615145350e-01
3.980158415393930e-02	8.678064926546470e-01	-1.266793712529460e-01
-1.151331283394150e-01	8.002206192752590e-01	-1.260010681153480e-01
-2.856432892108740e-01	7.281967410184090e-01	-1.296926777135460e-01
-4.638775686623820e-01	6.394847271364330e-01	-1.330838083836300e-01
-5.667033218109390e-01	4.431986590808850e-01	-1.189775354914860e-01
-7.298982031153380e-01	2.948179265283630e-01	-1.200746871219110e-01
-7.177711870536940e-01	-8.055873249561310e-01	-7.249142061407990e-02
-4.934773649665850e-01	-8.457468924769070e-01	-5.023988274057030e-02
-3.181956832645210e-01	-9.693319664267340e-01	-4.139686541068150e-02
-1.378020200056370e-01	-1.067376637456880e+00	-2.847313976361080e-02
5.110893513702510e-02	-1.121458703183050e+00	-2.376992072087430e-02
2.370636390820720e-01	-1.127189698532780e+00	-1.434630015427460e-02
4.038117523077730e-01	-1.131709984709280e+00	-1.105229637558140e-02
5.643150382369000e-01	-1.129723446949040e+00	-7.023672548995320e-03
7.149635506666250e-01	-1.167461313439810e+00	-8.627651575279400e-03
8.638189632335160e-01	-1.204735327182420e+00	-7.944456596333960e-03
1.009742638968150e+00	-1.191404010298720e+00	-8.375633408332790e-03
1.152745847295890e+00	-1.165134315409780e+00	-9.814326055639430e-03
1.298451012417450e+00	-1.143899082443090e+00	-1.245187198563530e-02
1.444931994923650e+00	-1.108626884876010e+00	-1.648323963991850e-02
1.591133802346120e+00	-1.053541791065780e+00	-2.153004657189700e-02
1.740901720976900e+00	-9.854689511862300e-01	-2.798807222983890e-02
1.883039982595470e+00	-8.854261893421260e-01	-3.474415472722080e-02
2.036042738319150e+00	-7.832830233027440e-01	-4.408528679325300e-02
2.189500027968750e+00	-6.630126460954280e-01	-5.629262796636490e-02
2.321026011461410e+00	-5.022051781435370e-01	-6.720812411713290e-02
2.473099982123410e+00	-3.475035588224480e-01	-8.101617133046090e-02
2.544065971114130e+00	-1.416477088631440e-01	-9.657747787191150e-02
2.576500466495110e+00	7.034868025469530e-02	-1.063874118559620e-01
2.540374503357780e+00	2.590340425131230e-01	-3.287201447644710e-01
2.504213300874270e+00	4.686312973802160e-01	-3.522037696972730e-01
2.383354668742220e+00	6.550973965873840e-01	-3.584095636331200e-01
2.223616955490950e+00	8.099536791761370e-01	-3.553723136152650e-01
2.040461029455640e+00	9.247455399426600e-01	-3.463632009769700e-01
1.862060572689540e+00	1.036974239361030e+00	-3.471916576584500e-01
1.674665252728430e+00	1.113724786563350e+00	-3.424015794573260e-01
1.484554567054840e+00	1.075830954251490e+00	-3.036820317609410e-01
1.317780760939260e+00	1.096768543976050e+00	-2.949120570432170e-01
1.159347290076800e+00	1.090961876189810e+00	-2.839888367330700e-01
1.010550940938180e+00	1.060901279675520e+00	-2.694085631886390e-01
8.633407474375990e-01	1.057948835341290e+00	-2.687537182124440e-01
7.223102036143070e-01	1.035374770436550e+00	-2.657469295089980e-01
5.789090233831590e-01	1.025279873006770e+00	-2.703230341364060e-01
4.409363624234420e-01	9.846772152287500e-01	-2.680215442710470e-01
3.032110842922720e-01	9.311223198912790e-01	-2.652075110212030e-01
1.604101625791900e-01	8.738801851553580e-01	-2.677504213381620e-01
1.464523428015010e-02	8.032800613192200e-01	-2.661338454925690e-01
-1.395979716199040e-01	7.256334346340590e-01	-2.761546392450120e-01
-3.166891185334050e-01	6.627004165940670e-01	-3.017680431024840e-01
-4.524193733527490e-01	5.260901577078760e-01	-3.018345405896400e-01
-5.602279912395580e-01	3.388097591817710e-01	-2.903699810552300e-01
-7.222266219851300e-01	2.407372364700920e-01	-3.480188330471480e-01
-7.107144699982920e-01	-7.381136167072660e-01	-3.429824815015340e-01
-5.590723090656620e-01	-8.325261129780190e-01	-2.740037324618780e-01
-3.628640061275300e-01	-9.232052650329080e-01	-2.366027729076480e-01
-1.846701536002540e-01	-1.027793501300570e+00	-2.200429237160210e-01
2.457971148695070e-03	-1.092099797752380e+00	-2.007426885253750e-01
1.826163223985000e-01	-1.127358055251180e+00	-1.838858218086620e-01
3.561552088237520e-01	-1.135443566231440e+00	-1.646403984344900e-01
5.159523287831450e-01	-1.136631509082780e+00	-1.541309560119560e-01
6.714808900897630e-01	-1.181237245758190e+00	-1.573567426719250e-01
8.214047700875610e-01	-1.177092397410570e+00	-1.537647946751130e-01
9.701141732788760e-01	-1.186948387877250e+00	-1.564971310767700e-01
1.109298372578590e+00	-1.139294743094160e+00	-1.517503757687330e-01
1.253002147192840e+00	-1.107217821244300e+00	-1.505731180828870e-01
1.400147040671740e+00	-1.091503307545510e+00	-1.663630086651460e-01
1.545321191113160e+00	-1.040668502097260e+00	-1.753537271146260e-01
1.689709649387400e+00	-9.701995542182160e-01	-1.841246474671060e-01
1.831732017718030e+00	-8.749887596370460e-01	-1.948559986879140e-01
1.975993398629670e+00	-7.674686708284050e-01	-2.049635890668040e-01
2.142918319370290e+00	-6.731576462858490e-01	-2.327203840233310e-01
2.296143834727140e+00	-5.423838908401490e-01	-2.612356690698090e-01
2.433183635970240e+00	-3.767756177173310e-01	-2.859253790588520e-01
2.538417335314930e+00	-1.817342916320260e-01	-3.147757659064190e-01
2.519403988815460e+00	4.826365586950270e-02	-3.035093709254910e-01
2.417549738465940e+00	2.221524722590590e-01	-5.120717597019460e-01
2.373120225991460e+00	4.212829521737400e-01	-5.393670083432590e-01
2.246907057631400e+00	5.842746160474590e-01	-5.188978594945920e-01
2.107303470362150e+00	7.326927466693630e-01	-5.157268433617590e-01
1.943636319549580e+00	8.457614749803050e-01	-5.019723669395140e-01
1.786212235389240e+00	9.748356535248480e-01	-5.160336562653270e-01
1.608137438238060e+00	1.011818035164970e+00	-4.816835767182210e-01
1.431011783519050e+00	1.007801148445800e+00	-4.428378003370500e-01
1.273772524686250e+00	1.060150953009730e+00	-4.455240113220150e-01
1.122542198696430e+00	1.019335323519860e+00	-4.097508152810040e-01
9.746128432973470e-01	9.963419709956710e-01	-3.934756556181570e-01
8.302638672059070e-01	1.019771261882270e+00	-4.046666397975580e-01
6.888628298447480e-01	1.011228988999780e+00	-4.077703088735110e-01
5.543303623992480e-01	9.779564834791520e-01	-4.047136197480420e-01
4.248227152438550e-01	9.088983930478790e-01	-3.878339283241530e-01
2.981617540848640e-01	8.395563952767790e-01	-3.740641829800660e-01
1.625304017221890e-01	7.658798216678750e-01	-3.757370686191020e-01
2.474391477503900e-02	6.936200253388980e-01	-3.875754575534910e-01
-1.318802655850670e-01	6.226905281602340e-01	-4.138502773320190e-01
-2.646175535248670e-01	5.216087199131920e-01	-4.271693137899610e-01
-3.843341431489680e-01	3.893297868655910e-01	-4.391364962529820e-01
-4.967667777136500e-01	2.214045462820520e-01	-4.387737217031480e-01
-5.896299767604940e-01	6.885900586178970e-02	-4.622582401245370e-01
-6.817643851866380e-01	-1.214494819395740e-01	-5.027444277387540e-01
-6.892726886290160e-01	-3.388668177975910e-01	-5.602406121897990e-01
-6.261068508790280e-01	-5.448281670527560e-01	-5.193290230601560e-01
-5.105673737195060e-01	-7.070381506502590e-01	-4.726821956572790e-01
-3.677851354332980e-01	-8.605003717566300e-01	-4.472992446342220e-01
-1.835813647155370e-01	-9.337873745227940e-01	-3.944984687375620e-01
-1.372186292529440e-02	-1.012310194839680e+00	-3.691779424159130e-01
1.604581567842980e-01	-1.049011749149930e+00	-3.371045780097640e-01
3.234794694744110e-01	-1.093493174966930e+00	-3.227341457093390e-01
4.814469084878210e-01	-1.131502770809520e+00	-3.149495244934550e-01
6.342391870719380e-01	-1.147472008978760e+00	-3.053879905080170e-01
7.818592106476320e-01	-1.137826340681130e+00	-2.950565940373780e-01
9.231259515465640e-01	-1.107508947332540e+00	-2.855227936000020e-01
1.063259171070820e+00	-1.093206346611660e+00	-2.863348369447990e-01
1.190330287694280e+00	-1.025373764630080e+00	-2.677890412608740e-01
1.333848588433580e+00	-9.986908546447160e-01	-2.764392094567450e-01
1.475142150459400e+00	-9.701750342571620e-01	-3.028223608571950e-01
1.620533145979540e+00	-9.242707551090490e-01	-3.227833905456200e-01
1.750727201771310e+00	-8.261943051989110e-01	-3.303447927961590e-01
1.878566694030950e+00	-7.163022355616520e-01	-3.368834901520760e-01
2.030667257546360e+00	-6.243948484667410e-01	-3.717053254405720e-01
2.186032571542070e+00	-5.229559329367690e-01	-4.244210310126430e-01
2.315434774034040e+00	-3.736128685056060e-01	-4.661120196284300e-01
2.412360984345280e+00	-1.918483825710110e-01	-5.031187109657300e-01
2.435392755889500e+00	1.775617063563140e-02	-5.077571128922610e-01
2.253856523335110e+00	1.830003959775570e-01	-6.665807491774630e-01
2.199481680636700e+00	3.701223521247410e-01	-6.782528315748460e-01
2.094349016129910e+00	5.340956728162670e-01	-6.677676024226450e-01
1.966048436193010e+00	6.806133373996780e-01	-6.656234939920890e-01
1.811273304090360e+00	7.895912105156180e-01	-6.446424656594020e-01
1.648889756959680e+00	8.708234937649450e-01	-6.225728665864930e-01
1.482877905363300e+00	9.043696659422700e-01	-5.814711952270980e-01
1.323698127431940e+00	9.414443234132010e-01	-5.639455360335910e-01
1.170042326404760e+00	9.547076393196750e-01	-5.458508357970430e-01
1.021595017635950e+00	9.530527541262700e-01	-5.302765618824580e-01
8.757988012104560e-01	9.738883002795860e-01	-5.396474096212060e-01
7.335830213878820e-01	9.585699448213420e-01	-5.364254728674330e-01
6.021752513301910e-01	9.130465550102700e-01	-5.235851218642000e-01
4.827376284646320e-01	8.334018083772440e-01	-4.997169481873230e-01
3.364532027502710e-01	7.816287831258240e-01	-5.029305144565980e-01
2.059102283188920e-01	7.117350286157300e-01	-5.150776923661740e-01
8.014624156308970e-02	6.239784562849990e-01	-5.105507629782980e-01
-6.693933077943760e-02	5.415987269506470e-01	-5.443538175930720e-01
-2.074575913243560e-01	4.549596216721620e-01	-5.936168464971630e-01
-2.990915077526580e-01	3.253110597660810e-01	-5.966701417798380e-01
-3.754002154024550e-01	1.450248848209120e-01	-5.633786601894820e-01
-4.431216613836650e-01	-2.639293646883790e-02	-5.739217564440780e-01
-4.677178008881740e-01	-2.010413849218520e-01	-5.788476412519340e-01
-4.571302491605970e-01	-3.898463745465930e-01	-6.026194084352630e-01
-3.850366880867580e-01	-5.641683743651290e-01	-5.963395563919820e-01
-2.828866968487030e-01	-7.327606141365850e-01	-5.985653953040440e-01
-1.281594384073760e-01	-8.371085653260460e-01	-5.492800217034600e-01
3.592454229143140e-02	-9.075400841626960e-01	-5.024211651224270e-01
1.978057231108320e-01	-9.598595635092670e-01	-4.680948125503500e-01
3.525946259641220e-01	-1.032258599131870e+00	-4.649860165108740e-01
5.050330644264870e-01	-1.101693206946760e+00	-4.700608311224990e-01
6.588057639125430e-01	-1.086589486107910e+00	-4.401603157525080e-01
8.053809870839100e-01	-1.074633907328690e+00	-4.245730539572170e-01
9.460095667754830e-01	-1.044760059697690e+00	-4.106544086665640e-01
1.081165936467800e+00	-1.012379363970860e+00	-4.059082353205290e-01
1.214946257747990e+00	-9.548242512278390e-01	-3.967585540181990e-01
1.353588707024690e+00	-9.211121115675040e-01	-4.116926575999260e-01
1.487409133512250e+00	-8.656601025169210e-01	-4.242794226295600e-01
1.626053120476620e+00	-8.033145698005250e-01	-4.471178129238820e-01
1.754540519099520e+00	-7.143168822563790e-01	-4.694207767341170e-01
1.875718261907590e+00	-5.978403911112810e-01	-4.814159254814910e-01
2.008855506523220e+00	-4.874529735550780e-01	-5.228549174683510e-01
2.123139553100590e+00	-3.529656057297440e-01	-5.663883812748580e-01
2.211014409684560e+00	-1.908120934290560e-01	-6.074643186330000e-01
2.244888490661960e+00	-5.820066100638580e-03	-6.285612516419310e-01
2.070223928006950e+00	1.433156431793550e-01	-7.739309959506960e-01
2.030959385039070e+00	3.225346898658740e-01	-8.072204041279780e-01
1.934748987806060e+00	4.817185670595950e-01	-7.969967534710600e-01
1.809914795003000e+00	6.115393580029320e-01	-7.755816614908980e-01
1.667266270927990e+00	7.091941928027400e-01	-7.452228922417020e-01
1.517010717608030e+00	7.830871247061370e-01	-7.188940442634980e-01
1.362815709826120e+00	8.152496565603560e-01	-6.756939646140870e-01
1.212946223493270e+00	8.303258549933330e-01	-6.420106168657730e-01
1.067567045182990e+00	8.663082717877800e-01	-6.457095047978650e-01
9.224293338848760e-01	8.915881424757240e-01	-6.567843096019400e-01
7.829518946198650e-01	8.730705676869040e-01	-6.445953186190530e-01
6.446609546393620e-01	8.490551940705960e-01	-6.433920179132760e-01
5.166917682846190e-01	7.912647635143180e-01	-6.298496636754130e-01
3.812978239426040e-01	7.406537005704200e-01	-6.386624548447490e-01
2.541242232320150e-01	6.686325161483600e-01	-6.406354998816970e-01
1.342837520404290e-01	5.646550538291550e-01	-6.336731503805160e-01
-1.423790441684130e-02	5.022253737932520e-01	-6.986346885856270e-01
-1.390275357006710e-01	3.987365782121480e-01	-7.463696073580490e-01
-2.142278263079600e-01	2.428260548446300e-01	-7.336649785426150e-01
-2.827564961272830e-01	7.208395604267870e-02	-7.258930366148340e-01
-3.087345689689300e-01	-9.926263895514560e-02	-7.218337059565470e-01
-2.830773024381110e-01	-2.721668073961440e-01	-7.026882143721860e-01
-2.495228092117020e-01	-4.394751379854540e-01	-7.093896839320110e-01
-1.577560914239500e-01	-5.865282471512240e-01	-6.798373324993620e-01
-4.496676859622920e-02	-7.180998359716440e-01	-6.672298758856320e-01
9.460469017864290e-02	-8.105183115540990e-01	-6.325964177004980e-01
2.430972440608310e-01	-8.776117437200490e-01	-5.967705012166610e-01
3.881358622993520e-01	-9.581313145492850e-01	-5.978761111255400e-01
5.385083974816080e-01	-9.914384202122400e-01	-5.771508073427600e-01
6.870865654038140e-01	-9.989393553043130e-01	-5.557171480308240e-01
8.288483271542460e-01	-9.860448950205140e-01	-5.351039230302700e-01
9.705516352576110e-01	-9.860316463475860e-01	-5.393107788495670e-01
1.107870082050510e+00	-9.585035606932000e-01	-5.388034033093170e-01
1.240071313295780e+00	-9.061620548812010e-01	-5.347868998116110e-01
1.377225882328140e+00	-8.681926518455980e-01	-5.573073751993720e-01
1.506117154581460e+00	-7.953674478521440e-01	-5.674793914569250e-01
1.639325157605970e+00	-7.238553786535100e-01	-6.000417380993430e-01
1.760786081137170e+00	-6.258550899661100e-01	-6.298607780130850e-01
1.863329109552490e+00	-4.911161678388730e-01	-6.441321912299590e-01
1.970039501912140e+00	-3.656733019888710e-01	-6.934932639845830e-01
2.028707971375410e+00	-1.984360823289650e-01	-7.034503535066800e-01
2.069084104775310e+00	-3.100001547526170e-02	-7.412762652151460e-01
1.885574660689550e+00	1.090663257102380e-01	-8.432001215993890e-01
1.852353550324560e+00	2.699905511576610e-01	-8.842470536482630e-01
1.768334682008750e+00	4.156050409983210e-01	-8.747915552647690e-01
1.655259395476420e+00	5.329144038053930e-01	-8.488736548643770e-01
1.532306015514830e+00	6.423607038532540e-01	-8.517393116460240e-01
1.392503994586070e+00	7.099879776413420e-01	-8.211047922106300e-01
1.248902829937380e+00	7.435959486265110e-01	-7.809975494587850e-01
1.107363520186210e+00	7.717479352483360e-01	-7.644930950496520e-01
9.680483797253290e-01	7.890178462721220e-01	-7.571092872468780e-01
8.319287397978790e-01	7.723289034303130e-01	-7.363189702622290e-01
6.959996813694110e-01	7.585374859981420e-01	-7.415631496441280e-01
5.634121847108590e-01	7.266251275215800e-01	-7.465259787741210e-01
4.333006690925010e-01	6.800718365130890e-01	-7.594801503203360e-01
3.175909750204400e-01	5.916098442340610e-01	-7.421740681916530e-01
1.981888385718280e-01	5.021146589685680e-01	-7.516103888281120e-01
7.167401978387750e-02	4.303412843841040e-01	-8.169306512242660e-01
-3.046160150423970e-02	3.080063809830130e-01	-8.471795829696870e-01
-1.164881564874070e-01	1.668083919484190e-01	-8.853303955687040e-01
-1.472532587432670e-01	-2.691516248938220e-03	-8.559492650372470e-01
-1.420645053695790e-01	-1.644248016865100e-01	-8.429545870564130e-01
-1.126875824182410e-01	-3.251532887409570e-01	-8.174518490684330e-01
-4.403057673752850e-02	-4.717355699487010e-01	-7.872632319332040e-01
4.509307607186960e-02	-6.088537332250280e-01	-7.828841699869860e-01
1.641539020185570e-01	-7.129087347669540e-01	-7.523013838433250e-01
2.952703924161850e-01	-7.967747955851000e-01	-7.279718138467110e-01
4.342211185049180e-01	-8.542677901173290e-01	-7.014424957100980e-01
5.746564938528180e-01	-9.027352486324000e-01	-6.915311638293370e-01
7.159668857492170e-01	-9.020473626492300e-01	-6.560714966100450e-01
8.533576900789390e-01	-9.011418673936040e-01	-6.439277437480660e-01
9.911041243512160e-01	-9.014342228542470e-01	-6.526396730779510e-01
1.124866565903480e+00	-8.754425347649670e-01	-6.571909597216750e-01
1.253270141597490e+00	-8.229965435483820e-01	-6.567501473553980e-01
1.383650162266260e+00	-7.751185936933630e-01	-6.815047985616920e-01
1.507257265918750e+00	-7.026013615817190e-01	-7.050941300344860e-01
1.627036246865100e+00	-6.173774396295420e-01	-7.419603779922110e-01
1.721888580928630e+00	-4.922338822796830e-01	-7.516471490725650e-01
1.803834190861200e+00	-3.565426204265550e-01	-7.729161289566260e-01
1.859188143355630e+00	-2.078157283152340e-01	-7.913478536661540e-01
1.893960465955600e+00	-5.365727207141600e-02	-8.259010729860020e-01
1.723218701228570e+00	7.475616367198040e-02	-9.216383300390610e-01
1.680043791667770e+00	2.276749558227040e-01	-9.372100011417930e-01
1.596161048287300e+00	3.613508919404010e-01	-9.178971366126360e-01
1.496231830288060e+00	4.847547552995900e-01	-9.366603913828330e-01
1.368798087959750e+00	5.743671838859990e-01	-9.126696954983590e-01
1.232396979204930e+00	6.331980337421990e-01	-8.852178126551750e-01
1.092754989492550e+00	6.780769312206210e-01	-8.777159733209920e-01
9.528598635343550e-01	6.795323776092860e-01	-8.435693262608910e-01
8.145214944314610e-01	6.706935069434690e-01	-8.312362997960630e-01
6.762765605679660e-01	6.635644412721330e-01	-8.541935748301330e-01
5.449611867220730e-01	6.162216652866370e-01	-8.529098898468100e-01
4.253902373161310e-01	5.408044794007800e-01	-8.406646565983360e-01
3.106658852508790e-01	4.459462074824120e-01	-8.333551370403510e-01
1.989017734358910e-01	3.479073942157770e-01	-8.701192964665460e-01
9.911746879876590e-02	2.422211615300680e-01	-9.332510422746410e-01
3.653823711739610e-02	9.533986037578170e-02	-9.479235555571620e-01
2.080733862449370e-02	-6.457809215338660e-02	-9.149646842168050e-01
3.547882775168610e-02	-2.152181473633780e-01	-8.886197978724930e-01
8.691057738778500e-02	-3.644974673031220e-01	-8.603147299393410e-01
1.613446479360410e-01	-5.032506107972610e-01	-8.535498014271990e-01
2.638715647235200e-01	-6.206076238397270e-01	-8.439735358846850e-01
3.879428217818900e-01	-7.071106667988340e-01	-8.189108003547720e-01
5.213560737829860e-01	-7.740497016368580e-01	-8.036799955174130e-01
6.610133005570580e-01	-8.047468433279740e-01	-7.760359530960830e-01
8.006111997272970e-01	-8.152384058848120e-01	-7.569040157718150e-01
9.386792292464030e-01	-8.105011145557480e-01	-7.513035013024410e-01
1.075596449852590e+00	-7.950885870200490e-01	-7.636774551537290e-01
1.204700609972620e+00	-7.407992056768630e-01	-7.578626075502660e-01
1.331116797524990e+00	-6.818967200300630e-01	-7.771604679167250e-01
1.446605061709710e+00	-5.963852886060240e-01	-7.931602371124050e-01
1.547579036447810e+00	-4.883689401326220e-01	-8.080641178489500e-01
1.635139644610410e+00	-3.695408936642930e-01	-8.403164610945470e-01
1.704551491121300e+00	-2.375816838148080e-01	-8.901377441387860e-01
1.729914185524430e+00	-8.202093910833320e-02	-9.032047127736540e-01
1.561264487780270e+00	4.417329624737220e-02	-9.552307251488850e-01
1.518973736625640e+00	1.879798505927870e-01	-9.728501841276110e-01
1.438484541286550e+00	3.146511125363410e-01	-9.644612337873290e-01
1.331755123117470e+00	4.167542733186290e-01	-9.498542053735090e-01
1.207965310030600e+00	4.913801170770400e-01	-9.328620257691730e-01
1.074633339173830e+00	5.430103100136640e-01	-9.284889875541330e-01
9.373648636718260e-01	5.576056627075900e-01	-9.063439988849220e-01
7.994994786131700e-01	5.584919544278980e-01	-9.128808977528920e-01
6.613035213746160e-01	5.444590271347210e-01	-9.452289569754760e-01
5.399108969455970e-01	4.705610841873970e-01	-9.110947914243060e-01
4.288989451003970e-01	3.821107613225190e-01	-8.959292522218050e-01
3.195906729593670e-01	2.936542958333260e-01	-9.450020631050630e-01
2.287633851445280e-01	1.786846993017350e-01	-1.005543966359670e+00
1.882120499380910e-01	2.791276460216750e-02	-9.797471207120980e-01
1.740956188819320e-01	-1.252225648653140e-01	-9.859855673810550e-01
2.085050558036750e-01	-2.716132520244130e-01	-9.442637258628330e-01
2.728216772904590e-01	-4.058225769729220e-01	-9.236266832372840e-01
3.677002651447850e-01	-5.162326400227710e-01	-8.954257671711330e-01
4.808413386658760e-01	-6.137851785765950e-01	-8.943316148139580e-01
6.098111398070040e-01	-6.878396544155090e-01	-8.968503367111220e-01
7.477362116599620e-01	-7.099471488355280e-01	-8.618535227940610e-01
8.862687903790470e-01	-7.163687005727430e-01	-8.522828052124760e-01
1.022498880238380e+00	-6.970928292292140e-01	-8.493345665275770e-01
1.151362786593950e+00	-6.461795917102090e-01	-8.425436871397760e-01
1.277671537859610e+00	-5.925382909411970e-01	-8.779177171064470e-01
1.382729853078160e+00	-4.923921559603070e-01	-8.787736408184590e-01
1.473185032530770e+00	-3.812085446388640e-01	-9.040064404037780e-01
1.540479803700870e+00	-2.529225575401020e-01	-9.383426039638290e-01
1.568980148396100e+00	-1.052626362894980e-01	-9.474998138184570e-01
1.410694566338000e+00	1.608931371111030e-02	-9.788732258030560e-01
1.369434033946570e+00	1.509174808136410e-01	-1.004686457614980e+00
1.286817413000930e+00	2.651504986063950e-01	-9.888026458567350e-01
1.177724712056480e+00	3.484053272659340e-01	-9.613910809335760e-01
1.053455694915480e+00	4.017783612930600e-01	-9.437613241834560e-01
9.214781366562880e-01	4.264822267758100e-01	-9.390476370604880e-01
7.873176531702280e-01	4.242192327656620e-01	-9.476917637809360e-01
6.593829397566510e-01	3.884320451274760e-01	-9.581658978966190e-01
5.445588565697480e-01	3.166510101981460e-01	-9.541653195744090e-01
4.433961313536780e-01	2.251491830553220e-01	-9.796285646139930e-01
3.701334440963410e-01	1.059848684437740e-01	-9.978960925416680e-01
3.368674549333170e-01	-3.248443534279950e-02	-9.842781103344060e-01
3.385796792597870e-01	-1.749215159614850e-01	-9.923224010049930e-01
3.869231860348900e-01	-3.064274141905900e-01	-9.614446655770990e-01
4.685752803451760e-01	-4.171067745427260e-01	-9.360031017375110e-01
5.738461317028290e-01	-5.110913184344380e-01	-9.399320415447010e-01
6.992936965458330e-01	-5.701564631634590e-01	-9.287383768888650e-01
8.331397591435120e-01	-5.983904361290260e-01	-9.263706949732470e-01
9.670225799718910e-01	-5.844168809989130e-01	-9.115795696493910e-01
1.095211850887380e+00	-5.436904290339660e-01	-9.119410350629970e-01
1.214144155725930e+00	-4.820277350442860e-01	-9.400774162358300e-01
1.313156872694090e+00	-3.866742235188290e-01	-9.618326516628300e-01
1.384190131456610e+00	-2.653801433414350e-01	-9.803182851998720e-01
1.415531681561380e+00	-1.244543476915070e-01	-9.729610398207800e-01
1.272259594584730e+00	-1.061657922775030e-02	-1.017373684221340e+00
1.224208711615870e+00	1.205006629708550e-01	-1.032946753315880e+00
1.131044386986750e+00	2.238646054668970e-01	-1.019122094984450e+00
1.010173496225590e+00	2.879736173233790e-01	-1.007515127754050e+00
8.763361692597390e-01	3.096929584828860e-01	-1.004139390123480e+00
7.447042833337950e-01	2.823950403503890e-01	-9.881514460834500e-01
6.258783713398270e-01	2.186077197657840e-01	-9.972619374748340e-01
5.324034080072530e-01	1.190306842924250e-01	-1.021463272713300e+00
4.841772949389750e-01	-1.163103610288900e-02	-1.004552179081370e+00
4.808805876916540e-01	-1.509687398479870e-01	-1.013479472407570e+00
5.324848340382970e-01	-2.772654923339930e-01	-9.806062784649990e-01
6.230429635837300e-01	-3.815245278013090e-01	-9.773886902327350e-01
7.436351068268780e-01	-4.438288778113040e-01	-9.587490715867330e-01
8.773089731835280e-01	-4.663416023151730e-01	-9.574866950014480e-01
1.007299132792800e+00	-4.313238855938230e-01	-9.278004329256610e-01
1.128373064236350e+00	-3.779005965668940e-01	-9.689151163265960e-01
1.219175702248040e+00	-2.762535288691080e-01	-9.834788783778070e-01
1.270166028269560e+00	-1.490933293745830e-01	-1.000955848706710e+00
1.135938332984570e+00	-3.487703710089190e-02	-1.017811179878560e+00
1.079191920299640e+00	8.943781504411990e-02	-1.054044305161400e+00
9.661015959597520e-01	1.656143471784830e-01	-1.040399249616790e+00
8.307632996910910e-01	1.776466961575060e-01	-1.041832109247630e+00
7.087929839531100e-01	1.188522817881410e-01	-1.027348935496210e+00
6.307043266987150e-01	8.053740252116500e-03	-1.015872476553630e+00
6.168354883587510e-01	-1.274509133794410e-01	-1.023892277243000e+00
6.764589967440000e-01	-2.462726732785660e-01	-9.924096654936340e-01
7.880531904534690e-01	-3.226894662311460e-01	-9.881226252361260e-01
9.214075663721710e-01	-3.302350858612060e-01	-9.744346308914280e-01
1.043794605174310e+00	-2.772922911097820e-01	-9.909478160921710e-01
1.123053988427690e+00	-1.692506165344180e-01	-1.006686264926960e+00
1.005925266240330e+00	-5.911800438773060e-02	-1.038811448955840e+00
9.213445805998920e-01	4.010977143668520e-02	-1.023977869009860e+00
7.931104742044360e-01	1.796058214867240e-02	-1.030336263680840e+00
7.478827681180510e-01	-1.046854112888720e-01	-1.033302240607480e+00
8.323804577531450e-01	-1.999822021545740e-01	-9.986289670714090e-01
9.602335699146420e-01	-1.795879538808760e-01	-1.011393264496090e+00
8.768431993929460e-01	-8.205159675062510e-02	-1.037790560396150e+00
-1.439844859085030e+00	5.962339339542950e-02	8.576581129668700e-01
-1.341176523831140e+00	1.418144734780430e-01	8.452862992606600e-01
-1.446344347444220e+00	2.005392871158000e-01	8.797983757763150e-01
-1.419348501406520e+00	-6.915917141847360e-02	8.567091968955100e-01
-1.329333630986790e+00	1.262286625842450e-02	8.259483593350900e-01
-1.243302120802690e+00	2.259490116012440e-01	7.865738487977480e-01
-1.341464992718370e+00	3.107297748254110e-01	8.229761155420790e-01
-1.469651648692820e+00	3.392924438801590e-01	8.557044060544260e-01
-1.398292645628490e+00	-2.040185905066380e-01	8.265352345503150e-01
-1.290810717110960e+00	-1.495243734321340e-01	8.170928109540420e-01
-1.216336321073510e+00	-3.084562799467720e-02	7.764879287208290e-01
-1.207990776967180e+00	1.016205286735500e-01	7.544587868302980e-01
-1.173836623342500e+00	2.901811496244140e-01	6.940833047114510e-01
-1.252620813633900e+00	3.820164233566500e-01	7.257455255639840e-01
-1.363160757693270e+00	4.417164019988140e-01	7.642055127189670e-01
-1.491123116816060e+00	4.650451079406370e-01	7.977950790580310e-01
-1.273772868754480e+00	-3.056991383011770e-01	7.728751796564620e-01
-1.160086225697550e+00	-2.054551074937990e-01	7.615832741932970e-01
-1.114241663812770e+00	-7.941613758241720e-02	7.021933361547220e-01
-1.113378708233710e+00	5.046523209870390e-02	6.654104026085450e-01
-1.130478287248070e+00	1.778226247006650e-01	6.711800158274880e-01
-1.107945678756440e+00	3.509569253644690e-01	6.118643049522810e-01
-1.177746938440550e+00	4.394145940292730e-01	6.360518030262310e-01
-1.277492151748220e+00	5.046768243514490e-01	6.543552824699660e-01
-1.385477723356480e+00	5.579381259995010e-01	6.941665065707480e-01
-1.510090924880530e+00	5.834529450891470e-01	7.384646412674970e-01
-1.259236625604070e+00	-4.320135291547460e-01	6.744357569005700e-01
-1.133256688801820e+00	-3.675759593599970e-01	6.971357157304190e-01
-1.064504786777020e+00	-2.421058013992760e-01	6.503617156193720e-01
-1.036257058015510e+00	-1.182964619559990e-01	6.087859858933140e-01
-1.041568137834260e+00	1.246466198840750e-03	5.735742961776050e-01
-1.046965497281640e+00	1.278857088014330e-01	5.653355560423600e-01
-1.073511207252960e+00	2.462299665254800e-01	5.798068147957560e-01
-1.050226057268660e+00	4.044438392681550e-01	5.255500759117010e-01
-1.125777497027780e+00	4.872076201312260e-01	5.389379010210740e-01
-1.211761942942510e+00	5.671026475930980e-01	5.664726966464010e-01
-1.316220610111300e+00	6.322732615181350e-01	5.982484731519680e-01
-1.423754014050080e+00	6.986862250118230e-01	6.660880231458010e-01
-1.570661140399100e+00	7.097455087907360e-01	6.925676594433810e-01
-1.319038294418700e+00	-5.808908289441080e-01	5.975992942643690e-01
-1.192425343456250e+00	-5.249263268682240e-01	5.762009296924920e-01
-1.074119198997850e+00	-4.334474211245750e-01	5.618553006649910e-01
-9.838852881846990e-01	-3.248183894550810e-01	5.465025936652690e-01
-9.293562772277140e-01	-1.955189298395520e-01	5.363502902851070e-01
-9.323646001591210e-01	-6.200082804290260e-02	5.045552043773110e-01
-9.388025711257480e-01	6.586029907915450e-02	4.937627505671350e-01
-9.742565131293760e-01	1.855888522516770e-01	4.862877613686600e-01
-1.015496253920290e+00	2.995903603168080e-01	4.985603805350730e-01
-1.013507847905930e+00	4.424574296453300e-01	4.281805438182180e-01
-1.076311775917090e+00	5.322210062559770e-01	4.445059592335280e-01
-1.171605360990900e+00	6.006260709022300e-01	4.548681307468540e-01
-1.262440981499140e+00	6.760126624693290e-01	4.852746392214260e-01
-1.360522608291040e+00	7.544721029653530e-01	5.353043712802370e-01
-1.484921282106170e+00	8.108160093263120e-01	5.839525635142620e-01
-1.632664488015180e+00	8.347510797450320e-01	6.281360739411550e-01
-1.273522484423120e+00	-6.586508941541190e-01	4.600732289058420e-01
-1.131122728825450e+00	-5.864921059373170e-01	4.408991278861730e-01
-1.010440140174590e+00	-5.025406889589050e-01	4.329396316279140e-01
-8.895920050877990e-01	-4.131917599607430e-01	4.529374616281470e-01
-8.126889629237450e-01	-2.866654296231500e-01	4.958546574575110e-01
-7.940979854737320e-01	-1.311184255548590e-01	4.815691598669630e-01
-8.012898761354570e-01	1.423435694631320e-02	4.683145835857450e-01
-8.472936579713320e-01	1.313126085210920e-01	4.177163056340180e-01
-9.259542522980570e-01	2.329059301186630e-01	3.979192352155260e-01
-9.848969674811900e-01	3.422447318577380e-01	4.024026161842430e-01
-9.784757192366560e-01	4.783655394693570e-01	3.300411118739180e-01
-1.051784061354820e+00	5.566391249142460e-01	3.376387148954250e-01
-1.139054100267260e+00	6.236889242542130e-01	3.474336196238960e-01
-1.227575798405680e+00	6.946911589890220e-01	3.670833278701700e-01
-1.314193949823360e+00	7.773374388598330e-01	4.037573626195440e-01
-1.411919548548120e+00	8.622975048659640e-01	4.510929975913000e-01
-1.535560962693350e+00	9.395269824362700e-01	5.092068979374060e-01
-1.698423929167280e+00	9.554867429849850e-01	5.399272301027870e-01
-1.861138497480270e+00	9.300526693341650e-01	5.528711390870330e-01
-1.353955476792050e+00	-7.622709313426710e-01	3.228612576332780e-01
-1.217415600295390e+00	-6.853173530609990e-01	3.040500093325130e-01
-1.078237402409420e+00	-6.274202043113290e-01	2.926860218188920e-01
-9.448723681590660e-01	-5.749956772281940e-01	3.081709716890320e-01
-8.025247763118920e-01	-5.169734593652990e-01	3.704645333615470e-01
-7.983993877257700e-01	1.981185085280510e-01	3.251397709743410e-01
-8.997937153019200e-01	2.787893822865300e-01	2.989020281381570e-01
-9.328362048955910e-01	3.893094898546530e-01	3.134439451866670e-01
-9.669153449929040e-01	4.997469043083430e-01	2.268101562419650e-01
-1.037699687177270e+00	5.765651641941570e-01	2.346028901429840e-01
-1.115649303195710e+00	6.517678097757950e-01	2.470927137772640e-01
-1.185732801740080e+00	7.393363832006440e-01	2.703416230403280e-01
-1.271665122723660e+00	8.242472017350430e-01	2.969259562519750e-01
-1.386549911496510e+00	8.935497978852520e-01	3.206287285267100e-01
-1.507658915879490e+00	9.768784924604270e-01	3.607043852254070e-01
-1.654422034033510e+00	1.044461006143940e+00	4.015203559441230e-01
-1.830018199398390e+00	1.050622091583470e+00	4.218902608150620e-01
-2.001175314149970e+00	1.050943482978070e+00	4.626323405192870e-01
-1.250793842215740e+00	-7.726630681368650e-01	1.720564468602320e-01
-1.089422008204920e+00	-7.354421515491860e-01	1.709881440733170e-01
-9.431419075267030e-01	-6.823229791749790e-01	1.745068371689690e-01
-7.881182017177190e-01	-6.651467036513250e-01	2.349661752870200e-01
-7.673314949299070e-01	2.319469028653160e-01	2.164629973330120e-01
-8.446111829012120e-01	3.265223411356600e-01	2.121516826191240e-01
-9.068826980418550e-01	4.169255993707420e-01	2.186368746122020e-01
-9.572016452906140e-01	5.193564171302000e-01	1.254374630054560e-01
-1.038671175784220e+00	5.818523285186120e-01	1.329528822522870e-01
-1.103369682973340e+00	6.678002752578880e-01	1.441653546722210e-01
-1.172613955511680e+00	7.542724873755450e-01	1.581125052921080e-01
-1.249217347621740e+00	8.436655115104760e-01	1.793993195603370e-01
-1.345154610082620e+00	9.326248234887860e-01	1.995572843106250e-01
-1.459495032604770e+00	1.020041793965630e+00	2.259715513380950e-01
-1.614351827966450e+00	1.066478534416390e+00	2.414458303536240e-01
-1.777237719274460e+00	1.124383935841040e+00	2.659448640827370e-01
-1.957976164358570e+00	1.125436343067490e+00	2.782007233453460e-01
-1.295725675622410e+00	-8.402663514428460e-01	2.173807584499140e-02
-1.137358186597630e+00	-7.794960424319600e-01	1.833683858941230e-02
-9.715866859327000e-01	-7.572804772112570e-01	2.501900347679940e-02
-8.041926678707670e-01	-7.591987556716720e-01	5.049725281956630e-02
-7.457688574655440e-01	2.814315445964430e-01	1.170077093369450e-01
-8.510518994509200e-01	3.393033824540900e-01	1.038491637266400e-01
-8.995236727450570e-01	4.398397794859840e-01	1.160780496143040e-01
-9.451607042386660e-01	5.413522677397090e-01	2.621795213680010e-02
-1.028957407362070e+00	6.065284829339820e-01	3.304252729159690e-02
-1.088396568777260e+00	6.961104064972410e-01	4.426986636953940e-02
-1.142551658246330e+00	7.976040312555770e-01	5.847686742813010e-02
-1.233700214462330e+00	8.793831413764940e-01	6.815882164474680e-02
-1.329068783625380e+00	9.763299707976590e-01	8.056772302306230e-02
-1.457845941081380e+00	1.053173300876020e+00	9.047318605691520e-02
-1.609075845859050e+00	1.123443030444410e+00	9.939969415332550e-02
-1.785834311905820e+00	1.148750869010420e+00	1.026853469992860e-01
-1.965685869176780e+00	1.144062853443550e+00	1.024247636113890e-01
-2.141223516970540e+00	1.106362756568860e+00	9.793096265901010e-02
-1.299701349345230e+00	-8.326557321776360e-01	-1.426137387930530e-01
-1.131256336643910e+00	-7.649258615395680e-01	-1.325978582068650e-01
-9.611376620233670e-01	-7.694000069009530e-01	-1.341896922457950e-01
-7.873445313884220e-01	-7.808277470380250e-01	-1.390767027851830e-01
-7.501692839310560e-01	2.841889687019550e-01	-5.040270651296330e-03
-8.438433560669370e-01	3.603007563199270e-01	3.903445261229940e-03
-8.681603876160410e-01	4.694015932747480e-01	1.760428602571740e-02
-9.303989565075490e-01	5.657685072469300e-01	-7.560395538063530e-02
-1.003454048671940e+00	6.395675431061600e-01	-6.704787786816130e-02
-1.074203620715790e+00	7.187541704696380e-01	-5.835677197395400e-02
-1.145232493965140e+00	8.067435655115380e-01	-5.259920163874040e-02
-1.231506799429810e+00	8.912829728076500e-01	-4.934195754485940e-02
-1.334045362333280e+00	9.765057954432780e-01	-4.823513021513780e-02
-1.454648560693790e+00	1.064510643619770e+00	-4.999657213332560e-02
-1.607519973939660e+00	1.124120528464180e+00	-5.389182772453210e-02
-1.779839914129050e+00	1.145952105289470e+00	-5.977017827724830e-02
-1.961480318818770e+00	1.167838089955910e+00	-7.427383131863820e-02
-2.126978734431190e+00	1.108766323193810e+00	-8.865090551775640e-02
-1.304731426795730e+00	-7.759869969881710e-01	-2.940029972755890e-01
-1.136461639359540e+00	-7.271633773148630e-01	-2.813730500589270e-01
-9.738225352882680e-01	-7.311325896710170e-01	-2.924002808748550e-01
-7.986069950195650e-01	-7.256772996733910e-01	-3.178427694591140e-01
-7.541916960589100e-01	2.992774366342580e-01	-1.173321254024830e-01
-8.126480518127830e-01	3.929253829095440e-01	-1.013453753984240e-01
-8.606943499770570e-01	4.879804962971500e-01	-8.759194123684480e-02
-9.282950555700500e-01	5.807519427767970e-01	-1.827860634408900e-01
-1.012907877208200e+00	6.504137393920470e-01	-1.708110024646130e-01
-1.098151791286600e+00	7.196549893202260e-01	-1.635514028489300e-01
-1.175890253706930e+00	8.044524840608720e-01	-1.632384368177510e-01
-1.260297704296390e+00	8.972283387203370e-01	-1.691388908418620e-01
-1.365722262243820e+00	9.871008443283340e-01	-1.795330921925670e-01
-1.502607418712820e+00	1.055155813459410e+00	-1.923191497849380e-01
-1.665259733773680e+00	1.079277219152730e+00	-2.003880918978140e-01
-1.829347909056440e+00	1.132048914605260e+00	-2.313577821129590e-01
-2.000674301246250e+00	1.089970653054090e+00	-2.474130718973240e-01
-1.257788576401960e+00	-6.874467819185270e-01	-4.247151588046830e-01
-1.089820455093970e+00	-6.707443935855180e-01	-4.323156352082210e-01
-9.290668064753390e-01	-6.398129966618980e-01	-4.418893487759650e-01
-7.727450106980170e-01	-5.917904831934910e-01	-4.789586576606720e-01
-7.656459893248260e-01	2.924269789188830e-01	-2.328113265271520e-01
-8.109828036721090e-01	3.997513214196980e-01	-2.122197502881480e-01
-8.526900382118540e-01	5.028214985533240e-01	-1.967488134348480e-01
-9.453500418776100e-01	5.828521629536260e-01	-2.928227720686760e-01
-1.043186382086540e+00	6.405256619386780e-01	-2.739962729569100e-01
-1.118976849773900e+00	7.208081819253800e-01	-2.720491574201490e-01
-1.201670822969700e+00	8.019276066793670e-01	-2.765084044475990e-01
-1.297547940950010e+00	8.836544020386850e-01	-2.878538883140520e-01
-1.409887757434050e+00	9.601225711632530e-01	-3.077798462623840e-01
-1.548706704777970e+00	1.012153419606400e+00	-3.275902987127130e-01
-1.702730751240880e+00	1.037941765289570e+00	-3.500122965780830e-01
-1.861069397555750e+00	1.026861932679630e+00	-3.743994475239390e-01
-1.366528568064630e+00	-6.260340464572620e-01	-5.674268852520940e-01
-1.216413155192420e+00	-5.934030494192380e-01	-5.496878606743190e-01
-1.062135897053730e+00	-5.624338184234370e-01	-5.557835221305760e-01
-9.183901599173550e-01	-5.059657736042030e-01	-5.659435648441730e-01
-7.958881630140440e-01	-4.027269067118130e-01	-5.710347967043830e-01
-7.269121436293910e-01	-2.593058675163760e-01	-5.585200482727110e-01
-7.147121752940970e-01	-9.039532566304390e-02	-4.971018733543160e-01
-7.091111081922850e-01	5.749182783643690e-02	-4.738795192577290e-01
-7.499806342887390e-01	1.831509216249240e-01	-4.035814790951210e-01
-8.070192966419210e-01	2.755437147113760e-01	-3.418142556087970e-01
-8.675709541973890e-01	3.743964003616120e-01	-3.108007948610460e-01
-8.861555055692630e-01	4.908895755041960e-01	-3.051250962124290e-01
-1.000831049691010e+00	5.525135700098420e-01	-3.894691032604110e-01
-1.089292027728610e+00	6.242856619278510e-01	-3.736645031262280e-01
-1.166128906145310e+00	7.101247594764130e-01	-3.767642568260620e-01
-1.266628523628500e+00	7.785196459476840e-01	-3.807907376753350e-01
-1.367134231537260e+00	8.606520113151570e-01	-4.073220627709790e-01
-1.490652939754870e+00	9.283168549271010e-01	-4.403239194446330e-01
-1.640563927484950e+00	9.438455190780570e-01	-4.599371270120990e-01
-1.792318960999740e+00	9.148481097130630e-01	-4.729835999548010e-01
-1.280083507978130e+00	-5.005672036174510e-01	-6.658020020412720e-01
-1.128470489650540e+00	-4.642092222912300e-01	-6.660588685353880e-01
-9.887377906330660e-01	-3.976290053386610e-01	-6.702680172085290e-01
-8.903433348547510e-01	-2.866256801607290e-01	-6.359163679006910e-01
-8.485111646057550e-01	-1.573780955664690e-01	-5.726387794354470e-01
-8.153022740043010e-01	-1.196536216792420e-02	-5.464066803243610e-01
-8.228346956538890e-01	1.226410965854020e-01	-4.994645515778600e-01
-8.703142451647630e-01	2.335080713631660e-01	-4.454120601524810e-01
-9.058877290589490e-01	3.469793313275830e-01	-4.186068486258080e-01
-9.331918899055730e-01	4.633835586759740e-01	-4.081828801933450e-01
-1.060014115227960e+00	5.184672556511690e-01	-4.836890977623340e-01
-1.133299238838820e+00	6.087671261555630e-01	-4.780826186229390e-01
-1.228605977220530e+00	6.765179352402680e-01	-4.743762169363580e-01
-1.333289754384160e+00	7.457474165391720e-01	-4.870654056310250e-01
-1.437754061153120e+00	8.255223587530840e-01	-5.322587131013500e-01
-1.575994486214750e+00	8.525671405362990e-01	-5.614417904535630e-01
-1.719911315663970e+00	8.360997521694230e-01	-5.863579333025680e-01
-1.344178242685700e+00	-3.772847780065760e-01	-7.352829147711110e-01
-1.200110031612730e+00	-3.500421354082200e-01	-7.466588823715770e-01
-1.067643857364920e+00	-2.826398421921150e-01	-7.441824910081120e-01
-9.762757289414360e-01	-1.754090303091660e-01	-7.036128769980330e-01
-9.199540671486970e-01	-4.930094359994520e-02	-6.606579486549190e-01
-8.985313804807970e-01	8.285799402705410e-02	-6.165384658800080e-01
-9.187113303102460e-01	2.046663403204030e-01	-5.632562340429650e-01
-9.488198055817790e-01	3.210123550040450e-01	-5.277933261882260e-01
-9.938945999572480e-01	4.310243158068440e-01	-5.047534942884860e-01
-1.104685695845620e+00	5.005482799088590e-01	-5.914081652301280e-01
-1.176781271843620e+00	5.933471106445930e-01	-5.920175511436310e-01
-1.273617905588120e+00	6.655609537366760e-01	-5.984207029363880e-01
-1.389625153783880e+00	7.152727556643350e-01	-6.114708194058500e-01
-1.510060239260200e+00	7.605838009180090e-01	-6.601026119943540e-01
-1.648677000970580e+00	7.354379505211330e-01	-6.687004953196610e-01
-1.404195471693600e+00	-2.467294187062910e-01	-7.757032714706280e-01
-1.271447814915940e+00	-2.265704299303930e-01	-7.917973365688920e-01
-1.148977832351650e+00	-1.644416222616820e-01	-7.879791522399130e-01
-1.054372684604330e+00	-6.723452524382250e-02	-7.692177336937950e-01
-9.881218859308170e-01	5.531156829247190e-02	-7.497653146826040e-01
-9.826418643421090e-01	1.774625560517730e-01	-6.866060092255460e-01
-9.909836596960480e-01	3.018288739244650e-01	-6.545954905633330e-01
-1.046358234072740e+00	4.020962122472350e-01	-6.100487163371560e-01
-1.174105187483790e+00	4.611741585516220e-01	-6.837467562699910e-01
-1.250801782643270e+00	5.615872549405150e-01	-6.988074832070010e-01
-1.370617905082600e+00	6.145419553628400e-01	-6.973367946366370e-01
-1.499114024128390e+00	6.435816884707270e-01	-7.298535710498620e-01
-1.633566991494730e+00	6.057930027508170e-01	-7.301383992473790e-01
-1.417149494542250e+00	-1.181367825745820e-01	-8.151079121031280e-01
-1.287986143064440e+00	-8.365564406138280e-02	-8.083528597822060e-01
-1.176424218132790e+00	-6.115583559298600e-03	-8.177062531094860e-01
-1.107048686315940e+00	1.086722228343040e-01	-7.885399564965880e-01
-1.083885164899130e+00	2.374679087004890e-01	-7.543119363418950e-01
-1.106622714004550e+00	3.609059458239000e-01	-7.182642120305360e-01
-1.260506515005440e+00	4.063312294895230e-01	-7.569637882711910e-01
-1.360739543844810e+00	4.871790013141350e-01	-7.505968436424880e-01
-1.489369822296560e+00	5.120064129368920e-01	-7.576171320072730e-01
-1.613109297248300e+00	4.730460064970110e-01	-7.854759283054350e-01
-1.432230437277080e+00	1.222106012394820e-02	-8.259275552692810e-01
-1.307450898848040e+00	5.812652249072810e-02	-8.289117854051680e-01
-1.218733642355810e+00	1.654850822029280e-01	-8.400986788230270e-01
-1.210959782123440e+00	2.895800257761840e-01	-7.808781020442830e-01
-1.361070035963140e+00	3.358818286815990e-01	-7.895824709653900e-01
-1.476427289892460e+00	3.884203213140150e-01	-7.942427444372840e-01
-1.445723924860780e+00	1.402690261325480e-01	-8.455271632823980e-01
-1.342366053517070e+00	2.158053900443990e-01	-8.311491724168460e-01
-1.460005558451230e+00	2.681840947202950e-01	-8.321470347639170e-01
-1.938101257230710e+00	-7.166640136629000e-02	9.594728953804280e-01
-1.794417020549570e+00	-5.638592411613800e-02	9.288931299677590e-01
-1.875586011439730e+00	6.429306520014430e-02	9.623833822485070e-01
-2.027282149606670e+00	5.167382233863410e-02	9.965634696051700e-01
-2.093132459619160e+00	-8.401187930426120e-02	9.612672806318930e-01
-2.004910727742200e+00	-2.086799547736190e-01	9.447368886218050e-01
-1.857703948591580e+00	-1.874158791962170e-01	9.076762416164530e-01
-1.654285932920570e+00	-4.069905134488500e-02	8.903059401347350e-01
-1.687778833339050e+00	1.014647882551150e-01	9.521199176979520e-01
-1.803328820216700e+00	2.080523894893420e-01	9.883387637900650e-01
-1.964642344144990e+00	2.342881519184820e-01	9.838054874129940e-01
-2.118471267777450e+00	1.822186434127180e-01	9.823145314193020e-01
-2.213375237633760e+00	6.032529108421640e-02	9.372559773004490e-01
-2.222405400366110e+00	-8.490030783717260e-02	8.827504397648380e-01
-2.180295892477570e+00	-2.305366960992760e-01	8.829155908560050e-01
-2.069576004279560e+00	-3.379118263470840e-01	8.921000752972730e-01
-1.915391743056740e+00	-3.678420099641620e-01	8.930247121316280e-01
-1.770256563540850e+00	-3.102855838040860e-01	8.867188496707470e-01
-1.679193312080360e+00	-1.874863788954550e-01	8.685516544765050e-01
-1.511595889076280e+00	-2.482662928147860e-02	8.632396947181720e-01
-1.532929560398530e+00	1.152789646828150e-01	8.941560018541690e-01
-1.613114389707150e+00	2.505463119561250e-01	9.227407401877390e-01
-1.737779407794790e+00	3.495990946353690e-01	9.495750561772130e-01
-1.896110008598420e+00	3.871559916926470e-01	9.473431797257900e-01
-2.053798706277730e+00	3.706498790313840e-01	9.325623258072440e-01
-2.196981903733930e+00	3.049068422046230e-01	9.229101887831470e-01
-2.291658608723710e+00	1.915751619064810e-01	8.765293499826500e-01
-2.333603564668860e+00	5.685923055250540e-02	8.211255234449610e-01
-2.340565027545640e+00	-8.416439119584180e-02	7.960022519672870e-01
-2.309810807241700e+00	-2.237670325269030e-01	7.856216348981380e-01
-2.234867321632650e+00	-3.487069994552740e-01	7.852389477034020e-01
-2.123886740515650e+00	-4.477304217608220e-01	8.008605159142050e-01
-1.981947554864500e+00	-5.029788846707970e-01	8.200454690227000e-01
-1.819090440235130e+00	-5.143985486969600e-01	8.624263598064180e-01
-1.676589233406880e+00	-4.327110210074700e-01	8.467794008526960e-01
-1.584844496872570e+00	-3.074072313300850e-01	8.182195670241110e-01
-1.522000677988200e+00	-1.712421997393800e-01	8.235767717282440e-01
-1.560508201478870e+00	3.912546870395780e-01	8.601909169593760e-01
-1.694125371680560e+00	4.663303362685810e-01	8.491559529179080e-01
-1.836683484590090e+00	5.159172247499770e-01	8.594661108591410e-01
-1.986380068676850e+00	5.193889895290550e-01	8.566595460515530e-01
-2.141610599799870e+00	5.004397155560800e-01	8.826886893171500e-01
-2.271763199568470e+00	4.218510030899610e-01	8.536190163929790e-01
-2.354917116844880e+00	3.078124270085270e-01	7.947147675188330e-01
-2.420502436547060e+00	1.853862503936390e-01	7.612518599395790e-01
-2.474256047222580e+00	5.150715852891100e-02	7.557041781740070e-01
-2.478914842624920e+00	-8.797912399038930e-02	7.347104518362330e-01
-2.452974157169240e+00	-2.264423031828660e-01	7.252811263387310e-01
-2.393352934243810e+00	-3.563772100688710e-01	7.162466666128370e-01
-2.306200285460110e+00	-4.741775044303320e-01	7.203319144342510e-01
-2.180363940603010e+00	-5.533315557043340e-01	7.117021618859440e-01
-2.042260214481950e+00	-6.108881037282170e-01	7.188711732703350e-01
-1.893575322062360e+00	-6.238676707732150e-01	7.225576201471030e-01
-1.744933427405260e+00	-5.954962472211660e-01	7.305245680028140e-01
-1.600723961568020e+00	-5.354017181111950e-01	7.517329929714630e-01
-1.489353942940530e+00	-4.271408263504280e-01	7.600165566224620e-01
-1.410275870767850e+00	-3.099109092352820e-01	7.967561361178000e-01
-1.696757205280010e+00	5.946663819845600e-01	7.521908992812210e-01
-1.844940892972670e+00	6.359120005513460e-01	7.605694502909750e-01
-1.996091429961250e+00	6.536471804115510e-01	7.804612063379040e-01
-2.152717505554900e+00	6.303114151834760e-01	7.871209362495170e-01
-2.307715766855640e+00	5.711132503533820e-01	7.911176218084800e-01
-2.399964315040480e+00	4.507658834827870e-01	7.298111541796570e-01
-2.468693395795730e+00	3.243592890661570e-01	6.802933264888320e-01
-2.546801310735530e+00	1.976324207910510e-01	6.748334334916360e-01
-2.594009170493590e+00	5.749182668021150e-02	6.627486046172340e-01
-2.564766452670730e+00	-8.109273293178000e-02	6.209303806137460e-01
-2.564949960607270e+00	-2.270575164783450e-01	6.236088562419650e-01
-2.516000770518460e+00	-3.648975044762670e-01	6.184916280811050e-01
-2.436844386931510e+00	-4.923671526626140e-01	6.163096278591390e-01
-2.314093806398290e+00	-5.855155547465220e-01	6.018925872694260e-01
-2.174138040594060e+00	-6.516695458541950e-01	5.888397146428230e-01
-2.037220972113650e+00	-7.168336145713880e-01	6.042644608527010e-01
-1.883929413766660e+00	-7.333473801497790e-01	6.128569706331790e-01
-1.737907300989850e+00	-6.856361713904660e-01	5.983378487720450e-01
-1.593168282161410e+00	-6.288651385356640e-01	6.133585476079480e-01
-1.451896353793570e+00	-5.582012143239070e-01	6.507359714256310e-01
-1.692159228396590e+00	7.438073549886520e-01	6.884812407074470e-01
-1.850940397511310e+00	7.600936927473480e-01	6.701087274730570e-01
-2.005180512054100e+00	7.906212128463240e-01	7.009105947301330e-01
-2.166597327956840e+00	7.593654435624790e-01	6.929566086534700e-01
-2.310669373132820e+00	6.881463498063640e-01	6.730179379250910e-01
-2.430365751873890e+00	5.869668387786370e-01	6.443861981917950e-01
-2.506788330946520e+00	4.602242016439490e-01	6.002234551630490e-01
-2.581271211826740e+00	3.346231522798630e-01	5.761649900310860e-01
-2.623709193590230e+00	2.001548183207680e-01	5.470951743116460e-01
-2.632999290728370e+00	6.386202948260270e-02	5.195831769517060e-01
-2.622747079460970e+00	-7.072284923776080e-02	4.944586032366720e-01
-2.618394993299920e+00	-2.096646161787600e-01	4.888282214037250e-01
-2.593995454374480e+00	-3.486981680060000e-01	4.892799466837140e-01
-2.524592161634870e+00	-4.750386713662290e-01	4.835352676266620e-01
-2.417018953532370e+00	-5.739178246160540e-01	4.697505199780130e-01
-2.287348993694590e+00	-6.572923537597350e-01	4.544965549226900e-01
-2.160580363849140e+00	-7.315039842240220e-01	4.574609125651950e-01
-2.028323475535070e+00	-8.003070736531340e-01	4.730400903045610e-01
-1.875499270788260e+00	-8.483073934305190e-01	5.016344113023520e-01
-1.711581696590760e+00	-8.229260405139470e-01	5.071153907153870e-01
-1.575548148416710e+00	-7.334717350170280e-01	4.941099498272840e-01
-1.435179489009320e+00	-6.709661315073040e-01	5.251842463495070e-01
-1.854126291178560e+00	8.965860808363590e-01	5.823905563031160e-01
-2.015423340401350e+00	9.277477349794970e-01	6.057692490234160e-01
-2.181614838041210e+00	8.872982931654550e-01	5.913038793242700e-01
-2.308511543155490e+00	7.901422236079540e-01	5.475620278555230e-01
-2.413670455672090e+00	6.826126916662140e-01	5.117312295459660e-01
-2.512281766047000e+00	5.753255271431090e-01	4.883767309875420e-01
-2.590588230511080e+00	4.565016909174960e-01	4.644055801244540e-01
-2.619684111624840e+00	3.238290395633430e-01	4.280183060478850e-01
-2.633428816407820e+00	1.946881229353980e-01	3.992333011367400e-01
-2.659635587110150e+00	6.670177953370160e-02	3.821558623599100e-01
-2.677879485289730e+00	-6.296335829736370e-02	3.706780681292530e-01
-2.694877104670570e+00	-1.968942442385070e-01	3.716595556445220e-01
-2.658728937412470e+00	-3.277055365574510e-01	3.593496533947670e-01
-2.601110622793580e+00	-4.526073544840910e-01	3.529005080772690e-01
-2.519983076994320e+00	-5.695065024219040e-01	3.462233747868340e-01
-2.398213710854790e+00	-6.576562691830100e-01	3.308066131461610e-01
-2.273028605701850e+00	-7.313755083838320e-01	3.210428866074250e-01
-2.145283072040500e+00	-7.913492011176560e-01	3.180915439987900e-01
-2.021230697016930e+00	-8.749473527816720e-01	3.381775195439140e-01
-1.867170706291710e+00	-9.331119019929310e-01	3.622217355122470e-01
-1.698287634507970e+00	-9.251574206471870e-01	3.741059286220650e-01
-1.555946885686030e+00	-8.373582318586380e-01	3.658738720523840e-01
-1.417552538572730e+00	-7.695355070492730e-01	3.804640443092510e-01
-2.119870123376910e+00	1.046185600490360e+00	4.732407502107900e-01
-2.267125273725760e+00	9.386966293258380e-01	4.371344655959350e-01
-2.362828248564740e+00	8.042233139864270e-01	3.911051133581470e-01
-2.494708555348690e+00	7.197040222486990e-01	3.816460931945960e-01
-2.583833220778270e+00	6.014968523377140e-01	3.580163404632370e-01
-2.636756530633390e+00	4.687895565004410e-01	3.290364629966750e-01
-2.663452721792960e+00	3.356160194584020e-01	3.007604485417030e-01
-2.684872081005310e+00	2.073286292831580e-01	2.784049548122170e-01
-2.707860237474250e+00	7.549793639517990e-02	2.589612692463060e-01
-2.742117846256860e+00	-5.183460419474960e-02	2.539380442874200e-01
-2.764516715057290e+00	-1.880941513682790e-01	2.503641839691620e-01
-2.731982405058980e+00	-3.243840430576650e-01	2.368262177731510e-01
-2.659071108524370e+00	-4.466719529532740e-01	2.218747430061490e-01
-2.565623170077530e+00	-5.568993732200280e-01	2.085341498865420e-01
-2.458494229890680e+00	-6.568093689969480e-01	1.973053771291700e-01
-2.330905283613980e+00	-7.298877739077260e-01	1.847987838577250e-01
-2.215952206787830e+00	-8.194419994129180e-01	1.846580330944720e-01
-2.087826039430820e+00	-8.936714267911190e-01	1.884269716917960e-01
-1.942772641025370e+00	-9.649251825600880e-01	1.998711185696230e-01
-1.771816007048950e+00	-1.005098251593340e+00	2.142620396905420e-01
-1.606364162309050e+00	-9.483319425313600e-01	2.156259478808750e-01
-1.457578565196900e+00	-8.661063203192820e-01	2.225309211818400e-01
-1.352881892889130e+00	-7.824666642813480e-01	2.382983408983320e-01
-2.192719576080760e+00	1.036918336431360e+00	2.903709742531600e-01
-2.301919292399420e+00	9.079378416625960e-01	2.600759938723880e-01
-2.417217204697980e+00	8.124172608662320e-01	2.433553073549210e-01
-2.532373185541330e+00	7.191418320810440e-01	2.310956493325620e-01
-2.610750489679270e+00	5.986147735398800e-01	2.119947687523510e-01
-2.674384649736480e+00	4.746217017124840e-01	1.935219307855610e-01
-2.695241070377820e+00	3.423115818168290e-01	1.706520034940560e-01
-2.722058585546880e+00	2.153062773586110e-01	1.529230045759730e-01
-2.754815578435870e+00	8.885899004160520e-02	1.374671710117710e-01
-2.781583726354960e+00	-3.653515667481420e-02	1.277366013274290e-01
-2.797383239681640e+00	-1.704735697768040e-01	1.168359921661910e-01
-2.772761070567630e+00	-3.068043105704760e-01	1.026901520938220e-01
-2.692636667235570e+00	-4.253515351698160e-01	8.608669843824080e-02
-2.607500312650230e+00	-5.379959576947960e-01	7.313140913374330e-02
-2.507632268029190e+00	-6.400596177651050e-01	6.124697457215600e-02
-2.394815530635940e+00	-7.304865822924770e-01	5.092695098141240e-02
-2.267171489651020e+00	-8.014862194275210e-01	4.286912457462870e-02
-2.144307689024020e+00	-8.775219431889990e-01	3.894285190658220e-02
-2.009619745590710e+00	-9.488511195776650e-01	3.779422823327970e-02
-1.859532948164850e+00	-1.023082493640060e+00	4.269451594649730e-02
-1.683887034510060e+00	-1.017878460500070e+00	4.663769573241310e-02
-1.526496142350250e+00	-9.403890735303600e-01	5.195851547318070e-02
-1.386095989222630e+00	-8.879990972773640e-01	6.879059717106660e-02
-2.199326037693450e+00	1.075562010655010e+00	1.293439986369110e-01
-2.329768050659830e+00	9.669164719294710e-01	1.157477402745240e-01
-2.439415951636910e+00	8.571583882354050e-01	1.020119227833390e-01
-2.542451355252070e+00	7.468143075807630e-01	8.857894361478990e-02
-2.622232433655590e+00	6.237942923425610e-01	7.388487580302060e-02
-2.687438263160100e+00	4.975230662877070e-01	5.896874649429610e-02
-2.724751260280830e+00	3.658114546962250e-01	4.297030484830950e-02
-2.763588138089020e+00	2.383485128449830e-01	2.920514804215340e-02
-2.812270650314270e+00	1.116428899794580e-01	1.641729986415430e-02
-2.822535969190830e+00	-2.209214984218590e-02	4.966008498943780e-05
-2.824204710869330e+00	-1.614271497329950e-01	-1.937900511907100e-02
-2.767039604475910e+00	-2.900789473373690e-01	-3.599180361691040e-02
-2.665566614578040e+00	-3.977249998970260e-01	-4.851144694300500e-02
-2.596027367783810e+00	-5.157449901590480e-01	-6.273757348968610e-02
-2.515209678125220e+00	-6.310604411085130e-01	-7.794414752582890e-02
-2.411493420714900e+00	-7.341494191879600e-01	-9.108331149942760e-02
-2.289081354961850e+00	-8.190287918065230e-01	-1.014776353514890e-01
-2.153481731208460e+00	-8.833291157189950e-01	-1.105876822622640e-01
-2.016177421674940e+00	-9.662967591223610e-01	-1.209859863327930e-01
-1.854792154744770e+00	-1.040006807981480e+00	-1.288370568276210e-01
-1.681166377091440e+00	-1.005521697788300e+00	-1.255967647486160e-01
-1.523231294566940e+00	-9.290496161886160e-01	-1.185492152607350e-01
-1.388776603047310e+00	-8.729884789324450e-01	-1.114130542237460e-01
-2.204278613553760e+00	1.099124888303380e+00	-4.250985986699410e-02
-2.330312124228890e+00	9.832246489152430e-01	-4.356802437982540e-02
-2.441284109056300e+00	8.736470981733070e-01	-4.912602827805060e-02
-2.554400938662640e+00	7.700267182419180e-01	-5.825012713276750e-02
-2.630889462634360e+00	6.427228448722690e-01	-6.804119469574100e-02
-2.697585912795130e+00	5.156619547359230e-01	-7.992273941405970e-02
-2.735091329622540e+00	3.824974841645650e-01	-9.175035377810870e-02
-2.776210537978670e+00	2.539269047604010e-01	-1.057458027558010e-01
-2.814073447247260e+00	1.284242689635650e-01	-1.221456110953210e-01
-2.824917743556690e+00	-8.731452028485450e-03	-1.411309546378020e-01
-2.804550588625450e+00	-1.439599371033220e-01	-1.607558639242090e-01
-2.735228373736530e+00	-2.660479270732210e-01	-1.701243493185810e-01
-2.652592805634400e+00	-3.762088230205040e-01	-1.806191471402450e-01
-2.574123912640110e+00	-4.851772063780320e-01	-1.935577299626240e-01
-2.500216940603830e+00	-6.004905223402730e-01	-2.134865930020460e-01
-2.411414833361900e+00	-7.132911460213420e-01	-2.338554829876910e-01
-2.290956624579950e+00	-7.981615007405230e-01	-2.478418448956100e-01
-2.152419054188270e+00	-8.572590713847930e-01	-2.579725534280830e-01
-2.024062205244320e+00	-9.664353085619840e-01	-2.862597051453940e-01
-1.854493975852690e+00	-1.005802819804840e+00	-2.987918022802210e-01
-1.678745123538600e+00	-9.725662561674650e-01	-2.974207673140660e-01
-1.534820682347990e+00	-8.898309481247760e-01	-2.817793631026660e-01
-1.413765875050670e+00	-8.173563940751940e-01	-2.696922998662660e-01
-2.114468300277260e+00	1.077073060740700e+00	-2.107339542930760e-01
-2.263056760507880e+00	1.005224703623680e+00	-2.054290466277910e-01
-2.375087908737260e+00	8.877945887725250e-01	-1.952398374031630e-01
-2.505008680982560e+00	7.998853283780490e-01	-2.056419962336610e-01
-2.618232676643450e+00	6.903284916813810e-01	-2.158745385809940e-01
-2.680876782659110e+00	5.521570820816660e-01	-2.207667529151880e-01
-2.714266151380210e+00	4.115129677887840e-01	-2.258809876621270e-01
-2.741019914621000e+00	2.767472509686860e-01	-2.361856342746770e-01
-2.777241760414010e+00	1.471407876410230e-01	-2.573074285822110e-01
-2.766782356173590e+00	1.178248347306300e-02	-2.692853432189650e-01
-2.746465756745540e+00	-1.220891265879720e-01	-2.841807922962030e-01
-2.708740180030060e+00	-2.524440141290950e-01	-3.018914835839840e-01
-2.646386661602260e+00	-3.773040289670820e-01	-3.195568457218220e-01
-2.557432473489600e+00	-4.862208978845840e-01	-3.351858744570610e-01
-2.463493996252320e+00	-5.939307661776590e-01	-3.539838764870240e-01
-2.356538888074980e+00	-6.929751935022060e-01	-3.743760569166130e-01
-2.222984287050590e+00	-7.606154475058370e-01	-3.849745816135810e-01
-2.098013900364260e+00	-8.502548715883210e-01	-4.161119367136850e-01
-1.951481082351700e+00	-9.386151532419400e-01	-4.577790615146580e-01
-1.774924644653310e+00	-9.157381817445590e-01	-4.507687369879310e-01
-1.620309406188780e+00	-8.475069972497760e-01	-4.317225002646380e-01
-1.472775874495780e+00	-7.854127885958220e-01	-4.262304340566200e-01
-2.017078661516590e+00	1.003126627206570e+00	-3.522527466995130e-01
-2.161815746312870e+00	9.382487671033920e-01	-3.372283231025270e-01
-2.292397502899160e+00	8.684444116913010e-01	-3.334783761065090e-01
-2.414298916622580e+00	7.857121435802420e-01	-3.390066867411040e-01
-2.534039792866080e+00	6.893468317521870e-01	-3.498577694563140e-01
-2.625227974657310e+00	5.700043454788790e-01	-3.585607285657860e-01
-2.672528232080290e+00	4.331333990781380e-01	-3.598166830040410e-01
-2.698192152070370e+00	2.966457392503160e-01	-3.659791319386200e-01
-2.706241568981750e+00	1.617283175119000e-01	-3.732208877450980e-01
-2.721541928066160e+00	3.058223269852130e-02	-3.933956589728320e-01
-2.733874197121740e+00	-1.071963002380870e-01	-4.228038459030940e-01
-2.692135508871790e+00	-2.435547274860270e-01	-4.443195869284790e-01
-2.600861267126510e+00	-3.558625231087470e-01	-4.525757816186100e-01
-2.503488305999130e+00	-4.592425306009770e-01	-4.649677913981320e-01
-2.402870711994540e+00	-5.609615877596600e-01	-4.839207091295840e-01
-2.283314134336590e+00	-6.417070229123870e-01	-4.993633850632750e-01
-2.159320458305030e+00	-7.203479912680220e-01	-5.253943497228660e-01
-2.027590039865300e+00	-7.987054241043770e-01	-5.661719170467890e-01
-1.867530390886500e+00	-8.297526645574730e-01	-5.895674830716660e-01
-1.696945642814440e+00	-8.161011303924990e-01	-5.961139357795050e-01
-1.550575170758110e+00	-7.337412190532010e-01	-5.708527062052960e-01
-1.431482746534450e+00	-6.483362581220570e-01	-5.595966429475740e-01
-2.002840666260120e+00	8.859578331704870e-01	-4.609648198629290e-01
-2.144154977389300e+00	8.385294554309000e-01	-4.525795752949570e-01
-2.270688771764570e+00	7.681153136935580e-01	-4.487193269769420e-01
-2.409135352225000e+00	7.022172654682700e-01	-4.713483652008140e-01
-2.518667396650550e+00	5.956580457020590e-01	-4.823718642993240e-01
-2.605535633833270e+00	4.715554817342330e-01	-4.945925420398150e-01
-2.676407596794170e+00	3.370292535103040e-01	-5.134110969125880e-01
-2.666036215415550e+00	1.885126711984710e-01	-5.054159412224720e-01
-2.696253643396370e+00	5.032679650616600e-02	-5.353305718871340e-01
-2.682324098790540e+00	-9.533724892409320e-02	-5.628367185163590e-01
-2.604620788471090e+00	-2.236958328697370e-01	-5.663451523127320e-01
-2.518345451910770e+00	-3.402436597766830e-01	-5.778649288095860e-01
-2.412160208146410e+00	-4.453117132463820e-01	-5.915506697927120e-01
-2.300338037356180e+00	-5.410715907540490e-01	-6.159904400673370e-01
-2.179199959830880e+00	-6.261877352597510e-01	-6.483146710102400e-01
-2.037059253200670e+00	-6.901894992564700e-01	-6.846046882478290e-01
-1.876250688208530e+00	-7.450266214307390e-01	-7.386427487683040e-01
-1.699573928914930e+00	-7.043746295078540e-01	-7.287515417839230e-01
-1.573552462003660e+00	-5.987682846242790e-01	-6.698205698094180e-01
-1.448642212290160e+00	-5.149090089681100e-01	-6.649013141653290e-01
-1.843340687020470e+00	8.022192536216500e-01	-5.952395443247870e-01
-1.999756856529540e+00	8.149283049396660e-01	-6.017520236938480e-01
-2.139233007874220e+00	7.571705288509780e-01	-5.806517068010960e-01
-2.285831779234080e+00	7.116337747316440e-01	-6.024948313055980e-01
-2.407536509211410e+00	6.153895739859180e-01	-6.097156392017660e-01
-2.493253947054770e+00	4.895150755404280e-01	-6.084652576151190e-01
-2.571159521216370e+00	3.592436842835100e-01	-6.272401124925630e-01
-2.594743749669790e+00	2.133728730748950e-01	-6.297622890593090e-01
-2.602570575425640e+00	6.984589902800310e-02	-6.486581414134850e-01
-2.563739263022600e+00	-7.064459032790430e-02	-6.599456560810290e-01
-2.503338125541880e+00	-2.019730939116840e-01	-6.767432075656940e-01
-2.419255601923450e+00	-3.215370502400060e-01	-6.991472158980440e-01
-2.307696734926660e+00	-4.202139760688510e-01	-7.170631450318960e-01
-2.191627183306410e+00	-5.124010613547410e-01	-7.596659273068020e-01
-2.048139056690860e+00	-5.740761398555870e-01	-7.954818168985920e-01
-1.884526493946520e+00	-5.991452289769960e-01	-8.264958376016730e-01
-1.730033989734100e+00	-5.436554660652120e-01	-7.864327828256810e-01
-1.602923213675320e+00	-4.582701213743520e-01	-7.440679918874420e-01
-1.477296573823180e+00	-3.693665588707250e-01	-7.413972900253270e-01
-1.698811433533650e+00	6.521076898149620e-01	-7.185941475323150e-01
-1.841372538659850e+00	6.986657879852020e-01	-7.122315738601290e-01
-1.989245498867730e+00	7.046673289964800e-01	-7.115166912156330e-01
-2.134086795063170e+00	6.731183178362680e-01	-7.119058894738320e-01
-2.272113525886880e+00	6.096828271909080e-01	-7.276908113291010e-01
-2.378248682841410e+00	5.019423139890280e-01	-7.280977609954140e-01
-2.440982221641680e+00	3.685211307871430e-01	-7.190043090918220e-01
-2.478872510837280e+00	2.305864524560670e-01	-7.234444573300200e-01
-2.472709904407900e+00	8.983639162387730e-02	-7.278637214321650e-01
-2.443032528135680e+00	-4.540973967890020e-02	-7.449793175292850e-01
-2.394920369253190e+00	-1.741279142095200e-01	-7.823590248213770e-01
-2.301750470504290e+00	-2.836262756755340e-01	-8.051009372134570e-01
-2.184637081629410e+00	-3.698060718646720e-01	-8.304087925310020e-01
-2.052084604565600e+00	-4.348617479204070e-01	-8.760957213097730e-01
-1.897007119677440e+00	-4.401568217693390e-01	-8.716020161613750e-01
-1.750747102810850e+00	-4.004299000733730e-01	-8.524457753459780e-01
-1.629270646765070e+00	-3.211623058395060e-01	-8.163568079230230e-01
-1.517860175648670e+00	-2.231497114377990e-01	-8.073180008821690e-01
-1.635572700751180e+00	4.489022625739810e-01	-8.071073353119820e-01
-1.754863222819650e+00	5.446717641569590e-01	-8.113507282467740e-01
-1.902039861318850e+00	5.936771885209060e-01	-8.193898549282410e-01
-2.059541690988590e+00	5.860974247469390e-01	-8.288065752715170e-01
-2.196152596100840e+00	5.103537976801690e-01	-8.166824957586000e-01
-2.300752257257300e+00	3.975660956247210e-01	-8.169525042887530e-01
-2.355187424923350e+00	2.571096994058610e-01	-8.141881169328770e-01
-2.359466766650900e+00	1.095396809312980e-01	-8.167205398064190e-01
-2.327510174148570e+00	-3.120625877751060e-02	-8.425785941812530e-01
-2.242520109135530e+00	-1.515424809552650e-01	-8.584456096820380e-01
-2.125849546512900e+00	-2.410529171861770e-01	-8.804717493652580e-01
-1.986467317080450e+00	-2.924414381618430e-01	-9.231631326853900e-01
-1.833548826492520e+00	-2.769753087825410e-01	-9.113302098165950e-01
-1.695116911079200e+00	-2.113922932601130e-01	-8.990084408398300e-01
-1.595793284922790e+00	-1.013231599112090e-01	-8.623783187623280e-01
-1.528030299796030e+00	3.290318217045960e-02	-8.585936805499430e-01
-1.650691700803220e+00	1.767920181580140e-01	-8.967364312870310e-01
-1.698650868499500e+00	3.227317741543790e-01	-8.897246869716150e-01
-1.815444656844280e+00	4.252703391411620e-01	-8.848847177175900e-01
-1.968748969970300e+00	4.549310164028610e-01	-8.846801666906220e-01
-2.116399668218780e+00	4.026711422522680e-01	-8.912678393783310e-01
-2.218999502570100e+00	2.833277344011300e-01	-9.035902015501030e-01
-2.237448814185050e+00	1.296561676304760e-01	-8.990935193321780e-01
-2.180557107091100e+00	-1.202662785785240e-02	-9.027432704778690e-01
-2.072787482166990e+00	-1.136820749748480e-01	-9.375103198173960e-01
-1.919862294795230e+00	-1.399461273807640e-01	-9.362825583495320e-01
-1.776424648607040e+00	-8.901805498480290e-02	-9.345298145379010e-01
-1.683366202939640e+00	2.768281796640350e-02	-9.021952499727750e-01
-1.795723098148910e+00	1.693263222800720e-01	-9.356380361740370e-01
-1.880565422173890e+00	2.900442835736310e-01	-9.133624104536260e-01
-2.031588201884380e+00	2.847499027991890e-01	-9.400516280399940e-01
-2.096918575586410e+00	1.474568819259350e-01	-9.544038403225800e-01
-2.010092016045920e+00	2.293559960177800e-02	-9.721362792438020e-01
-1.857955216838110e+00	3.532935927132390e-02	-9.684279118516990e-01
-1.944615565206310e+00	1.610010359950290e-01	-9.633050986963270e-01
