2.03023092287281492485e-01
2.44273484753339542586e-01
1.54782603506498778190e-01
1.64355598520403378693e-01
2.33052653311306479100e-01
1.77448275672771743627e-01
2.30371944484973251166e-01
1.61111060601189071129e-01
3.13952347233671213989e-01
2.68533743357683152286e-01
2.48718734103404476299e-01
1.70094948474609347633e-01
2.39496940378473271993e-01
1.37718413709314840832e-01
2.42549434818244841194e-01
2.15851704931904558871e-01
2.45189777766631172851e-01
2.69419213153479442102e-01
2.35621844509374789300e-01
2.37292764033398301260e-01
1.91742494278159480992e-01
1.76756771339148410771e-01
2.00954036832406063295e-01
1.43208618836297735255e-01
1.73831932032063679605e-01
2.83365444544390443493e-01
2.52190967290741807627e-01
2.90250779976557571338e-01
2.40596105864164022670e-01
2.28791916957308633096e-01
2.79485852080208263537e-01
1.33242662019339819235e-01
2.19120392985777401318e-01
2.58948938520013272058e-01
2.00994672481635716643e-01
2.08922179315648520737e-01
2.20646834796245389088e-01
1.70069500340302076635e-01
2.23263975508813383719e-01
1.12701693678489145434e-01
1.73133744639801495646e-01
2.18586694126152114581e-01
1.16248361425011104142e-01
1.55808219041872114685e-01
1.82786644022477795524e-01
1.22213806454099141452e-01
1.55711702707278909497e-01
1.84177768175206202361e-01
2.31849310855132745290e-01
1.91696350241729929209e-01
1.87167742640124784570e-01
2.36109078257401988621e-01
1.22189043493105373162e-01
2.23593949325916363513e-01
2.97419943195674718606e-01
1.40847550837385843137e-01
1.63264714878138955667e-01
2.10473904504667852500e-01
1.23808166265396243921e-01
1.72448328266759404181e-01
2.22051052708605728414e-01
1.26924730470464319776e-01
1.93331096119998296912e-01
2.84180958813619488623e-01
1.92006346197827748590e-01
1.90031896811713230111e-01
2.55077469858193517371e-01
1.74782610259144460807e-01
1.89242485431093399040e-01
2.70916450266707797834e-01
2.14903994063023379146e-01
1.86275066453719467807e-01
1.21678655733041388154e-01
1.75624249649642683035e-01
2.12341053750799702016e-01
2.49507067789672132285e-01
1.88079349320971395132e-01
1.68102435258981358635e-01
1.63986577040654196713e-01
1.28076183130393206344e-01
1.93676779591669123715e-01
1.83812600547405363693e-01
1.28974388918885768396e-01
2.13671972539685228742e-01
2.45656905186888652182e-01
2.49731459982518028129e-01
2.17467899417362359182e-01
2.79227121805887712469e-01
1.60051515547338790713e-01
1.59303733305280664778e-01
2.36991938744759766955e-01
1.54883878376672917687e-01
1.99326567845332675022e-01
1.26258220393762915501e-01
2.08256357598033570167e-01
1.74252656450339354910e-01
2.49518397287654930539e-01
1.22400612469872854815e-01
1.45876238726531437528e-01
2.53864206748411147530e-01
2.02266803863115490758e-01
1.68666785719655015763e-01
2.18418036265323078915e-01
1.57214590267570286652e-01
2.57172479952657462299e-01
1.73049827333054601075e-01
2.26741964728631562043e-01
2.25457088399633076570e-01
1.87119413396900163837e-01
2.45330673273848942628e-01
1.33048281300436138652e-01
1.82858934307296105981e-01
2.49719666259988509749e-01
1.37115515026564355194e-01
2.53430799495641401187e-01
2.42422087692107768309e-01
2.21459710895684142029e-01
1.51481845460107844570e-01
1.67515952006249330131e-01
2.62596019791789703213e-01
2.70993166675840724267e-01
2.01718332995020510623e-01
2.38692996906067572693e-01
1.34761754737759337219e-01
2.63221376307092469471e-01
1.83542947739759265691e-01
1.89245834960772574274e-01
2.38266431838393827336e-01
2.47178228438509561826e-01
2.63434528164020298480e-01
2.74141242493718906292e-01
2.27228384575959202474e-01
1.36453345067096165621e-01
2.16075710981128127353e-01
2.55762173139422677171e-01
1.55823557708710924707e-01
1.80868221924140065715e-01
1.69835414946353291388e-01
2.09864824973124058927e-01
2.12745600925142580584e-01
1.55624154407469766914e-01
1.55290773962396044805e-01
2.59903672250412831612e-01
1.57292283349947020765e-01
1.64615311145379167312e-01
2.96101954391793931176e-01
1.56702251415351379027e-01
2.00795785403976995154e-01
1.88366306673990901999e-01
2.01636084253290270851e-01
1.98318800432535857770e-01
1.47606272512383451812e-01
1.24824466291668920159e-01
2.39445943001755590096e-01
1.73466203607503921535e-01
2.13213532520804216475e-01
2.29953268741716287948e-01
2.28567923882595669394e-01
3.02487705629501724136e-01
1.92326834139180863348e-01
1.75491594342862988753e-01
2.68258777236626499985e-01
1.71385249368666559011e-01
2.41022149442929878305e-01
2.05084534563896303538e-01
1.60735441320854932634e-01
1.36087050973411866073e-01
1.58017578747935483197e-01
2.77086111476197938241e-01
1.78619504438792986445e-01
2.69449447024854626953e-01
1.73886368539917485210e-01
2.58797349140210464213e-01
2.77938688674319034355e-01
2.46636592483759353733e-01
2.46970817753839083641e-01
1.88016445889714667317e-01
1.99717864932008493106e-01
1.59616000341444463917e-01
1.68102126976430565897e-01
1.66040458566579507416e-01
2.53343148960061770314e-01
1.37713339266753664880e-01
1.99028909961241506910e-01
1.73172814904533955982e-01
1.77706859755047075211e-01
1.70564048058200024016e-01
2.84096071048157816641e-01
1.71641349519863650741e-01
1.66344894448251678920e-01
2.68196581941306522179e-01
1.59687265328203265025e-01
2.05774388787817785751e-01
2.46865555955058241233e-01
2.54026457590543042198e-01
2.34190795869521739547e-01
1.61564636306959164003e-01
2.76487509325466673804e-01
2.28628408593507859159e-01
1.62524215469572325121e-01
2.43191402613250257092e-01
1.57570615106370742753e-01
1.81375091005600924676e-01
2.39943960101958037034e-01
2.93787955413423895745e-01
2.82493548659079940499e-01
1.79454913226135964743e-01
2.42649781905939471160e-01
2.73603283697400112562e-01
1.95322531547182293155e-01
2.69249172058077190783e-01
1.78533803188366591019e-01
2.30253064624917569425e-01
2.48419522355953298343e-01
1.54868910946516391558e-01
1.74081826119213217696e-01
1.66550987163090830068e-01
2.81548385450884897097e-01
2.54043481705396201331e-01
1.66817608590939858715e-01
2.32111645940051958270e-01
1.62650559522554472025e-01
2.37236028271424315150e-01
2.64649640003533692667e-01
2.00864896109300278271e-01
1.48466459070727530012e-01
1.27853980497284497320e-01
1.51297450500660957129e-01
2.00048104837311502280e-01
1.06120767849653227510e-01
1.52729477561635157423e-01
1.61960458419979802525e-01
9.91043691930885567443e-02
1.66619228122837026440e-01
2.01190463338996095022e-01
1.72565864096031446051e-01
1.60849705364977224598e-01
2.57497244693996707454e-01
1.45678261909593154133e-01
2.45051194492089757793e-01
1.64891420838077534805e-01
2.81431862194030879554e-01
2.06557142219774197978e-01
1.68143674683289917615e-01
1.72604274671863094914e-01
1.62241698135836803774e-01
2.65537860142390891305e-01
1.89547902349247843201e-01
1.43113971522699334749e-01
1.98776145284085853371e-01
2.82754752380928231492e-01
2.29371639905634333578e-01
2.22016471976743207106e-01
1.67681021087659198887e-01
1.46945335414228162030e-01
2.54240527172596875172e-01
1.53577317659509882120e-01
2.35107711887551668051e-01
2.60402049275903324510e-01
1.57964722016531278204e-01
2.36853124256974995054e-01
2.28786050400805546223e-01
2.29398818979719254507e-01
2.26409512929558687233e-01
1.83880050348046136799e-01
1.32796823324204477101e-01
2.25891493629131467902e-01
2.20681727979459174627e-01
2.79077304018080174508e-01
1.49928781749869483031e-01
2.41082196856175989819e-01
1.41052517723009862571e-01
2.84839567753498668079e-01
1.62722120217258653385e-01
2.41381908696571556572e-01
2.16945281225474045916e-01
1.45883490447000246926e-01
1.24215783840057950038e-01
1.76001267481231626899e-01
2.13028787606276498456e-01
1.20440694592816116559e-01
1.56796459714497321558e-01
1.71632304150471676207e-01
2.66211720575935562039e-01
1.69259797737088268921e-01
1.83296389200660408969e-01
1.45621696716389109616e-01
2.40443342311572411107e-01
1.47099300695142709561e-01
2.31416463426870305797e-01
1.86360011692422972152e-01
1.63240287371102160696e-01
2.25243573399997426554e-01
2.39551294832651695543e-01
2.64051334096232159787e-01
1.55525002456196770328e-01
2.32023328406865209095e-01
1.29623176299610842754e-01
2.56761687377614844507e-01
2.38814925322937077201e-01
1.65890142003676577254e-01
1.88440689592242804906e-01
1.79977731011367075853e-01
1.62732436554609533053e-01
1.59442532634802291991e-01
1.87798994683145176188e-01
2.71607538580945884199e-01
2.36680125228123150460e-01
2.39542374599985841144e-01
1.81427181020375083431e-01
2.61801420884226698771e-01
2.92640117700905699749e-01
2.76664952997303204008e-01
1.71847976493760434824e-01
1.85930827357918243559e-01
2.32867784493604845775e-01
2.83494038506914680653e-01
1.66078615630790932256e-01
2.48620852083971388691e-01
1.68559468531910144895e-01
2.61518110848942997304e-01
1.48805911996130024733e-01
2.25169091735522186593e-01
1.32342532936316426007e-01
1.64221493045216077045e-01
1.99616694955607354434e-01
2.68265220490841727052e-01
2.30688240413333522927e-01
2.53557340909309980592e-01
1.56418004037259111838e-01
2.09342975067232622832e-01
1.55888512049477234722e-01
2.25758451418767575047e-01
2.30930934502071361081e-01
2.47010740685501439806e-01
1.51086398014513512145e-01
2.30448606090381924449e-01
2.09685964284689302373e-01
2.88925473833651524913e-01
1.62540738296588271883e-01
2.56029374699466960585e-01
1.41050278486077540485e-01
2.73210316551187382128e-01
1.99807820272380698423e-01
1.61241807940744691363e-01
2.62929389920563971739e-01
2.09353381821264172835e-01
1.67434097041194079880e-01
1.85274169419269107983e-01
2.79307123865468243107e-01
2.54008103189642397979e-01
2.27145800524684943200e-01
1.67448011215421715958e-01
2.45773526829070831923e-01
2.88839065900026670253e-01
1.54396252444805204274e-01
1.45830128519452345559e-01
1.63659854637598883853e-01
2.71923322975430092896e-01
2.38657706018473386722e-01
1.69948571355248628789e-01
1.44221167465840516275e-01
2.61028909665193986633e-01
2.45273938745415809315e-01
2.11525603348625357292e-01
1.89369593155184257061e-01
2.93342929103395932966e-01
1.73677461937350979815e-01
2.62424821840465283262e-01
1.43094919577880091976e-01
1.69098605887216008048e-01
2.02163927766552842247e-01
2.40640520480238317980e-01
2.59700600486406252276e-01
1.64258496510834989257e-01
1.71454040036973148764e-01
1.67159617671254479010e-01
2.41463611420023205323e-01
2.00223500754132227586e-01
1.43242576700644469456e-01
1.74594879825154064568e-01
1.62650908592482185133e-01
2.34351692129606714587e-01
1.79470428192390535349e-01
1.37544122978373761779e-01
2.49146352287164668526e-01
2.16534690010630748169e-01
2.49140720896845774268e-01
2.31974032221281156740e-01
1.49441142517714981031e-01
2.33684156673061721454e-01
1.64272886113320526480e-01
2.21648799944867747058e-01
1.16833236850649641037e-01
2.78199204091241103498e-01
2.36344655841844636379e-01
2.18877766184690430995e-01
2.24741382929357330633e-01
2.21250632968586130600e-01
2.23722932284555919846e-01
2.07037551852315010459e-01
1.95956056106975057274e-01
1.70852566465944544216e-01
1.57554034984826701882e-01
2.05177867278612729995e-01
1.19332191101144208245e-01
1.82711155455817703119e-01
2.38960779980732368477e-01
1.74129463230666414741e-01
1.91670155918964080222e-01
1.59136032770708452100e-01
1.76519893182043308144e-01
1.78972191038161032584e-01
2.19677552027966571657e-01
1.74237651436192131360e-01
1.56849120533077868167e-01
2.12722138175602260013e-01
2.64971433511237197678e-01
1.55631323097248031040e-01
1.60147877201041982653e-01
2.69287873897062046691e-01
1.62154427142770368730e-01
1.52538890811491023580e-01
1.71804642210273250669e-01
2.54987349543070507263e-01
2.82596236864541328071e-01
1.64441283715495184525e-01
2.54182516367668365209e-01
1.53678004701388454256e-01
2.77214897943815430370e-01
1.66207973036794964816e-01
2.54859893637661372168e-01
1.86433236792692053063e-01
1.94804417354946052265e-01
2.76084509268448463626e-01
1.88989805357326096091e-01
1.96747741051835151049e-01
2.66724230155492125771e-01
2.57910134672311719406e-01
1.77032268720281549257e-01
2.59556049807146638209e-01
1.43749725204085215813e-01
2.53575423998462501363e-01
1.41646260501292475809e-01
1.64658615972563093788e-01
2.32510239361624709842e-01
1.37934871258141356076e-01
2.71769568752647572296e-01
1.47092527998535754774e-01
2.18935013931075062033e-01
1.48466757750682992745e-01
2.54205912592528060490e-01
1.46741767939465778126e-01
1.95389879740481914316e-01
1.37740345846814188357e-01
1.49820636512464466783e-01
2.21835124957703549997e-01
2.27224745879492651124e-01
1.48375430661548485256e-01
1.76299052833530478512e-01
1.27875704455537586579e-01
2.72760919719082894908e-01
1.71832660530528896770e-01
2.41945497980433604779e-01
2.50391329462503475778e-01
1.72417831229835394335e-01
1.70046070536781307458e-01
2.12224523024555244977e-01
1.68915280688278796051e-01
2.73119597667395574980e-01
1.74074053781716697742e-01
2.14778087350642021836e-01
1.73963687618996970530e-01
1.72553741729931903182e-01
1.69789176784034212542e-01
2.20942086767098339051e-01
1.72378069791374488595e-01
1.72326735144724324522e-01
1.70556379462745405506e-01
2.38183112734719260040e-01
1.63869951278445197262e-01
1.67802002812838829682e-01
1.67478632010176126110e-01
2.45360999600588575165e-01
1.69660850124594198007e-01
1.61792660835527429830e-01
2.63564795617396541161e-01
1.56752594087498281494e-01
1.77093859708460810154e-01
2.66165104085490489272e-01
1.62012091499369320635e-01
2.58393249021718840464e-01
1.88612736126169411310e-01
2.40035026821087071891e-01
2.31487491154489882783e-01
1.97748170805699285957e-01
2.35021804039540066489e-01
1.33241693774884151225e-01
1.71289567919357038628e-01
2.63987931227925687327e-01
2.36510227205928763583e-01
1.91511467930774448298e-01
2.39303941363279620846e-01
1.32717596350295563568e-01
2.65296171024008542449e-01
2.44141346928372554581e-01
1.82652211265015879116e-01
2.39463119884879116483e-01
1.33631221651229342706e-01
1.52656433437965560751e-01
2.61990556261098850310e-01
2.08182087702088292058e-01
1.84596830454913263253e-01
2.15471606612101018730e-01
2.62081342002821793269e-01
1.97502263019946194822e-01
1.26932386505572369906e-01
1.90243100794746294868e-01
1.74144665420707056569e-01
2.75876831374075370817e-01
2.57138729713145330891e-01
1.69980892939059463620e-01
1.41863925840962135094e-01
2.81626386603262002239e-01
1.53977493809972137973e-01
2.44901908545462343447e-01
1.53380643152908974214e-01
1.68904212505194772920e-01
1.54197764873554465925e-01
2.80240709414246225162e-01
2.43963733306817559532e-01
2.91037991391158434862e-01
2.52132064969928071374e-01
2.05201628192858087640e-01
1.93461903766607240529e-01
2.73150462932062354504e-01
2.21459374841075529172e-01
1.93621886159597161869e-01
1.91603179162037923211e-01
2.69452931321965793998e-01
2.23716930975284084004e-01
1.67644611523902004047e-01
2.69319717586737394921e-01
1.81576164013892399351e-01
2.04824695896271335993e-01
2.09415345848865619427e-01
1.82756219757358784328e-01
1.80947243388784512197e-01
1.70419610998851889239e-01
2.04461325094723034290e-01
2.61722526656686604873e-01
2.94813639119376580400e-01
2.86198881632703183708e-01
2.15426503610024772106e-01
2.70171882071414015680e-01
1.87509639698869884361e-01
2.84437912903677481147e-01
1.84813538002495836299e-01
2.50790777733153447127e-01
1.35593403796054973176e-01
2.22441938700866398415e-01
2.01348712449322619911e-01
2.61363910446718028524e-01
1.68203177915876522786e-01
2.29221114291419475473e-01
1.90943533276201865556e-01
1.61594160615413318105e-01
2.02113896132848802623e-01
1.40641529872936155154e-01
1.66492648369229917504e-01
2.55894847288881566172e-01
1.41471444595720446946e-01
1.71373398008559163497e-01
1.46336176928331701541e-01
1.63881758899518642503e-01
2.60650189612438187847e-01
1.47584629406317224820e-01
1.71151190767110827906e-01
1.49700164839588589771e-01
2.29145848885049657762e-01
1.49397266721985250149e-01
1.79011440380915320958e-01
1.78988457574783266235e-01
2.12144455180897917312e-01
1.19827373971893427762e-01
2.74085017638688144270e-01
1.60137187189609370153e-01
2.10138283577743195663e-01
1.52637808850920042580e-01
2.41354436721184006931e-01
2.05097662456206447645e-01
1.70037914483799790233e-01
2.35238781993956175276e-01
1.29968365458676127222e-01
2.50407424899901864812e-01
2.09501335103144337157e-01
1.74996462824252491108e-01
2.29246203401495790564e-01
1.62006666356665635087e-01
1.47515669289740219972e-01
1.46932733126420855818e-01
2.59282851960942417602e-01
1.62616930880520565994e-01
1.69424397316325109353e-01
2.84289685085477472626e-01
2.57483003905112139975e-01
1.66883613230898147917e-01
1.42939018833207309722e-01
1.69823658331223065199e-01
2.81219881302869456619e-01
2.57809943122836116025e-01
1.68653939455916584977e-01
2.59491432238137698096e-01
1.40701051570341906238e-01
2.76790446717367799589e-01
2.57866472741223096143e-01
1.70437095193505333546e-01
1.68621193537467323198e-01
2.53160149678024970488e-01
1.39087859200578700669e-01
2.68568451240070282804e-01
2.50846590733878604951e-01
1.75450273573568404917e-01
1.68154795428616915531e-01
2.46860676920079791241e-01
1.34226128264954475133e-01
2.67953647245190496040e-01
1.78056818049744991495e-01
2.45807469174555370817e-01
1.63998919331805353972e-01
2.40288590160352810710e-01
1.34258508781566615609e-01
1.68543549722319579987e-01
2.46056045742915979746e-01
1.34596058831007364676e-01
2.70914681441021265584e-01
1.76501747923469620716e-01
2.48099772138972413105e-01
1.90445367509950197471e-01
2.39585730138503871789e-01
1.34978666655142215403e-01
2.27056972042260912792e-01
1.61292935657455227538e-01
1.82248958570412677993e-01
2.80654491391105320730e-01
1.74606150810903609782e-01
1.59789968409440485964e-01
2.35417791753299771029e-01
1.33536254554671385275e-01
1.80370508653826255863e-01
1.29888655363892352446e-01
1.70206054807107348692e-01
2.73450287922686274822e-01
2.41734859317889821950e-01
1.81112875786041210846e-01
1.40784220553618888427e-01
1.71595581426212728804e-01
1.59634365540882200429e-01
1.80065626498368575037e-01
2.44852628247972853304e-01
1.61204657640807630381e-01
2.79443857898880987367e-01
1.60613748973772507700e-01
1.87226795635667492279e-01
1.48517036390745510444e-01
1.85408052422460889463e-01
1.00618580311988128906e-01
1.96465795226268308271e-01
1.84669089633999083944e-01
1.70542708446418223023e-01
1.48849769332202869210e-01
1.83379658229177650020e-01
9.66977663857858105168e-02
1.97311351853485611452e-01
2.08840158590631153057e-01
1.77666483738520536440e-01
1.55758261692405891585e-01
2.08656621437326994517e-01
1.07713405521318417168e-01
1.87603568162335337943e-01
2.06508935059091319753e-01
1.75835080882513261624e-01
2.35349434638879084769e-01
2.49881295290383859120e-01
2.31091597586411540144e-01
1.69944949461553557191e-01
1.78205355714271318490e-01
2.63690263449373518689e-01
2.53909284834170578815e-01
2.63173328050165411529e-01
2.89491488111857264709e-01
1.62347750920385752726e-01
2.07689510193004217564e-01
1.54173922768540833106e-01
2.50375145783701902324e-01
1.69802029096268430886e-01
1.99245067451141677495e-01
1.48140605384242951548e-01
1.52848280971687761065e-01
1.75502815455165828151e-01
1.96505078494399243461e-01
2.22128365719013953772e-01
2.47628607628520985839e-01
1.48486532106450574986e-01
1.75779406226781870215e-01
1.61229970779753012389e-01
2.04002301575840122583e-01
1.03063284882444969326e-01
2.35038802543324737426e-01
1.77660960905878212435e-01
2.18316088122245316461e-01
2.72774162834385769383e-01
1.80562695344304191547e-01
2.82472906968810055783e-01
1.88367597591544366775e-01
1.71852876518520880644e-01
2.83990392812435876735e-01
1.65627299085493756570e-01
2.48778782511370921693e-01
1.74056441423464630658e-01
1.68504505620591632509e-01
1.76643929980738356722e-01
1.74413274729878248204e-01
2.34782284695076587377e-01
1.49405507533055786906e-01
2.69984161928065680147e-01
1.78111059684035344386e-01
1.50257846866097471983e-01
1.90089363040811976102e-01
1.06285291526391392769e-01
2.36926027330240790425e-01
1.91438076094307768615e-01
2.19916698198018595312e-01
2.67621029872635363134e-01
2.05426485502333389110e-01
1.79946415629764572275e-01
1.40887861535335973118e-01
2.67211577510705899918e-01
2.42912860442093453406e-01
1.79793333374627689603e-01
1.31813533800440946253e-01
2.72668086424062483530e-01
2.41661214722180911485e-01
2.48197799940067964641e-01
1.69593669575252681270e-01
1.37823619226495386325e-01
1.99060352802392342975e-01
1.48037137127481954746e-01
1.80283454384172481255e-01
2.71806090148956014385e-01
1.72491369096224672619e-01
1.95221483300564019325e-01
2.64314058328818379806e-01
2.43557216482350208375e-01
2.52126881725674822921e-01
2.43496717283046781866e-01
1.77512850359657026189e-01
1.80686266839209463964e-01
1.81713751149548324859e-01
2.36963578765281873695e-01
2.21157444728320162763e-01
1.86273021070990280057e-01
1.83643441821268432745e-01
1.62570258820609686579e-01
2.27951670958999597083e-01
1.62713424590597316444e-01
2.35377777407214050509e-01
1.62267757914380583717e-01
1.64054501446927680774e-01
1.62218053368575476636e-01
2.23930302321704577384e-01
1.60896320778319806832e-01
1.61013421694093522563e-01
2.36489687724623587339e-01
1.64099585984273599326e-01
1.61553460483643024359e-01
2.22394290457826299123e-01
1.65514007715359401374e-01
2.15365855941117012584e-01
1.61126522831717577944e-01
1.61163116085070778905e-01
1.61164360368538012169e-01
2.42257342512564505244e-01
1.66394163032872050012e-01
1.61486907561449066772e-01
1.73586055041872466820e-01
1.57663109756214087076e-01
2.17818268253606284190e-01
2.76041128566016424895e-01
1.79915067493220254269e-01
1.67425956895249639089e-01
1.45357617155070339976e-01
2.07411074212540458284e-01
1.44174848545091160990e-01
2.03762434118755081380e-01
1.42174268026953459776e-01
1.55111530668354868912e-01
1.66194619457851272548e-01
1.64365443172006187034e-01
7.38403455182192053341e-02
1.60176646419477763938e-01
2.33835893495609431492e-01
1.71266499000383626283e-01
1.54265423559526160258e-01
2.05157954245015788919e-01
1.67580858644416713643e-01
1.57889349240409399000e-01
2.01968781699672500496e-01
1.66037882514232293385e-01
1.98868510943789267298e-01
1.80535395908946377785e-01
1.45606038435911078199e-01
2.84357089743793867154e-01
1.65637341652297764849e-01
2.51887276673038840169e-01
2.83342283627576463356e-01
1.70750108345499890250e-01
2.53869983064737292366e-01
1.76641261630571505536e-01
2.28372073385188695260e-01
1.47708169713120590627e-01
2.39987062645051929533e-01
1.40118943105491639001e-01
1.80158863373412830855e-01
1.25933698004148247884e-01
1.60978898794220837143e-01
1.83969535763424729691e-01
1.29532479047573256814e-01
1.78347556217740094153e-01
2.28916226021747909458e-01
1.24514729120694764286e-01
1.66812436064310287698e-01
2.35649683235462065189e-01
1.62435517734392048661e-01
2.02046689803959927945e-01
1.72898336538730185152e-01
1.67809788108441382271e-01
1.54574365846992883844e-01
1.08324735928595802803e-01
2.26705850137926490095e-01
2.08407651805206067808e-01
2.04422111422517122081e-01
1.95332568018136643051e-01
1.73725518347190438506e-01
2.17339172360184518240e-01
2.09963466672871440499e-01
2.83076906783298054560e-01
2.06197283030111699897e-01
1.95339511172215263279e-01
1.81200388884792507049e-01
2.69115080595644040606e-01
1.42723065522010139627e-01
1.68161703708543552871e-01
1.95836108501471234389e-01
2.33357001657888973867e-01
1.75087865673466985816e-01
1.65862917812903548631e-01
1.66409275950020280055e-01
1.65820319291696022246e-01
2.40484904829409207316e-01
2.29520632843084493313e-01
2.10508355655877943402e-01
1.89877055472291389471e-01
2.09755060708913559919e-01
1.78162655654573148789e-01
1.90140060797297505424e-01
1.58054225723325725284e-01
1.55001589816491869289e-01
1.47492847446952485280e-01
1.62900241183032007397e-01
7.22107403455331392506e-02
2.33061516525143980205e-01
1.76523038187342495853e-01
2.51509589518968401656e-01
1.68008744192080700097e-01
2.42793913978501529893e-01
1.61264451278017362235e-01
2.02362245505430304870e-01
1.24426664762823227517e-01
1.79303268268288962251e-01
1.70157472360163986025e-01
2.03719589283136881530e-01
2.81726951976714490300e-01
1.67428415914264688835e-01
1.75224796614777106329e-01
1.80930152557167739369e-01
1.69231286578457401637e-01
1.98733419651954873464e-01
2.86379391988250464607e-01
1.66505997683597029013e-01
1.80005944099771331146e-01
2.41432137409583524867e-01
1.46580193736261632509e-01
1.94758737077441596020e-01
1.60032604555946672553e-01
2.13104206531476048081e-01
1.06336022511141548019e-01
1.68851288712878938592e-01
2.33940503521814280319e-01
1.64895488877167289976e-01
2.57035769814242032183e-01
1.51251182216867230412e-01
1.80005902019906016687e-01
1.58666813294399966505e-01
1.53338353457313419925e-01
2.24080074671979739831e-01
1.90231975695465016507e-01
2.80487428160336782490e-01
1.63143978635437253422e-01
2.49969863935635222552e-01
1.87823953672049015484e-01
2.36230556484549630847e-01
1.24784914112243572326e-01
2.04015879600093902324e-01
1.84071287250347714881e-01
1.38062927149180725284e-01
1.58620239490425696260e-01
1.17740619405539065356e-01
2.66987604162084612991e-01
2.26353665479686883000e-01
1.94145916997087525369e-01
2.46855563538681543889e-01
2.10266538583769951876e-01
1.91923676126735415215e-01
1.50930914162738794015e-01
1.70044194775946372333e-01
9.31215662293112811376e-02
1.63268701140175609421e-01
2.85710422450774326197e-01
1.85485741848261803666e-01
2.66558230143058960682e-01
1.99519147093706328278e-01
2.10476884901881822199e-01
1.62055999632842895330e-01
2.45362925610207005533e-01
1.95546291987344994512e-01
1.56895126377462806877e-01
2.75763857147741542342e-01
1.64922708396994271984e-01
1.37999980278984080151e-01
1.97471687747889618203e-01
1.64523127204049962602e-01
1.41965271531455911047e-01
1.47845386972336761966e-01
2.83312289766963654181e-01
2.23800311380480371204e-01
2.83119399900466084397e-01
2.35781196258310760117e-01
1.95718973398084222781e-01
2.11901703754358711196e-01
2.69658041322709374210e-01
2.83056961968593867596e-01
2.53533584007503809410e-01
1.56026685588178753994e-01
1.82535647112036708561e-01
9.18540922677177212874e-02
2.82370526641308627891e-01
1.90973928602833159518e-01
1.83212081639530538490e-01
2.43334584112082225049e-01
2.44181419950413175490e-01
2.03001934040048043206e-01
1.53015298182894138312e-01
1.86843274666229269831e-01
2.14603505323188947784e-01
1.59784971086144395036e-01
1.61680177551238396516e-01
1.60109080541985443480e-01
1.64170616716268785718e-01
2.18684103997066975333e-01
1.37554422749688515237e-01
2.00705079905816097252e-01
2.01213274865253394230e-01
2.61774972457261445591e-01
1.42878408995201239273e-01
1.80545032304962577152e-01
1.50922314758288766967e-01
1.89023539034163690076e-01
1.97116256762348313059e-01
1.70619692146012275069e-01
1.60300058140975004717e-01
2.11071826694137376634e-01
1.71756383450513916422e-01
1.65573495856069896615e-01
2.70214889874706931661e-01
1.74086244993681221738e-01
1.82231383740562191687e-01
1.48719404130732035796e-01
2.05787457074040364136e-01
1.73838345227858181996e-01
1.60474678566931594492e-01
1.96786212598850596134e-01
2.18143593382890743637e-01
2.69213379543068120903e-01
2.87321021230608930619e-01
1.57672422959755365035e-01
2.25873482606967407316e-01
2.87076732684834579068e-01
1.64641207554487883913e-01
2.52137232938731192800e-01
1.67569848976478946723e-01
2.44430431757177130114e-01
1.52678046437593806228e-01
2.56668922670821253451e-01
1.52948402610161349191e-01
1.70617867707341969163e-01
1.47957980822259110854e-01
1.58887494498465814408e-01
2.53605244443012300959e-01
1.50341874103657513473e-01
1.67074662450654054524e-01
1.46579362206962882098e-01
1.66439574530818840126e-01
2.60772701993517708186e-01
1.41739536647330605090e-01
2.40851532652379046739e-01
1.61261991644032487425e-01
2.44116250290717040627e-01
2.21462243770806199716e-01
1.63875725380545594900e-01
1.61532559826215837973e-01
2.14677822590527422886e-01
1.15886201816437092726e-01
1.66405952238043469693e-01
2.35749517819994730550e-01
1.28216142800390009437e-01
1.29815947363950634497e-01
1.74067256326398162036e-01
2.14552797711891923838e-01
2.80886720759454922014e-01
2.02098228475659835723e-01
1.70817108563515895892e-01
2.19208754152291962480e-01
1.34266150682143203809e-01
2.82011354141992021116e-01
2.45965600257434413578e-01
2.43725069529172555516e-01
1.54411873338807764666e-01
2.18795519947278638284e-01
1.25074754547030819740e-01
1.96822523330639181927e-01
2.59130471618063407124e-01
2.42416790019255840027e-01
2.19035777808101461694e-01
1.85508578281436936619e-01
1.30668241558536263325e-01
1.87712377122554119335e-01
2.36552141763713391631e-01
1.81572974261039132848e-01
2.03657254594576120343e-01
1.25606210499322107355e-01
2.66971887293400156338e-01
2.81037148820222626444e-01
2.06950629701868810129e-01
1.68219411486902975517e-01
2.62683283269034728580e-01
1.45498494528293997874e-01
2.18277074767369988484e-01
1.77510413469182171120e-01
1.21422801614853123620e-01
2.06608802951374820323e-01
1.49320125160676192566e-01
2.44196755672551946148e-01
2.39158961446147705354e-01
1.52461506918959682766e-01
1.88667055937171951330e-01
1.55321520070465485253e-01
2.77529444104585076847e-01
2.12919334068092630519e-01
1.86803825638020531974e-01
1.52742210603356104448e-01
2.11950859870867230894e-01
2.02263090031275766245e-01
1.57660335443033983172e-01
2.01453620272756595000e-01
2.85592293602628610749e-01
1.57318975222317053442e-01
2.87307876992608735023e-01
1.62195656097812945795e-01
2.07651932786574316969e-01
2.84302396952610891834e-01
2.18418051765416010301e-01
1.32527676777343311754e-01
2.05609805184480465279e-01
1.29655107311667378012e-01
1.66389179095276562581e-01
2.23872891244116467568e-01
2.78774672927796729471e-01
2.90750603569450927210e-01
1.52951502460747457146e-01
1.66710015311018588946e-01
1.43660309967645533069e-01
1.51191076535620999577e-01
2.57058684797849268389e-01
1.53542253213895418806e-01
2.89153631491980367407e-01
1.66474488586089347519e-01
2.43210126814242699744e-01
1.60111143028834806978e-01
2.54944859959952863093e-01
1.40640102694786106596e-01
1.65868656044473983258e-01
1.37963105575367533939e-01
2.48677827409059554187e-01
1.73170898636837905515e-01
2.81763965634358570789e-01
2.49723081950567776799e-01
1.31105415012653103712e-01
2.25384050744501518437e-01
1.32093178514259418366e-01
1.86606671391994993758e-01
1.81972990965692443810e-01
1.32087401825458028437e-01
2.21406990957828619937e-01
1.45989899123192767849e-01
2.42617782952940230778e-01
1.29005029142277988230e-01
1.76947862832530417032e-01
1.99014014230154245855e-01
2.83068903797291049340e-01
1.60311267679474039882e-01
1.79152162194599284817e-01
1.45026950578159813388e-01
2.64511282610024045514e-01
2.22439995048102828745e-01
2.88783610597970030742e-01
2.42271545993333753399e-01
2.87704678620282483514e-01
2.87353735298499335382e-01
2.51824487093689930450e-01
1.57610121340604286688e-01
2.15787680809169435392e-01
1.22796633097165999726e-01
1.60773562876487946527e-01
2.71308114373676578790e-01
1.73911590944939548065e-01
1.86563427595014014182e-01
1.55796382923352849659e-01
1.55885008220803533696e-01
2.35051343908091681101e-01
1.32560202025343965015e-01
1.59421071333120861757e-01
2.61530817017803840496e-01
1.71900449810348021629e-01
1.75099803931928948986e-01
1.65458965130330676319e-01
2.08058369053013558769e-01
2.01909493295882397357e-01
2.75651560209624113540e-01
2.51375601562681516565e-01
1.98468935062895923682e-01
1.44691944647931253209e-01
2.18457440344795722487e-01
1.54356137665465104059e-01
2.46954061284685083555e-01
2.34211181033271792495e-01
1.49780403057275884882e-01
2.08183326606623309019e-01
1.24892834354097287397e-01
2.10097020866551104090e-01
1.71622935066965992545e-01
2.28290233317152646553e-01
1.71543130940880222957e-01
1.48547109056352905077e-01
1.09617342482838997508e-01
1.90905907737293434323e-01
2.24984284217809221706e-01
2.71745284253471386382e-01
2.03570961526932853181e-01
2.62203152217893864506e-01
1.25635636735760697347e-01
2.59993708002712986538e-01
1.93767070589922457691e-01
1.71198208320063910426e-01
1.35358406445850260047e-01
2.13394110798212993663e-01
1.65583896590097201518e-01
2.85717228261020417257e-01
1.74283501986390004790e-01
2.77654726546190833147e-01
1.71249571678296519384e-01
1.60629240628846897687e-01
1.96335153561454645033e-01
1.03729805518953832610e-01
2.78663535992781041806e-01
2.53689989290078188322e-01
1.88634371549831786341e-01
2.08668926382056280078e-01
2.04546335679327034862e-01
2.75920265564166322658e-01
2.64014247437519944395e-01
1.93984572121083942431e-01
1.83106570458299006132e-01
2.00254343336168427747e-01
2.61271341095804077170e-01
1.48838428522340859850e-01
2.38882545107423127639e-01
1.55818755122738766827e-01
1.54268208708080889480e-01
1.62565226712233806827e-01
1.97935685408164807608e-01
2.92545041790148951932e-01
1.66855193053737527187e-01
2.27820703600441015757e-01
2.42416050230095159179e-01
1.38184612446538401809e-01
1.79282575447141545588e-01
2.54739036487151904176e-01
1.43574743081095246300e-01
2.17824646001342131507e-01
1.62733779959785856972e-01
1.28826274851095545770e-01
1.48562115026005220342e-01
1.67650387741871909064e-01
9.88839819030362943142e-02
2.47588276477300056611e-01
2.07862162802661065708e-01
2.02999297821445656709e-01
1.65101370890735010821e-01
2.11255455290508459276e-01
1.15094424982272708347e-01
1.75506648882599286532e-01
1.93664789799281700233e-01
1.77185482500683388896e-01
2.16585718220292572367e-01
2.85436890883081217929e-01
1.88430469364697011914e-01
1.64992089374006029034e-01
2.62973324945706188327e-01
1.85357937046137871695e-01
1.57478284677602414776e-01
1.73997290427178846750e-01
2.56542671265294397465e-01
2.87413852955512416631e-01
1.72568743651777545267e-01
2.55495726849567728056e-01
1.31363830411418858191e-01
1.71666350974790549166e-01
2.49679255843477942989e-01
2.74841299525949878113e-01
2.58108862827296337006e-01
1.77894122179458213928e-01
2.65549626924987514087e-01
1.57452301745639761110e-01
2.48395331252421219803e-01
1.35608065442288650004e-01
1.56756930465609678471e-01
2.72449243245416139469e-01
1.61967192011221755576e-01
1.96474622485958760887e-01
1.53815259269033638434e-01
1.72899366303060852967e-01
1.94215156599581578734e-01
2.80072828180457478187e-01
2.19254741196171248907e-01
1.81622874718467053334e-01
1.85439199256791420467e-01
1.23687967013772076585e-01
2.64636203556675053683e-01
1.62904019391051285703e-01
2.16528376451701920491e-01
1.74099587342532197143e-01
2.31068013840622171751e-01
2.02324574849423538536e-01
2.47824246289583161040e-01
2.07748823845046004521e-01
2.04334112898458680752e-01
1.49796712063382658764e-01
2.06542948197221215567e-01
2.87085788812333875253e-01
2.17733564941191393149e-01
1.53133905772039974336e-01
2.18263133261208469582e-01
1.16150133921575735019e-01
1.85171836165762410120e-01
2.66688378646314450116e-01
2.52420379028714725322e-01
1.75651125293861953836e-01
1.84573244355730026189e-01
1.96510758229670429165e-01
1.79741677762838170107e-01
2.59897101040007849626e-01
1.61853127649730643700e-01
1.93659184845439286127e-01
1.87418907170541326757e-01
2.17687600864174213289e-01
2.43407606822383437706e-01
2.81692716955905753107e-01
2.48550872911361936390e-01
1.58498843797044819404e-01
2.80230748650108052455e-01
1.73741632604278273266e-01
1.56951600075978803250e-01
2.17593418567494450988e-01
2.00397576301992508263e-01
2.17811220638223501656e-01
1.65173396289090418376e-01
1.12226378966800821591e-01
2.78237382143377787180e-01
1.91025098010706328999e-01
2.24659563437660192431e-01
1.59471241197276764057e-01
2.64511582288942503904e-01
1.69614881776334630592e-01
1.97090262217594097693e-01
1.92329200986225690162e-01
2.85394209160329703767e-01
1.93155357425079027278e-01
1.42175336908339999820e-01
2.48380153444271778440e-01
1.50893222014774452955e-01
1.99670880613573770157e-01
1.73117366546513773429e-01
2.22748314240534733832e-01
1.42071725860566683286e-01
1.79326334937175341233e-01
1.56660776536438839379e-01
2.31655707456129761335e-01
2.09797821094500347439e-01
1.63300651756200815301e-01
2.31231525964778444893e-01
1.16339818566129751809e-01
1.89310597892880766446e-01
2.91452387687937797267e-01
2.28844852417440292047e-01
2.80235112997996638207e-01
1.77386490999173862537e-01
1.87637140012312020332e-01
2.07950476424075547666e-01
2.68404661136873667893e-01
1.82244516211050894272e-01
2.09576789633298926629e-01
1.50213680740603677810e-01
2.27055453467121137745e-01
1.49613203642459280385e-01
1.70806273262547436698e-01
1.90138630731789992634e-01
1.04870280715939762084e-01
2.06466649040081023925e-01
1.68818956497782085568e-01
1.66263559880209410569e-01
1.81018911840724466833e-01
2.59949634254407035971e-01
1.33572967044233908984e-01
1.65282693116974604974e-01
2.26144802471779121644e-01
1.75235660312049484899e-01
2.44833940141067935015e-01
2.28423503197459909497e-01
1.70243833286260276560e-01
1.48776699388714961358e-01
2.86380179010349789070e-01
2.92723694061481798379e-01
2.82012479732723919668e-01
1.73512215722697787923e-01
2.64109143329041173853e-01
1.42463369414737500707e-01
1.50255142983526546185e-01
1.66656823646678192707e-01
1.40556502450082360101e-01
1.71688679664676768777e-01
2.38303152553632963118e-01
2.77790542001775164760e-01
1.82989579090067217004e-01
2.56972794567362716744e-01
1.70946594371575638638e-01
2.45457239887113543020e-01
2.86195862362543629320e-01
2.63903973952648140955e-01
1.93768998020839272600e-01
1.46084386811185240607e-01
1.79379975395806079419e-01
1.89738004693313894178e-01
2.09838787205797683288e-01
1.76184543851042735296e-01
2.20988383868926524523e-01
2.30538984991692869064e-01
1.98894189269068377701e-01
1.31321170193537339888e-01
2.12872452715235110920e-01
1.82287446907350103587e-01
1.73241966549678716447e-01
2.39851498836259030556e-01
1.31426696679175475380e-01
1.64224855710090378302e-01
2.83418215979495624612e-01
1.91169697258744442081e-01
1.81651670416211719061e-01
2.16210818522108133566e-01
1.35494162667621986795e-01
2.27876002170039809736e-01
1.55290048554310111673e-01
1.51688029663648776824e-01
1.49207083873387186257e-01
1.29204942722946941602e-01
2.66837452866440727473e-01
1.47122089860768356928e-01
1.73304680032738855910e-01
1.76697512356569386149e-01
1.25360363648164413464e-01
2.78241029648756132975e-01
1.60025730274852895363e-01
1.78913271631816112039e-01
1.69214105206983267404e-01
1.60037349253228960988e-01
2.50566353210082803926e-01
1.79826266170990761717e-01
1.68606789673488466352e-01
1.52944624456042899130e-01
2.66303823669507222505e-01
2.27999355176719709082e-01
1.51972805531121302192e-01
1.90469397366086062862e-01
1.09218884859716411362e-01
2.18429490486060529086e-01
2.36367343186405454158e-01
1.86320870803568294782e-01
2.17834105799091071187e-01
1.85409016115537311764e-01
1.23710887866064586649e-01
1.94291585626063606496e-01
1.89928417569067337078e-01
2.10651675248501230042e-01
2.25714055609658431623e-01
1.96519506536017990461e-01
1.82936976975678705637e-01
1.23802219899321649943e-01
2.46898384136065213168e-01
2.94094148512002884210e-01
2.07231700707203619904e-01
1.76753527843152236088e-01
1.56976536781775033447e-01
1.40675805329132541655e-01
2.67502662413386105289e-01
1.30201125006660534122e-01
2.37176582632539822981e-01
1.97326644751792290577e-01
1.65304058210922338867e-01
2.27601064540568415184e-01
2.34904308201105638254e-01
1.60414570859881727705e-01
2.62455990527345361940e-01
1.49387863445763241499e-01
2.27374754909158705019e-01
1.31014740086755177018e-01
1.98798819435629409158e-01
1.21354577997700649461e-01
2.12683333865162110810e-01
2.08963665760342115485e-01
2.54792226798621124217e-01
1.27700533377899383414e-01
2.56637055650582146527e-01
2.56907560030840642629e-01
1.50809561159098909355e-01
1.55809041538031378682e-01
9.49649563997162216022e-02
1.76802800093776829593e-01
2.73798306718650130698e-01
1.49160226404360246599e-01
1.86373633884302447594e-01
2.76255741964741785566e-01
1.75574187724876040750e-01
1.68920193656649564318e-01
1.93317291841676675013e-01
2.01238600174022203015e-01
1.66908775065902348356e-01
2.85010551848523641105e-01
1.65415635430874535805e-01
1.66354798935558240158e-01
2.49197638811044897000e-01
2.13578634722413174263e-01
2.03196592227822520060e-01
1.26244098887829198086e-01
2.23296183537829429078e-01
1.35264596318327129376e-01
2.29650461826228391438e-01
2.39371126234898257135e-01
2.24149249173142633973e-01
2.57693895966221886429e-01
2.87813551220664376462e-01
2.25563420766754646474e-01
2.39334317177374272800e-01
1.89938307706581377410e-01
1.55372113326169264402e-01
2.42217269524718226137e-01
2.81338778845291792585e-01
2.53747990477264706577e-01
1.56721996069473290536e-01
1.72471189999953339322e-01
1.51328886019821085007e-01
1.84119534096439690929e-01
1.65716093009248804924e-01
2.00469292104401869414e-01
1.83015155687309166721e-01
1.50959558938445481679e-01
1.92737061025481049015e-01
1.87082714448689735320e-01
1.72985677294393375147e-01
1.21027045477446887345e-01
1.67733252378918590297e-01
1.45202274013219223558e-01
1.65722147139511777336e-01
1.45178832418124903469e-01
2.73763375998781088860e-01
1.93337058895287877691e-01
2.92959516761275295949e-01
2.52283721468508526087e-01
2.00102405065506361304e-01
1.87967707254304727815e-01
1.14638108607042210618e-01
1.88131473233481144591e-01
2.93770506218714755331e-01
1.88556392469202693807e-01
2.38490469486728196014e-01
1.97886492942292546715e-01
2.44865806892264892269e-01
1.96627921773587371890e-01
2.24404149110483147611e-01
2.20067115335299573475e-01
1.98625553967761103724e-01
2.22357083622267415191e-01
1.76740412911252392503e-01
2.59832626437193181523e-01
1.71803936442096655268e-01
1.74680045351493978822e-01
2.50193993327177954811e-01
2.47054043020165953193e-01
1.69671810329264788342e-01
1.63576500320308848568e-01
1.39069384714968796724e-01
1.78494111538728350563e-01
2.58459924253258310767e-01
1.70312187379529633713e-01
1.74014318209738116927e-01
2.49523707300528890807e-01
1.68447557468192538055e-01
1.61205801601555315239e-01
2.56604558044084773982e-01
1.62803332941927225708e-01
1.83560239313447226550e-01
2.34223463460879632869e-01
1.95300653014781194772e-01
2.20354811993316801466e-01
1.61534887769670371105e-01
1.60654999888456634372e-01
1.58991149419401678333e-01
7.07101962974400338746e-02
1.49352368260968704217e-01
1.57606212358396585715e-01
1.58209189176861664272e-01
7.22713968455017119474e-02
1.73991307613340362437e-01
1.93618612806207235355e-01
1.57220183500719812297e-01
1.54406638215460162433e-01
2.34698297991272231133e-01
1.80243463751116356208e-01
1.61238648546184470955e-01
1.53421768846536243913e-01
1.50734080091398048307e-01
8.92799379256057901166e-02
1.87147741236703052392e-01
1.51535643556227284101e-01
1.43396439945348730394e-01
2.55136212907928705551e-01
1.74278763651800033818e-01
1.62292574572868164573e-01
1.43081579540519476801e-01
2.94983858682064170598e-01
2.28459440097711907747e-01
1.85383957895498580060e-01
1.67607828450821561006e-01
2.87171947517789405424e-01
2.17743394240927562455e-01
1.58888371660735355784e-01
2.82764731923908718692e-01
2.44989910120804815774e-01
1.66525984398831955469e-01
1.41354814208784540508e-01
2.86585922873053899895e-01
1.10962377592587577158e-01
2.77474178474322263899e-01
2.50339600459056399462e-01
1.56744002532792414684e-01
2.82241499331689460472e-01
2.80380562502110630696e-01
2.16095921564938397985e-01
1.41642882701532107914e-01
2.21536929068270632692e-01
2.24473436370542345220e-01
1.46732476067842537715e-01
2.43757614469784306133e-01
2.80295409946024642878e-01
1.44534151549036982143e-01
1.75971096376649260851e-01
1.41042595555385341655e-01
2.21953169855715282122e-01
2.73559949102568811252e-01
1.52213769498688811233e-01
1.80234967660024281155e-01
1.40103951125583880977e-01
1.89124610631218492696e-01
1.79300911228052639590e-01
2.08510687812399675423e-01
1.78588486493390707910e-01
1.64870999987869332193e-01
2.80696119347952466327e-01
1.91008076682636557253e-01
2.51107227596976900763e-01
1.41136564468602510036e-01
1.81569698727480688394e-01
2.83309566107535437673e-01
2.44339667291792989046e-01
1.38712225042531889230e-01
2.71525139246092617196e-01
2.00900389291907510714e-01
2.82340253972047039444e-01
2.41594852080916716597e-01
1.90865090757843997027e-01
2.63803807040383753169e-01
1.82723095390265211080e-01
1.63854590719942905253e-01
2.72676445081877161236e-01
2.40190579490204003665e-01
1.56598730279015996292e-01
1.53382722951445865656e-01
2.66350081359101598100e-01
2.42650756611225093540e-01
1.71435189491539408113e-01
2.65924755194021089633e-01
1.72886864548148860843e-01
2.53171511564176610065e-01
1.45728127202678359176e-01
2.65739438736518673867e-01
2.06590539960086222449e-01
1.73115156959175592322e-01
1.25459146132157334241e-01
2.65192809664968109917e-01
2.28632741582674464675e-01
2.06844302636064930612e-01
1.40545072105001250806e-01
2.49945088939550891238e-01
2.29474267006128468394e-01
2.38253214291014314696e-01
1.43627762027401933986e-01
2.52777865061401263436e-01
2.25126074025200323403e-01
1.58657823180106682948e-01
1.33279047741533651639e-01
2.59565657467089705435e-01
2.13973078744739475532e-01
1.97273891489573499625e-01
2.61395035511388373894e-01
2.85060409743268350358e-01
1.92162409708558717947e-01
1.52916693169843326272e-01
1.39012664419469383903e-01
2.63766310263460312946e-01
1.68165105872175535406e-01
1.88313820321531433244e-01
2.45923025390059807327e-01
2.53474516455777065804e-01
1.74656053613953032855e-01
1.31940941166872077739e-01
1.41153114602547896661e-01
1.41549151103070869340e-01
2.59944865009870906825e-01
1.61949053609460796865e-01
1.73309442157662002559e-01
2.71335291689083490940e-01
2.56548499913447192178e-01
2.45676674204125533585e-01
2.73633408933631416815e-01
1.94898943460450807530e-01
1.30348864471463571357e-01
2.56966567718448557489e-01
1.67080064292541990989e-01
2.53196045786185153226e-01
1.67191818702351502335e-01
1.84863543374565841848e-01
2.59509515126131684593e-01
1.80944669523586676441e-01
1.49827363321924533768e-01
2.21731714856039402450e-01
1.28663713707478644110e-01
2.62277829524342365186e-01
1.41781199377773614589e-01
1.30171566219355300253e-01
2.54949658217068331201e-01
1.71516092099254724435e-01
1.58918807285355623282e-01
2.53152749671023802325e-01
1.72792444423938956755e-01
1.51854515523905414520e-01
1.99117518729518161447e-01
1.85953589244736067210e-01
1.26253814108723050325e-01
2.51649333353855642059e-01
1.72332685271831070883e-01
2.08005567967879168023e-01
2.13070524927780752256e-01
1.27310096241421477625e-01
2.41685710667800979223e-01
1.70935089495581588048e-01
1.32719127191646357744e-01
2.09589395349406903968e-01
2.11410531651098243522e-01
1.26799981900629632481e-01
2.51222332088530675431e-01
1.88531682281785156752e-01
1.65953945816301712268e-01
1.25342252891832123263e-01
2.51151908386139877116e-01
1.54190923708239085999e-01
2.51036384448549587667e-01
2.14954269103918849115e-01
2.47002159231452966814e-01
1.52358492431501874043e-01
1.26768282298846374223e-01
1.55794768249771564683e-01
1.71421044974063907507e-01
2.51413854799213465352e-01
1.99594880457891504788e-01
2.73420734392986308769e-01
1.30963063003466745338e-01
1.69039801591222921262e-01
1.27499681478033505266e-01
1.80983877626737760247e-01
1.70239560750608170947e-01
2.33368852020765599198e-01
1.39643765091750499119e-01
2.54645014137328096204e-01
1.40558551458102393150e-01
2.60958892955653054546e-01
1.74652497866363165535e-01
1.69598143214600094453e-01
2.52420596223842219619e-01
2.64384226658550824940e-01
1.85893530360698916448e-01
1.65280327955386135974e-01
1.44927399834510695076e-01
2.15992929013891582501e-01
1.23045616098258481230e-01
2.44300927433769687891e-01
2.13137768368255237084e-01
1.58482104406144269637e-01
1.25685369299692151213e-01
2.46727367369329320113e-01
2.06471901100367699611e-01
1.54261449623682739274e-01
1.24191033921294005649e-01
1.57848805357817034700e-01
2.44520220383693448474e-01
2.15783840398209636469e-01
1.51407884051656949076e-01
1.23718661163140730697e-01
2.29589855429197936543e-01
2.51516741550140310313e-01
2.34735905229685681839e-01
2.48406305632948881668e-01
2.31621326693830176247e-01
2.36170690203272276575e-01
1.59518748606550936353e-01
1.52617382511593346894e-01
1.72566366834236845085e-01
2.28408431168816539181e-01
1.93258972526503952638e-01
1.26183096332274119478e-01
1.46842230250701366590e-01
1.24788018006537743121e-01
2.42234799977212200695e-01
1.47386319799362702776e-01
1.65855657003311146580e-01
2.33804397095093180470e-01
1.91372898825826476266e-01
1.32972608698182670484e-01
1.56000321849027040466e-01
2.02317144799940284994e-01
2.05581919021197934150e-01
1.25166113475646462172e-01
2.42011209724343118177e-01
2.42896612666047728712e-01
1.49131620879007387170e-01
1.95218183710841874934e-01
1.66712566128051659087e-01
2.46320640759153552946e-01
2.33566574477171301494e-01
2.38203878131738322477e-01
1.60040985675545088807e-01
1.31756387097552163379e-01
1.76153853997010223509e-01
2.06999698098813633695e-01
2.44946112938094234801e-01
1.36189628901359383040e-01
1.24354672529824988869e-01
2.44890626994991367216e-01
2.19686801333170672601e-01
1.66359196827226829551e-01
1.90937271505591477094e-01
2.37107119304756391864e-01
2.31137685395523484466e-01
2.47848608761477490203e-01
2.49005682941172951095e-01
1.60630737793518219014e-01
1.24329408410721556355e-01
1.73553347707412430889e-01
2.39363125630682738176e-01
1.55594007869487072071e-01
2.48610926908714113814e-01
1.84787596545330889963e-01
1.58107038958453710586e-01
1.35487962398878697412e-01
1.97986095898171593488e-01
2.40320169561358210064e-01
2.44796237145365441767e-01
2.80290401792587240415e-01
2.60779950418911665722e-01
2.59187032537393780007e-01
1.47191629564999371116e-01
1.17547264625766534341e-01
2.28701387472835387937e-01
2.31369910975908893436e-01
2.44561017819684395347e-01
1.49080607877617621337e-01
2.85892764695086287752e-01
1.91016591357923648520e-01
2.44010495595988696760e-01
2.47399507178167193944e-01
1.54690845769877377558e-01
2.15953085388933430089e-01
1.94612657496885221864e-01
2.25722673894316688825e-01
2.40637112260349422810e-01
1.87403475714833067656e-01
1.84933623781615208426e-01
2.12688187375321968720e-01
1.18446651793117502249e-01
2.31272244452290581807e-01
2.42755749408914311971e-01
2.14262579245653672633e-01
2.28842796684194549339e-01
2.27098284447583620427e-01
1.70896481160379615227e-01
1.83937950714364445437e-01
2.39153668859584944695e-01
1.59769348624822282723e-01
2.35017556110176606410e-01
2.39724795438436055761e-01
2.18912910539785232622e-01
1.51368984792129707140e-01
1.81327318286572641837e-01
1.22644433277666567439e-01
1.36493347534925701936e-01
2.34138106023688508106e-01
1.80937227965280861275e-01
1.22190772402870045932e-01
2.36994140597141328408e-01
1.52513824960230998107e-01
1.76320332874033591786e-01
1.75895345356294169337e-01
2.35709108510978010420e-01
2.18925075733685636781e-01
1.19010387479412865774e-01
2.36604803620404119391e-01
1.71301008136496402123e-01
1.81163580616083119690e-01
2.39128247457739806503e-01
1.92596122861832280693e-01
1.75807248732127052726e-01
2.02081929410053900975e-01
2.38612295337876478829e-01
2.29676695155951765548e-01
1.45062004922033332965e-01
1.24414399090298222195e-01
1.52783539329339995705e-01
1.21738731889238963046e-01
1.56430415802042727114e-01
2.59818651803522315813e-01
2.35479687185540492722e-01
1.67721444235255728872e-01
2.49970238764717744839e-01
2.28342351059193648943e-01
2.31720731653427991503e-01
2.82581307840770012962e-01
1.84368834592509106551e-01
1.91739148506506057457e-01
1.20433160902635158496e-01
2.29596767289959924341e-01
1.62383325785007803788e-01
1.20276210054191520782e-01
1.41007836108494433169e-01
2.34061568688668009131e-01
2.34086063967934632224e-01
1.90724588412191864428e-01
1.67577775211989271620e-01
1.60662317616795391473e-01
1.15984662593810197717e-01
2.32284390695306958152e-01
1.22691522323264037841e-01
1.85429992129105131182e-01
1.12238095212810806700e-01
2.25227954332937962967e-01
1.76997551000006747568e-01
2.41170942669302501571e-01
2.95480003988425499184e-01
2.22464200848136423039e-01
1.69013915767311895255e-01
2.31445281612220360445e-01
1.62231385758613316783e-01
1.62260737989816855587e-01
1.63380529352062014992e-01
1.98881991605575042525e-01
1.14999046035173746461e-01
2.27425522609051106171e-01
1.28201513532407301854e-01
1.68449724996035526958e-01
1.68238738939639004277e-01
2.30286697759206293590e-01
1.55447344585907948344e-01
2.08220080761264719760e-01
2.36604020835678108270e-01
1.22733483811101828920e-01
1.16607317977903940376e-01
2.29046872920566191301e-01
2.11186430006972736262e-01
1.63522330261038184585e-01
1.20590554045497275193e-01
2.26712506900259153086e-01
2.27297661884146989797e-01
1.74294162681944114768e-01
1.42215895669225378395e-01
1.91270290434139261793e-01
2.29038650013485750589e-01
1.39664656631518696583e-01
2.27670024210478799676e-01
1.49253810001621051162e-01
1.77451910612424795799e-01
1.23580236235411020096e-01
1.90135425534012608706e-01
1.14052140045682606773e-01
2.26174684147010585100e-01
1.67567307431968876008e-01
1.74344860276980956337e-01
2.31653528744977355025e-01
2.78208774998201735507e-01
2.16288332681168898874e-01
1.52245270143278821351e-01
1.18566578144939371864e-01
1.18876566992826740443e-01
2.26975194239370542393e-01
2.07105360558339973709e-01
1.35614529162623204117e-01
1.85693288947123724686e-01
2.27537290959723748074e-01
1.84805017823137046618e-01
1.72001560888993071385e-01
1.12464173033015299441e-01
2.03043496330835487873e-01
2.23026021721681594334e-01
1.96084177561576894488e-01
1.60980523731909935803e-01
1.17728098888922896870e-01
2.31580886552863018935e-01
2.36265107397199025652e-01
2.46319568100059727023e-01
2.79624739602057359456e-01
2.11046622095687641529e-01
2.23990058350811677146e-01
1.63204302997806915965e-01
1.81881562135913055211e-01
1.67569411149529223781e-01
2.38723097208879270203e-01
2.79873817562486526533e-01
1.36693028249431997034e-01
2.38636063387326263774e-01
1.60256001038962619942e-01
1.96206184953482104527e-01
2.18792166619374200964e-01
2.17319562956237416484e-01
1.65987776424922295337e-01
1.34631672755707948452e-01
1.94329243624036168692e-01
2.17580640260111451978e-01
1.74764616719174620263e-01
2.18887140732387575071e-01
1.14523280851536998770e-01
2.28844356703415491294e-01
1.59676730189467597221e-01
2.27353109486103155401e-01
2.28444121968590013738e-01
1.68658697389135497913e-01
2.17698319003615664569e-01
1.75380624813575081156e-01
1.10116549042366923539e-01
2.37250874782370363425e-01
2.62276984217067798966e-01
1.33697430491389823715e-01
1.28834035014044251399e-01
2.15718538204299897787e-01
1.34502002382864138674e-01
1.58201368584472035206e-01
2.27030595341244700869e-01
1.63308741241857624527e-01
2.25095798965684823489e-01
1.64766778216969417281e-01
1.32898085844003005507e-01
1.84424306543362170885e-01
2.26216947254179040483e-01
1.50590033999597805447e-01
2.26766619029344862479e-01
1.57665958380368231850e-01
1.21175873448471596583e-01
1.82177022551583078780e-01
2.10746879997213754088e-01
2.21625765898281812394e-01
2.79726944250996312213e-01
1.74209193549020202596e-01
1.38963661976791691410e-01
2.23155382917374411900e-01
2.29225399914581823291e-01
2.65951436546223607404e-01
2.09780035947179671618e-01
1.41391866901883739294e-01
2.13899539807826555293e-01
2.19556508354910667746e-01
1.54227651509059898727e-01
1.10525556017601694903e-01
2.25983107837731955758e-01
1.49399623429913530614e-01
2.26523012102523485511e-01
1.80857240855875123220e-01
1.67662385507304528831e-01
1.65782904803239539149e-01
2.48619942502607826906e-01
2.20825442386061970845e-01
1.71559344137823033272e-01
1.47944979386966712909e-01
1.74176511448157073092e-01
2.23989177019309565475e-01
1.86022141663297696512e-01
1.11649443943980325455e-01
2.21935347860587550706e-01
1.99784292488173365054e-01
1.67897366864403208009e-01
2.23497562592973264550e-01
2.00102038232997603284e-01
1.42144715498712825852e-01
1.11126260976242688394e-01
1.68775040337722892492e-01
2.25081558384955249252e-01
1.64572946509108808399e-01
1.31754201636570200673e-01
2.20668311257620292087e-01
1.70453226267501256608e-01
1.10456689670657776103e-01
2.14410678997105946797e-01
2.28908594240146562315e-01
1.31191671536877690896e-01
2.19691543956520990433e-01
2.20703375126783229998e-01
1.80724504100135796580e-01
1.39883809985287405064e-01
2.12948010373424229114e-01
2.19059117016388887889e-01
2.17221099134039030698e-01
2.10895629180786969847e-01
1.49511874605330274957e-01
1.17668538454252916137e-01
2.24826664408405957341e-01
1.66462928041080704400e-01
1.60965440691472644330e-01
2.20391010082081117982e-01
1.62447925533076603655e-01
2.26786724084744428787e-01
1.70401666828702225143e-01
1.26377068876794229624e-01
2.01366016797770414071e-01
1.21529216520143798497e-01
2.10730779984794808213e-01
1.66855539416586401424e-01
2.30303137438464033959e-01
2.74517421662086924528e-01
2.87240674217632385723e-01
1.55902994047580845116e-01
1.80257268397144065908e-01
1.73509659189337389629e-01
2.23900643886970618368e-01
2.13617768458056939140e-01
1.80306127183742698206e-01
2.18482850928854360761e-01
1.52406338506638150410e-01
1.86958500649208186895e-01
1.15984604379201966529e-01
2.17786055908085973698e-01
2.29547744929568003913e-01
1.91682976499453427977e-01
1.16408201645932130042e-01
1.67901325906021359202e-01
1.09949864119970597276e-01
2.21486317836768420442e-01
2.80913342944047461636e-01
2.39004327726696164103e-01
1.79270668889252360323e-01
2.22140187010365114384e-01
1.98984240205097667742e-01
2.10323589082180656407e-01
2.44850094258589112695e-01
1.94677379289145968677e-01
2.12461294980991782788e-01
1.74067553156813270565e-01
1.24687472237591037705e-01
2.71171001567276748201e-01
1.95950960880522384588e-01
1.83204449533847235632e-01
2.07814983887110532601e-01
1.64900924018029609863e-01
1.66854583017668395284e-01
2.18834113915084060853e-01
1.45269526026624073989e-01
2.26192096789432445236e-01
2.19790622397066787164e-01
1.58309528762484830189e-01
1.90216316642395244507e-01
1.44021639006088331136e-01
2.13243257558123122664e-01
1.71230943284208986244e-01
1.90854844952911800737e-01
1.60142182665904769800e-01
2.72014632280489609961e-01
2.20040156391964086824e-01
1.24976115142054242102e-01
2.45853177067126726918e-01
1.75362019186025591688e-01
2.07464515414082201206e-01
1.66728383738342589293e-01
2.10262208989751675503e-01
1.53690907757388139920e-01
1.94607419949086202227e-01
1.86866251746275718881e-01
2.18667507657173409985e-01
1.48406796084276398906e-01
1.06687599415302147854e-01
1.50739220407298118998e-01
1.09223964888663441219e-01
1.73265781186014933279e-01
1.70074531626578429044e-01
2.13974785033190395556e-01
1.57592180104217161052e-01
1.15578931038489915450e-01
2.17531454093425252738e-01
1.71045862916938157250e-01
2.02887537983484800286e-01
1.24899034247667434228e-01
1.60533760860449542518e-01
2.37970943444446692006e-01
2.16096616484386522261e-01
1.64482087818096422982e-01
2.19004060439526915260e-01
1.55166182543104269609e-01
1.44573213203553069262e-01
1.46490678710285177067e-01
2.05911128317534108945e-01
2.47808866084327228396e-01
1.52375211451863140644e-01
1.10276841109092402227e-01
1.65291599366090002921e-01
1.17306413315726262847e-01
1.56420517928435476307e-01
2.04047262421332309401e-01
2.12569192617368785125e-01
2.15443459130232106702e-01
2.09760877908631987454e-01
1.58309947703863529433e-01
1.16025492651399678157e-01
2.49662069335732289543e-01
2.14917387965701894847e-01
1.73973776098583360339e-01
1.67050136007128036120e-01
1.68958359059266483015e-01
1.66647760936053379588e-01
1.04627346869735710078e-01
1.60432947152385069201e-01
1.12524393817518567062e-01
2.14216052931707257034e-01
2.81852352850282261709e-01
1.77856917858147944855e-01
2.18909111395797328914e-01
2.27451334065113808247e-01
2.06909839258552413765e-01
2.42541856880415601649e-01
1.15608072490635330198e-01
1.25107635674246542301e-01
2.12708066111748528293e-01
1.67746024990161862744e-01
2.16439874445537444592e-01
2.03984240469698985265e-01
2.08542837978195783055e-01
1.75615563572822291905e-01
1.05294389579882255448e-01
1.95601738018863241519e-01
1.58587645660057702246e-01
1.41840718233517099067e-01
2.18116394037678879014e-01
1.81387155744280881287e-01
2.10826581210719288251e-01
2.00393626358225274142e-01
1.70907436449792921040e-01
1.08265473346584484293e-01
2.20666038764486815982e-01
1.87105098993079227432e-01
1.55685541994913578812e-01
2.11038012891042875419e-01
1.19551385279510674620e-01
1.57566381636439184488e-01
2.79788851216412781664e-01
1.93857063221849063028e-01
2.07216309947262589120e-01
1.61028684492080464974e-01
2.07194784186282121574e-01
1.58669464702569568137e-01
1.18561565125465520620e-01
2.17615790805010228537e-01
2.05323001129926879793e-01
1.70651921308324266979e-01
2.26960328172921055323e-01
1.92937269541060940625e-01
1.23626620468085257620e-01
2.20382654363291519140e-01
1.87181963030629644473e-01
1.77914870387947038344e-01
2.12073613616239387003e-01
2.09406363055877592361e-01
2.53125756794567280394e-01
1.75600916835903841928e-01
1.91637207295999839607e-01
2.08663251064963528592e-01
1.60659649637642315545e-01
1.15576936873928309835e-01
1.56348711820724656230e-01
1.02574820033963551302e-01
1.89039782217923696406e-01
2.10256020822234657164e-01
1.58955986160823764530e-01
2.24330864902714616216e-01
2.02145291312956332241e-01
1.83125530726875929144e-01
2.50379443425373882093e-01
2.42974761541193851055e-01
2.18797565068718280479e-01
1.71417026499703362141e-01
1.54556107216764493373e-01
2.08236186435019010599e-01
1.04567458613279873347e-01
2.06527294789720233803e-01
1.95556017933506742779e-01
2.06428723253330087539e-01
1.51730329166584132494e-01
1.12097511537946295523e-01
1.11178864520195513910e-01
1.73990140744698484898e-01
1.07377208405508448030e-01
2.08444022386563038163e-01
1.14820868591210364928e-01
2.08641971949773352701e-01
1.31837725014504053567e-01
2.20737149795860065904e-01
1.67982082544538086077e-01
1.68603617876248529361e-01
1.03728938208004481392e-01
2.11038547650518104604e-01
1.87703674913971774174e-01
2.09072109524441329675e-01
2.86150614565127248135e-01
1.97675686809202694194e-01
2.06635125063479974106e-01
1.61607440268076690826e-01
2.85835544087854720452e-01
2.08195505352541138100e-01
2.19456247504439927454e-01
2.34692147260640110451e-01
2.56599394236931122038e-01
1.21909938105307869005e-01
2.07590534875750076793e-01
1.18549351668408575744e-01
1.69127061548411061764e-01
1.47441981938659566476e-01
1.27409116361428292885e-01
1.68329388438264004879e-01
2.68650571843798591232e-01
1.62739118579399960618e-01
2.05970652174041535254e-01
2.02913227498849851882e-01
2.58267652355071375414e-01
2.21641331431658733520e-01
1.56625426278582363659e-01
1.04987320766898248325e-01
2.07985405686937602221e-01
2.05565915759398115670e-01
2.52440266980131389207e-01
2.04701873215659607697e-01
1.48993881783783393979e-01
1.44719419892424927543e-01
2.05636165126662467939e-01
2.65542649427544907859e-01
1.17143305506546099859e-01
2.13070851495459206992e-01
1.60168886223261142110e-01
2.12701374957944194799e-01
1.45609587174608784421e-01
2.02891081147397928097e-01
1.46564781670938948377e-01
2.04331288422722995302e-01
1.67313160812292360813e-01
2.03032992038240045485e-01
1.81669020859363955500e-01
2.00516446432705358616e-01
2.45991527304580154256e-01
1.64668651246100694596e-01
1.34598004633947110342e-01
2.04787179740334279732e-01
2.00652787830122192325e-01
2.11950437567371002823e-01
2.34237847592996761836e-01
1.81395542649206237273e-01
1.61490189315016879901e-01
1.69358353691218932457e-01
1.97414615097261686438e-01
1.69740713760723915815e-01
1.99124579821276681546e-01
2.08089106048346489386e-01
2.03797330058565817623e-01
2.00964952451018113999e-01
1.99540438620846971585e-01
2.83871068129529557922e-01
1.10089470204920047980e-01
1.21200017908414489631e-01
1.96186867914241447330e-01
1.50797332337147149683e-01
1.42035043975069719124e-01
2.50868985259238397312e-01
2.07403810015631046015e-01
2.02070231219247165022e-01
2.63470125634767238232e-01
2.02231181366771400887e-01
1.62140658793530317849e-01
1.08145697024893253091e-01
1.81131168521599217325e-01
2.03798869159006912355e-01
2.26015488236005646083e-01
1.84157715844327274368e-01
1.60626112085924560580e-01
2.79002585823590498748e-01
1.82883256162203078343e-01
1.47553342928786246357e-01
2.27624848610559205042e-01
1.52458857059470292983e-01
2.62797981116516365940e-01
1.82287133579835808339e-01
2.11705342485901615301e-01
2.02397216060399481874e-01
2.45610088027751805040e-01
1.82404049801532658348e-01
1.99444698391032820828e-01
1.01064709778636394044e-01
1.78976779348607145659e-01
2.00911999804914670475e-01
1.76151759919139033750e-01
2.03416516758104015672e-01
1.22949099817770107768e-01
1.85227065353878561638e-01
1.63170874738845450569e-01
2.02530548475137378572e-01
2.08912401620894638832e-01
2.38010237650904399320e-01
1.64708418358777280988e-01
1.34903773991087438944e-01
2.02225968118059429290e-01
1.35090486485762606428e-01
1.94515826700554061990e-01
2.65786048559738974362e-01
2.02076135218882291245e-01
2.41334673068334781831e-01
1.08805026768067913956e-01
1.99668680924800945320e-01
2.11398826539434675498e-01
1.98236888497070523618e-01
1.62832710967422078507e-01
1.38202986197838717519e-01
1.42707269771410044656e-01
1.95119941279716463400e-01
1.76152848785962018452e-01
1.98730503617336101696e-01
1.47662428887649133102e-01
1.10628515749783135069e-01
2.02900372806458839658e-01
2.82934153139913435737e-01
1.93308813808372392806e-01
2.43870971868322211629e-01
2.49160856460239499288e-01
1.43209391004919861512e-01
2.86131387467366049560e-01
1.97309861360247390527e-01
1.84588694694447580380e-01
1.00494079805727887234e-01
1.95737484986907961382e-01
1.26865754752809534178e-01
1.64580652997246279501e-01
1.83167372258270871876e-01
1.99474169370372295118e-01
1.34414872454650641265e-01
1.71635194388243123020e-01
1.02048867784018004734e-01
1.99048793460020800872e-01
1.87035140989093240371e-01
1.97976151414760132008e-01
1.94452067847066117912e-01
1.99778252049616134034e-01
1.68917930820521144941e-01
2.87108259894347128682e-01
1.91788768395753511653e-01
1.68312728455841997821e-01
2.73833633982843660526e-01
1.48801009681554241570e-01
1.13324333949068489780e-01
1.65365457820663336319e-01
9.42104643447318618188e-02
1.71599250397347607988e-01
1.15849091081724087093e-01
1.53032443347807772804e-01
2.53763688294838585247e-01
1.95425135921661830007e-01
2.89246867296778176204e-01
2.38402896244575057683e-01
1.31826149591042829368e-01
2.02731289843185308319e-01
1.99696563778648916720e-01
1.98140781135535043456e-01
1.25582575499151194443e-01
1.92706911915478534825e-01
1.95118910042594184695e-01
1.63810507012248723901e-01
1.04443721615997589525e-01
2.19982825443260393561e-01
1.96230388409873862665e-01
2.84589162937540607334e-01
1.37297155495261391511e-01
1.29802314374590416213e-01
1.72069736618616325741e-01
1.95691149999175972862e-01
1.87673748918169153166e-01
1.44433161663102854755e-01
1.00186538821340764827e-01
1.92108527011790819472e-01
1.03784934775187867584e-01
1.94118093172687106174e-01
2.11653433548808722620e-01
1.15862625483803036164e-01
1.99195508154677014545e-01
2.44195805414425565205e-01
1.75811463690511315949e-01
1.95766452450362338222e-01
1.80558042058502593585e-01
1.70436046272494728937e-01
9.88494081532610285867e-02
1.97048820306136351910e-01
1.03339129945493587992e-01
1.93005314895730278879e-01
2.85948681600387888402e-01
1.09552885187931020594e-01
1.54646513730507362272e-01
9.38120732102216137172e-02
1.69980113333883714466e-01
1.88419494418703786787e-01
1.70799391336737577118e-01
1.88744749002455664000e-01
1.93430710359032725920e-01
1.54286065718845843975e-01
1.74592202371698118624e-01
1.97561263148928051292e-01
2.70058367061640935969e-01
1.91459947406761782362e-01
1.98695250645303467252e-01
2.23871541972176624213e-01
2.45723469208783518170e-01
1.65296605682028502349e-01
1.94844297145182060449e-01
1.53240861221803442715e-01
9.61365210000861281081e-02
1.93014275029076615153e-01
2.17875671900283451876e-01
2.54945960309238828234e-01
1.38904651833551023854e-01
1.54362733941842272811e-01
9.72758425355442768456e-02
1.54739675229076195651e-01
1.94846806270977862541e-01
1.86241522550692262250e-01
1.90557870585289695908e-01
2.49069578561894988677e-01
2.53644038800441784520e-01
1.98331141145307809914e-01
1.81317846923572389972e-01
1.94624835235481713491e-01
2.81320825699766463579e-01
1.23302724219053666532e-01
1.52678778476250470719e-01
1.86192913498339079892e-01
1.87210898990950919130e-01
1.61461231340808253343e-01
1.85899622059029490106e-01
9.23330408385319156839e-02
1.91719624689284273700e-01
1.64391366543380268439e-01
1.31376178860552944583e-01
1.90918627875857088716e-01
1.47034363418896002473e-01
2.03807730039858830962e-01
9.72954681627054007720e-02
1.89854302561200838362e-01
1.00502372608809495413e-01
1.87198337065263509249e-01
1.18754132681772400781e-01
1.88677805663517356161e-01
1.31771418924438998843e-01
2.14280120902523352200e-01
1.91384943660675738153e-01
1.28016577930360253568e-01
1.94562421988419942398e-01
9.71948793610033362489e-02
1.32476189347369127658e-01
1.69874482159622780530e-01
1.92585108520882231087e-01
1.26135936453494496012e-01
1.94927376797103507622e-01
2.48294151774148930123e-01
1.97257220098530194896e-01
1.60980338156558794305e-01
1.87238608565754943713e-01
1.22515944387006192606e-01
1.76823279486497453306e-01
1.53725742557972305802e-01
9.72192832415463698004e-02
1.88914100881855923086e-01
1.90773134722895393312e-01
1.51579587992579006839e-01
1.90656822938493342168e-01
2.86103832887642350880e-01
2.52713284264994675343e-01
1.54989190245642588506e-01
1.53779322839580734339e-01
1.22181045109296684825e-01
1.90538928927922929235e-01
2.06921832946646760965e-01
1.46102536719935255372e-01
2.45523279405436473111e-01
2.25776083988096537558e-01
1.88690836078491158689e-01
2.29362196392517980748e-01
1.49243738374512796563e-01
1.53838532653558457408e-01
1.92918461501226073951e-01
1.39684147722639012690e-01
1.91366952763532244264e-01
2.00566649520801304485e-01
1.28639554414651025027e-01
1.90494663339527692258e-01
9.07604973291794986379e-02
1.83683215576192437890e-01
1.60243384470904165484e-01
1.90768295673049370631e-01
1.85840522300708188563e-01
1.07823378619852180971e-01
1.18959856359193733022e-01
1.73284803929831088265e-01
1.40196771360827004971e-01
1.46732092606082581421e-01
1.90499906619819608933e-01
1.43729799135600272431e-01
1.91796610838799702625e-01
1.89611420014723669469e-01
2.54853328188979988411e-01
1.34547183943180270749e-01
1.92235759129252559152e-01
2.47407847187594287508e-01
1.81644847174369350462e-01
1.87032255052143353558e-01
1.54073778655194920661e-01
1.60081512077441395769e-01
1.65283359071625807202e-01
1.90065849901790651089e-01
1.28633833749134618429e-01
2.17659192594753497785e-01
1.88406674303221027822e-01
1.93563645514853860385e-01
2.15979269607062068781e-01
1.40347811685825718531e-01
1.53674558340019251634e-01
1.39546598084653944438e-01
1.86337798154319667088e-01
1.86835158527510564186e-01
1.50247428374585240141e-01
1.03302960342654737147e-01
1.24234790782976778356e-01
1.88073074835288539530e-01
2.66568343403713325923e-01
1.90123066409628588280e-01
2.28075497458626624825e-01
1.88622333386054857884e-01
2.57244336847286036996e-01
2.19464725962966539230e-01
1.82715784150247972928e-01
1.58313864053152342226e-01
1.78959564731813097760e-01
1.49832674452537173426e-01
1.90862456845996786292e-01
1.89084759189126594414e-01
2.52060795412535232352e-01
1.60318398507470039061e-01
1.83936820288924135491e-01
2.32279680471624505600e-01
1.86946545977720618437e-01
1.84910618619483241298e-01
1.47162944348079971491e-01
9.83336131190759576981e-02
1.86193641032662587920e-01
2.85218295212631811619e-01
1.79766243808452574893e-01
9.99333113681320078792e-02
1.92532208630789847259e-01
2.43781521163930786633e-01
2.05558079929639286876e-01
1.89419347789501202328e-01
2.46176619046163641658e-01
1.85066508869217050126e-01
2.42521186850221448505e-01
1.85884631302348418691e-01
2.81811196466730140564e-01
1.85500427690099972677e-01
1.89563375864115701841e-01
1.37928641296867771082e-01
1.86703232711702082902e-01
1.79556629097897685332e-01
1.81198179251337881945e-01
2.73975559731155504650e-01
1.87985109660313287616e-01
1.42868545607491931326e-01
1.07426886997622747510e-01
1.81025776598251253446e-01
1.90460872497450250940e-01
2.61720024989013810846e-01
2.43187961879777286844e-01
1.40212553848933191292e-01
1.86882334339444705629e-01
1.77154375954984538710e-01
2.16087391752526836175e-01
1.72359534002043485179e-01
1.80135121166844158758e-01
1.08993507722118951331e-01
1.82111626454765390681e-01
9.18299898725900703989e-02
1.87151775091768779458e-01
1.77672580015487940885e-01
2.57733905348054626039e-01
1.73599123751849604425e-01
1.88569907697384214762e-01
1.07800795103746738235e-01
1.86719088946470629375e-01
1.30600132074971536644e-01
1.81326068423710129451e-01
1.80183069903917386645e-01
1.84049731309882697028e-01
2.59723120436052057336e-01
1.61331399474032993746e-01
1.74617305741699035959e-01
1.85487633617446356915e-01
1.16905761094139443168e-01
1.07959763713153814035e-01
3.04055147703504669021e-01
1.91062853354596384747e-01
1.85032196574001772671e-01
1.82889283624519755067e-01
2.50483944440137717979e-01
1.60647331775414181632e-01
1.81762406547668592394e-01
1.79018108214113347287e-01
9.08298616150900184341e-02
1.84582660564311940021e-01
1.41301735135701711510e-01
2.07283854112205373488e-01
1.88017006258051011525e-01
1.30618709435670138364e-01
1.81755433059262394568e-01
2.59229729631846150806e-01
1.11056742500804536689e-01
2.00241617864518772762e-01
1.53609255154108392816e-01
1.09150223563673806626e-01
1.97139405636443026948e-01
1.80045969051128712524e-01
1.81062465270966727049e-01
1.82585041957138344282e-01
1.71234524235038515494e-01
1.83069265372426764893e-01
1.66460610779247009106e-01
1.83520684060407696103e-01
1.79399898651030398344e-01
1.32106334295521210542e-01
1.69652744089212992318e-01
1.79650401983964452812e-01
2.03363600629512891738e-01
3.09159548943987838587e-01
3.13321094516471998492e-01
1.77550572175056625701e-01
2.86506568361163338476e-01
1.75883454616970719142e-01
1.84908113572660792734e-01
2.45723643371593414297e-01
2.42256219596112737369e-01
1.82096389972453837069e-01
9.69569903410784222908e-02
1.18036861978832730014e-01
1.87873488561345364234e-01
1.85801701982758998843e-01
1.82497746917598957506e-01
2.33927845747358614803e-01
2.00828151119533088176e-01
1.80316557437219276983e-01
1.79680284961928976584e-01
2.88070249621511564886e-01
1.83164805049987722274e-01
1.17490643227450231034e-01
1.87244111921443440183e-01
1.77039982631042952521e-01
2.61107029252373779027e-01
2.79615266836415743423e-01
1.40645138124287860659e-01
1.90395918538187214342e-01
1.48469111561597227888e-01
1.71595043912229544558e-01
1.80591315074562774878e-01
1.79234127200820714254e-01
2.46444288330973454437e-01
1.33513770513044860433e-01
1.77781115996609756502e-01
1.63787834545182253709e-01
2.49598266573728411188e-01
1.43353776472752908466e-01
1.44284575655196062316e-01
1.79070768752719655659e-01
1.66778445379761192102e-01
1.77601115461840514120e-01
2.46673791530434033392e-01
1.33591492878438911074e-01
1.64099795566600203944e-01
1.80562011968187829947e-01
2.38332078944484521132e-01
1.17938782090540567049e-01
1.78640342476160757235e-01
2.68373744555535809209e-01
1.78719588630933234885e-01
1.68012142623115229290e-01
1.30320867777996313164e-01
1.82350695392148154372e-01
2.24398732995531868806e-01
1.76973469299779528896e-01
1.46333206761145084851e-01
1.61828386029769233367e-01
1.47078200104570261386e-01
1.79266946451374614702e-01
1.75743702945510921198e-01
1.80084043967698503863e-01
1.77704805646893004845e-01
2.09845380511461371276e-01
1.31676932955206799081e-01
1.75027280319383415907e-01
1.73221522915023434797e-01
1.82826480907444050006e-01
1.83538223559998492362e-01
1.41492231261083734051e-01
1.77084137104371819316e-01
1.71527205469248988923e-01
1.29853424910550574456e-01
1.89366821774565208258e-01
1.84575300086441546066e-01
1.81327822531458127120e-01
2.83087804159769473866e-01
1.57793537998233646125e-01
1.78962976252072858419e-01
1.77908839732066170747e-01
1.84152125526695964464e-01
2.56494750963835504987e-01
2.24571535328945914856e-01
2.52908075456755587762e-01
1.92306311180886646550e-01
2.59618990253024539694e-01
1.98358249024787436365e-01
1.77439612044802436097e-01
1.33482034079496991730e-01
1.41961358095257755840e-01
1.95752931050367673382e-01
1.80508757383817886044e-01
1.76463545668786803144e-01
1.82020558179563862744e-01
1.41864275997341915403e-01
1.40596420562722757008e-01
1.77350248643355468126e-01
1.70296373723253430255e-01
1.76723666920987149132e-01
2.80388629691005808464e-01
1.77388905879144520572e-01
1.03107882094435512887e-01
1.85453828509955481740e-01
2.15134518462286788987e-01
1.81120270603513516816e-01
2.72306667047723938158e-01
1.76449290052411444929e-01
1.76436178432882617706e-01
1.75695633411875135055e-01
1.72031639531802421628e-01
1.93942139105971578239e-01
1.75263060684475113771e-01
1.03733614837872606396e-01
1.74997930994654854464e-01
1.81386486205036806529e-01
1.76401207629539757971e-01
2.83642615564022759767e-01
1.15801708680010440045e-01
1.78210133474502596673e-01
1.65577144327832964654e-01
1.72299818410119043310e-01
2.04318842461971600377e-01
1.77892467341930954339e-01
1.70334209987307055867e-01
1.68348174617368562256e-01
1.52973533622649982000e-01
1.73758165163539868292e-01
1.37630399547810644556e-01
1.77923157570901935287e-01
2.53622862329088871736e-01
1.72900295236879275595e-01
1.00689619668563629107e-01
1.71413069201271750508e-01
2.69426682637410652710e-01
1.69964052111027386083e-01
2.66929835380011415413e-01
1.76052902682375611576e-01
2.34197886976484054289e-01
1.72988989358427103227e-01
1.80834125623456465348e-01
2.38254965339654511958e-01
1.67370621355720672341e-01
2.94913609785984687228e-01
1.76388984194025044694e-01
1.74760010511558455670e-01
2.85316145004098908888e-01
1.32275963516212596849e-01
1.71459002485907396895e-01
1.73477378666499371107e-01
2.62046400381688138204e-01
2.07046213742246465461e-01
1.73310486001280406043e-01
2.35598505090758192360e-01
1.70722363743008170855e-01
2.76749594263478615463e-01
1.74937696866627384606e-01
1.78070494391968342507e-01
1.98824443882033907727e-01
1.74437893980207175959e-01
1.70532503030947218958e-01
1.68920821514104674277e-01
1.70626887881130839819e-01
1.29058208386758660469e-01
1.66981066390773730257e-01
1.38518927013603493359e-01
1.69875848601265255766e-01
1.72938589013557075802e-01
1.69052229577133950045e-01
1.06750165063104238139e-01
1.71670119506133200815e-01
1.58497250918399223973e-01
1.75588913784441386090e-01
1.32887520360491312443e-01
1.69805039084870379451e-01
1.66602266794302678043e-01
1.72682420602098291029e-01
1.68209659877190303989e-01
1.76658286502501732373e-01
2.00642644420372440184e-01
1.35267808851514986790e-01
1.70188728579303977240e-01
2.59125538934876109565e-01
1.70208472953023104424e-01
2.50528832112313970537e-01
1.66341216179274026254e-01
2.58695624819980318776e-01
1.72550265233061883574e-01
1.59968591457823355872e-01
1.73212368983857417648e-01
1.72465731256965904006e-01
1.72146758323530435497e-01
2.39166403364561241940e-01
2.14906910423466851467e-01
1.62012919537424554539e-01
1.70343275373581931609e-01
1.09886497100417174222e-01
1.88543174843323307899e-01
1.40088983396268573767e-01
1.09365723263004130383e-01
1.70765750455528969587e-01
1.61494397107144166403e-01
1.62276182201825269757e-01
1.63905028309078992788e-01
1.92420576299001888643e-01
1.69985977777109664721e-01
1.53584540314780304548e-01
1.39627198515039990800e-01
1.37546188405931496535e-01
1.71481101702199184578e-01
1.13603866104987807906e-01
1.72529524085009822176e-01
2.91761090623818442058e-01
1.39688200621956554182e-01
1.66861136592676900792e-01
1.69404648664078949505e-01
2.62921709497333067063e-01
1.65055259610228738376e-01
1.72213861245255200894e-01
1.73348000161524795626e-01
2.65783702340832039823e-01
1.68189442251884507806e-01
1.37160411007002963624e-01
2.81002066876740230761e-01
1.69802231677001203014e-01
1.73094765946287310054e-01
2.21235967023899637862e-01
2.11837957800296072808e-01
1.71367448860628268648e-01
1.62849093608162326374e-01
1.47333615987662536195e-01
1.33888177898573240698e-01
1.69858937724807423919e-01
2.62882725748574075375e-01
1.11645782141556945688e-01
1.45448255293764178164e-01
1.58788092831295163387e-01
2.13721692399835822007e-01
1.54739468074567010358e-01
1.65111332248879888462e-01
1.70115534999011802642e-01
2.47293255882565621295e-01
1.73119517471745504311e-01
1.80758700108459485767e-01
2.49098631807181891684e-01
1.71354427696543631932e-01
2.41327491386310960531e-01
1.71799575482595445752e-01
1.70190436679033246792e-01
1.39342573655720836090e-01
1.74767953342065546218e-01
1.68783945424320513951e-01
1.71037644923566489741e-01
1.71398879695872058404e-01
1.88796380230130539379e-01
1.68564189405697950619e-01
2.61099088504728460425e-01
1.75978828067469533769e-01
2.34026468975199519740e-01
1.74022080007566831705e-01
2.37239253834372831875e-01
1.70209947857374060964e-01
1.70269708785796697326e-01
1.68410263849920971424e-01
1.79180303295312010059e-01
2.18445172986266727966e-01
1.67635006120440049893e-01
1.74378373054114660379e-01
1.50732560613160121443e-01
1.32382985311557288544e-01
1.69297907857716922742e-01
1.54112600279795369795e-01
1.69146968193343655296e-01
1.67331144323344505054e-01
1.87771047417752801056e-01
1.67067320553721671006e-01
1.39280637025251979866e-01
1.68877218904741610572e-01
1.28564894539683755026e-01
1.71156363244519771349e-01
1.70592176110160476110e-01
1.09093400909495874540e-01
1.68830817264651045218e-01
1.98190455451315805657e-01
1.71027213080258116973e-01
1.67018452064435024562e-01
2.58816949810092622464e-01
9.81338445440714662871e-02
1.65696294496889690029e-01
1.67943266080423703190e-01
1.24695426800665004619e-01
1.70244954215976601608e-01
1.85251170967959094549e-01
1.76589688003008810080e-01
1.71906273663877645630e-01
1.76906024325233224292e-01
1.68864311907045649974e-01
1.41078245367597332471e-01
1.68917947980669003183e-01
1.61622345945726136884e-01
1.66078867436528498924e-01
1.68108875771031091029e-01
2.59914853375100451949e-01
1.69825477917772915681e-01
1.67972848466649504751e-01
2.30792252309300838231e-01
1.68850076651477970513e-01
1.44478902850900703392e-01
1.69550118832161283988e-01
1.69164477387570871825e-01
1.59579384806716184642e-01
1.44377580569006597200e-01
9.90734303386336945252e-02
1.67977838481747410171e-01
1.69165227277948526652e-01
1.68708033472031199151e-01
1.37964720405942875558e-01
1.58979570112514817515e-01
1.66384839633573589079e-01
1.68482813737781567109e-01
1.68746925817924164903e-01
1.53759289833167417383e-01
1.45508142263586159881e-01
1.64438852654383294016e-01
2.49633994052272573105e-01
1.29892453306148569769e-01
1.67023044517815022481e-01
1.47950624956436127544e-01
1.52434922393131333518e-01
1.45590711514733683885e-01
1.70752244696812077729e-01
1.66295451404901623027e-01
1.78560834309094806915e-01
1.68230739286522795739e-01
1.68648219972817980938e-01
1.41208558203814338317e-01
1.69409193605305735675e-01
1.69915585818370434845e-01
1.68037160598958096314e-01
2.50139901376489726115e-01
1.30856124365655912545e-01
1.66460092064134118628e-01
1.67657898975860891744e-01
2.88064467263839996125e-01
2.48870356099315265253e-01
1.67317767391870292348e-01
2.40249977750259108289e-01
1.66418304885610518484e-01
1.67107108017582550730e-01
2.94374941604223505642e-01
1.68682198247592202156e-01
1.63812115479899711445e-01
2.43314451473807868975e-01
1.75288908882336336159e-01
1.71269728478210703226e-01
1.37678064167825991992e-01
1.63781973611261677526e-01
1.68376064575699091463e-01
1.69807105790658857680e-01
1.24954513924067492359e-01
1.43900303463891238165e-01
1.66241763191443625569e-01
1.65932512076446325722e-01
1.19443596835493853758e-01
1.66850730181201140079e-01
1.89916266881069523143e-01
1.66335400572938801877e-01
1.66018367950657774745e-01
2.62659047892890962217e-01
1.42205779126588355288e-01
1.63974247517712390376e-01
1.55673656332727033957e-01
2.51300202922719539966e-01
1.66650252040013380217e-01
1.66600335791978498845e-01
1.69787712491481529442e-01
1.65683014277263784830e-01
1.52218039551821837652e-01
1.68493513029433911177e-01
1.66676007346588439528e-01
1.66105647890882973661e-01
1.68932167727167931170e-01
1.90506193896681441657e-01
2.60982059004618183184e-01
1.73189731546070591062e-01
1.69002097594231071032e-01
1.65978247442850168625e-01
2.53248559094499114952e-01
2.09794183172770570822e-01
1.44638326151819207599e-01
1.66089348948088771918e-01
1.42711756348242069237e-01
1.63661391262569871907e-01
1.50340302846575346596e-01
1.69983532746557475246e-01
2.43177981085870548172e-01
1.19781088845443361990e-01
1.59917098765704257524e-01
1.64246371002710389586e-01
1.70165870505809668778e-01
1.42440596927280560546e-01
1.68016671271037865143e-01
1.65205720424566410154e-01
1.63584655918579319200e-01
1.83539872793352515368e-01
1.31576765388118577249e-01
1.64741827499879339713e-01
1.65271720705297942011e-01
2.58546924219975993164e-01
1.69302036801097011143e-01
2.02261393295903091349e-01
1.66692221927749212318e-01
1.64991189092023982088e-01
1.67651401893929796749e-01
2.29902897104407977213e-01
1.33881983870123538738e-01
1.74291479367179646953e-01
1.67799709296530069613e-01
1.63393311041670236117e-01
1.67457923804757546904e-01
2.79406113449580661978e-01
1.65033663123042850795e-01
1.60005775958369705902e-01
1.81849781894947576388e-01
1.64561668547053702172e-01
1.33283747385043255251e-01
1.64029012729455858643e-01
1.66167522113709137388e-01
1.64914406020699066957e-01
1.66899960542865294366e-01
1.64433214321194814955e-01
1.64484041247167811495e-01
1.63708251746819521966e-01
1.74792269028838848088e-01
1.67367420808232580942e-01
2.50338988481618562876e-01
1.70837331880359211134e-01
1.63288969539157807764e-01
1.66691914587960732241e-01
1.85829908512542690824e-01
1.58872556346274007577e-01
1.69129033914937276784e-01
1.56802355945311056029e-01
1.29118828173895777711e-01
1.82007976793573500451e-01
1.61883834362792272676e-01
1.63788819221581755103e-01
1.63967995614998057752e-01
1.64053920565770033901e-01
1.34932052885887637794e-01
1.68061979459959986993e-01
1.62971365352935410042e-01
2.57857789213356836111e-01
1.63889855625935554340e-01
1.57217383750684502886e-01
2.54752504191813555767e-01
1.63210888395964537345e-01
1.54050743402587952957e-01
2.35679479079214715398e-01
1.76768864116393670249e-01
1.62745235263586141006e-01
1.58698062054960148393e-01
1.60200864819763061364e-01
1.62561271725463613036e-01
1.62535894537175984453e-01
1.62344939397567916695e-01
2.33107888523747724951e-01
1.62928961071996086796e-01
1.52160206217000049111e-01
1.61680976261896675039e-01
2.53044881276029698380e-01
1.71061470004206406248e-01
1.60608687616828421652e-01
1.60411320516975930417e-01
9.84040726088101364022e-02
1.57110601074529676602e-01
1.53663271333783629791e-01
1.74936164825915840826e-01
1.62083632107039132819e-01
1.61285836851845110207e-01
1.61032040715504864981e-01
1.32589638501656670311e-01
1.62880546309250834325e-01
1.96859278983745250580e-01
1.61062072645921178227e-01
1.62470125042236651636e-01
1.62846389966127352844e-01
1.58555646130940391947e-01
2.45928269176197034085e-01
1.61328976318577094196e-01
1.61211877727449076625e-01
1.59189729596478646290e-01
1.11585620283260383845e-01
1.32308585288332669627e-01
2.36263115508959703481e-01
1.61594392105666950776e-01
1.62360194413532277213e-01
2.08233993752220875040e-01
2.08750791236823801666e-01
1.31970374531559159204e-01
1.61924154368642631008e-01
1.62685666688863500573e-01
1.67109997516605823797e-01
1.59064795344538739696e-01
1.58212796479930722926e-01
1.60813089872715253570e-01
1.59305193882559925633e-01
1.55898714722091241702e-01
1.60463810066319823022e-01
1.62623754722365204683e-01
1.57329438316546416088e-01
1.20873213264974452286e-01
1.66853887533374517504e-01
2.38167741644413233360e-01
1.61362846606646126446e-01
1.58783759394624551797e-01
1.60596362842500256507e-01
2.29068628771401161526e-01
1.58615552494072886702e-01
1.57608462026155249358e-01
1.58194562209198641423e-01
1.63400587134226671360e-01
1.60153577855756956705e-01
1.61984079979762080059e-01
1.60797718991905980168e-01
1.56416009296778846238e-01
1.71633726065013286766e-01
2.07068260556368233249e-01
1.61438967864019816689e-01
1.58709844168186370306e-01
1.58190949595733820754e-01
1.66211062760575539743e-01
1.59402173172137118229e-01
1.95833604503925701179e-01
1.57985291498924013132e-01
1.56225523730919191312e-01
1.41646440763613962188e-01
1.59769139013139854777e-01
1.59401660044680815176e-01
1.53599418504758694626e-01
1.56867938272452600579e-01
1.58717473285717641796e-01
1.59081032008847655934e-01
1.51223821103025929391e-01
1.62521117901674477801e-01
1.59208457064943575965e-01
1.54887306243612160594e-01
2.25445015600899939523e-01
1.58123901492753404785e-01
1.29610374089268065578e-01
1.56995823196542400035e-01
1.54937198971066975028e-01
1.59166590829734139190e-01
2.60319621321251915003e-01
1.55061157090388063162e-01
1.88380648066620692838e-01
1.59533541014703267313e-01
2.39908582194739372628e-01
1.56843447819792591869e-01
1.92727826763547605005e-01
1.62669277206730078511e-01
1.58360447906034929044e-01
1.56995553032562046303e-01
1.64188511382495960778e-01
1.97814248387218116765e-01
1.56707894089608640309e-01
1.57493063688531997890e-01
1.51057438300799928843e-01
1.54855695384444935758e-01
1.44648105677191662899e-01
1.63458175448644910110e-01
1.43351630789468248439e-01
1.57921446513765162400e-01
1.62769624623269271169e-01
1.52962529156653426199e-01
1.62573352001488924401e-01
1.15041407084579799802e-01
1.58951169904471029115e-01
1.58405639198861886152e-01
1.62457297432279101912e-01
1.57574967837534385406e-01
1.55461171213682802783e-01
1.58435951254757761975e-01
1.56898650488141583326e-01
1.57277204324084984854e-01
1.88206095157011366048e-01
1.56301757839016092211e-01
1.14913869067227988885e-01
1.55324391931853433846e-01
1.64125791928020792199e-01
1.61119880846529894836e-01
1.64163825156457693355e-01
1.63891267400066209525e-01
1.16401056584551659823e-01
1.60730850958986648536e-01
1.53815689805372246557e-01
1.55407067165557272181e-01
1.55765102839628327702e-01
1.57507973106125742646e-01
1.51177070004258229385e-01
1.56632131483294273488e-01
1.57001880593832354727e-01
1.55801696285995411317e-01
1.51293340385490915345e-01
1.53757593822223925795e-01
1.53726207580230200822e-01
2.23293085463925733425e-01
1.55946043117483446050e-01
1.58529896411528786748e-01
1.35620947238986627736e-01
1.52765112902128213923e-01
1.53529347829657630831e-01
1.59630053364020446649e-01
1.96670924388939655225e-01
1.54721889207700635804e-01
1.42293264364269866906e-01
1.52536092787903893031e-01
1.42395003240984585613e-01
2.57767675013761077274e-01
1.54638189180422075397e-01
1.58506078312473652758e-01
1.54799034250863554174e-01
1.52732815550555456330e-01
1.54429307367481172264e-01
1.41372683065010829040e-01
1.56217141344988069696e-01
1.53158329614454885581e-01
1.56831590542211934958e-01
1.54286492344599013293e-01
1.53777568094309535773e-01
1.59324596836144527501e-01
1.47460063763040577500e-01
2.49558998956158684113e-01
1.53114870724564228199e-01
1.56388489170398964356e-01
1.53210935024233912971e-01
1.53924957784629501401e-01
1.54056120572991200879e-01
1.53056726135279652645e-01
1.51664317573383083948e-01
1.55125960448275590498e-01
1.51543336126535060915e-01
1.99361783574485446069e-01
1.55125000765479442721e-01
1.52799828694275691143e-01
1.57089485150980118222e-01
1.53386291069606384152e-01
1.22172831812150425868e-01
1.49648938408415033141e-01
1.54161568313895935844e-01
1.52632098668661453367e-01
1.63993201276760341978e-01
1.50786768855891317731e-01
1.52170418574044730153e-01
2.49080292187077695365e-01
1.59375099215655458007e-01
1.39556556456513464193e-01
1.59730765916432010387e-01
1.52709973521705455468e-01
1.50649364658467815881e-01
1.50701196295849049189e-01
1.47794000436418326849e-01
1.45207683563921663428e-01
1.16365224276843023943e-01
1.57306661155845461941e-01
1.53023994592351469946e-01
1.51057248343136441004e-01
1.48550433634506734437e-01
1.49139269624066511666e-01
1.48685034014859884799e-01
1.51741224082317216482e-01
1.50603586351587270808e-01
1.43668780637966009284e-01
2.06002570299498866113e-01
1.52586023436093259908e-01
1.65529906343234417543e-01
1.44095458158819134109e-01
1.52115398014139230343e-01
1.49488294290890805227e-01
1.50115315304601676383e-01
1.48615638632009522402e-01
1.57211704135570090601e-01
2.27399875947635443652e-01
1.48618602981894554205e-01
1.61236172235016794740e-01
1.50662630421879994991e-01
1.87575598532351728309e-01
1.54580382528993698354e-01
1.49282591781794898855e-01
1.48621494977961010608e-01
1.46260124316233169894e-01
1.24585691345354701576e-01
1.48518830085615727299e-01
1.49912036841609225268e-01
1.46559308839663948731e-01
1.46080873354453910640e-01
1.47366363003909456308e-01
1.47005730680813878619e-01
1.49936514980874485703e-01
1.49685032454818345293e-01
1.47859470766129819097e-01
1.48344578266278365186e-01
1.43850125008635254531e-01
1.48863027595840524686e-01
1.48618614153813166645e-01
1.48129167300029007670e-01
1.46708929261309822811e-01
1.50843513330868733702e-01
1.52553776026685072864e-01
1.48532677421502029569e-01
1.47908633720280152657e-01
1.54378394488995679401e-01
1.39848142531854929826e-01
1.48301734251491540428e-01
1.47453968454565514934e-01
1.45054838333645380599e-01
1.47279093343216843648e-01
1.49047454366050768915e-01
1.49342608672140220172e-01
1.49571660652177029771e-01
1.47178355005075200967e-01
1.47161145755256905776e-01
1.48121229339348903231e-01
1.49334141594265362718e-01
1.48357495897578406385e-01
1.68144186331255635070e-01
1.50527236073741799149e-01
1.45858931208513925570e-01
1.47237906274165664122e-01
1.43202467998983867803e-01
