3	556	1	4
3	366	1	727
366	556	1	1107
293	912	2	581
293	345	2	1645
345	912	2	1819
6	502	3	714
366	502	3	999
6	366	3	1107
3	7	4	7
7	556	4	1386
1	1028	5	6
1	661	5	1317
661	1028	5	2051
1	437	6	1820
437	1028	6	2230
3	434	7	749
7	434	7	863
4	377	8	18
377	661	8	1802
4	661	8	2051
312	823	9	619
312	368	9	731
368	823	9	1641
5	813	10	11
5	312	10	731
312	813	10	1621
5	333	11	942
333	813	11	2284
322	473	12	639
322	359	12	713
359	473	12	941
6	412	13	14
6	322	13	713
322	412	13	1519
412	449	14	1565
6	449	14	1722
444	863	15	883
444	695	15	1385
695	863	15	1721
440	765	16	875
440	620	16	1235
620	765	16	1525
338	1027	17	671
338	472	17	939
472	1027	17	2049
4	1068	18	19
377	1068	18	2131
4	383	19	1272
383	1068	19	2132
347	638	20	689
347	482	20	959
482	638	20	1271
12	448	21	30
12	408	21	811
408	448	21	891
2	724	22	574
2	408	22	891
408	724	22	1443
393	725	23	781
393	572	23	1139
572	725	23	1445
14	615	24	44
14	346	24	687
346	615	24	1225
10	612	25	40
10	338	25	939
338	612	25	1219
10	601	26	27
10	18	26	40
18	601	26	1197
10	634	27	750
601	634	27	1263
11	591	28	29
19	591	28	1177
11	19	28	1198
11	575	29	761
575	591	29	2126
12	881	30	1160
448	881	30	1757
326	340	31	675
326	658	31	1181
340	658	31	1311
15	456	32	661
340	456	32	907
15	340	32	1311
27	500	33	683
27	353	33	701
353	500	33	995
27	991	34	701
27	455	34	905
455	991	34	1977
16	496	35	640
455	496	35	987
16	455	35	1977
24	664	36	46
24	608	36	1211
608	664	36	1323
17	1086	37	876
17	24	37	1211
24	1086	37	2167
9	801	38	50
9	440	38	1235
440	801	38	1597
9	30	39	51
9	756	39	672
30	756	39	1507
18	612	40	1992
372	678	41	739
372	507	41	1009
507	678	41	1351
321	716	42	637
321	534	42	1063
534	716	42	1427
22	329	43	595
329	393	43	1110
22	393	43	1139
14	1070	44	1164
615	1070	44	2135
8	28	45	906
28	538	45	1071
8	538	45	1324
24	538	46	1072
538	664	46	1324
24	38	47	48
38	720	47	83
24	720	47	1435
25	38	48	49
24	25	48	2167
38	39	49	85
25	39	49	803
9	404	50	51
404	801	50	1598
30	404	51	1332
30	442	52	879
30	1038	52	1507
442	1038	52	2071
26	759	53	54
442	759	53	1513
26	442	53	2071
26	998	54	1220
759	998	54	1991
31	513	55	1021
31	1042	55	1514
513	1042	55	2079
18	467	56	929
18	1105	56	1197
467	1105	56	2205
19	477	57	58
467	477	57	1425
19	467	57	2205
19	997	58	1177
477	997	58	1989
20	304	59	603
20	799	59	1145
304	799	59	1593
21	398	60	61
304	398	60	1453
21	304	60	1593
21	582	61	690
398	582	61	1159
33	34	62	98
33	761	62	792
34	761	62	1517
34	507	63	1351
34	899	63	1517
507	899	63	1793
46	1002	64	77
46	584	64	1163
584	1002	64	1999
23	318	65	78
318	326	65	648
23	326	65	675
27	37	66	67
37	344	66	80
27	344	66	683
27	585	67	68
37	585	67	1165
27	913	68	905
585	913	68	1821
49	784	69	1166
49	760	69	1515
760	784	69	1563
28	552	70	1071
552	760	70	1516
28	760	70	1563
40	806	71	87
40	668	71	1331
668	806	71	1607
40	859	72	1331
40	669	72	1333
669	859	72	1713
20	475	73	603
42	475	73	945
20	42	73	950
35	391	74	75
321	391	74	777
35	321	74	1063
35	403	75	76
391	403	75	1951
35	367	76	653
367	403	76	2118
364	1002	77	2000
46	364	77	2290
23	47	78	79
47	318	78	772
23	697	79	684
47	697	79	1389
37	48	80	114
48	344	80	1390
50	51	81	120
50	746	81	1099
51	746	81	1487
51	583	82	1161
51	1048	82	1487
583	1048	82	2091
583	720	83	1436
38	583	83	1824
52	53	84	124
52	914	84	1162
53	914	84	2077
39	920	85	86
38	920	85	1835
39	54	86	1608
54	920	86	1836
40	1128	87	2217
806	1128	87	2251
470	1085	88	935
470	817	88	1629
817	1085	88	2165
533	1069	89	1061
533	540	89	1075
540	1069	89	2133
31	663	90	1021
31	533	90	1075
533	663	90	2257
73	887	91	148
73	719	91	1433
719	887	91	1769
41	365	92	93
73	365	92	725
41	73	92	1433
41	525	93	930
365	525	93	1045
79	753	94	726
570	753	94	1501
79	570	94	2053
42	544	95	945
544	570	95	1136
42	570	95	1501
32	57	96	134
32	420	96	604
57	420	96	835
58	908	97	136
696	908	97	1811
58	696	97	2273
34	1043	98	1987
33	1043	98	2081
34	59	99	100
59	996	99	138
34	996	99	1987
59	417	100	829
34	417	100	1352
59	399	101	793
59	639	101	829
399	639	101	1273
43	399	102	1273
309	399	102	1440
43	309	102	1945
43	1075	103	638
43	975	103	1945
975	1075	103	2145
60	306	104	152
306	985	104	649
60	985	104	1965
60	951	105	1897
60	1076	105	1965
951	1076	105	2147
45	734	106	107
45	474	106	943
474	734	106	1463
45	1040	107	729
734	1040	107	2075
61	374	108	743
61	749	108	1464
374	749	108	1493
302	1147	109	599
302	911	109	1817
911	1147	109	2289
46	388	110	632
388	911	110	1818
46	911	110	2289
64	418	111	161
47	418	111	831
47	64	111	1709
47	1052	112	1389
47	857	112	1709
857	1052	112	2099
48	65	113	1183
65	857	113	1906
48	857	113	2099
37	594	114	115
48	594	114	1183
37	921	115	1203
594	921	115	1837
49	604	116	117
37	49	116	1165
37	604	116	1203
49	369	117	645
369	604	117	1204
50	325	118	119
49	325	118	645
49	50	118	1515
50	778	119	120
325	778	119	1551
51	778	120	1552
51	68	121	122
68	843	121	170
51	843	121	1681
51	861	122	1161
68	861	122	1717
75	1125	123	172
75	865	123	1725
865	1125	123	2245
53	943	124	125
52	943	124	1881
53	76	125	2057
76	943	125	2236
53	54	126	1836
54	1031	126	2043
53	1031	126	2057
397	1024	127	789
54	1024	127	2043
54	397	127	2218
40	354	128	129
354	1111	128	703
40	1111	128	2217
69	354	129	1486
40	69	129	1833
40	1009	130	1333
40	919	130	1833
919	1009	130	2013
55	70	131	1630
70	919	131	1834
55	919	131	2013
70	71	132	144
70	817	132	1630
71	817	132	2165
32	619	133	134
32	56	133	1083
56	619	133	1233
57	619	134	1234
81	866	135	182
57	866	135	1727
57	81	135	1812
58	1020	136	1795
908	1020	136	2035
82	900	137	184
58	82	137	1677
58	900	137	1795
59	841	138	139
841	996	138	1988
59	83	139	793
83	841	139	1780
63	471	140	159
302	471	140	937
63	302	140	1817
96	776	141	209
96	745	141	1485
745	776	141	1547
70	815	142	947
69	815	142	1625
69	70	142	1834
70	476	143	947
70	937	143	1693
476	937	143	1869
71	849	144	145
70	849	144	1693
71	536	145	146
536	849	145	1694
536	910	146	1815
71	910	146	2134
78	457	147	909
78	721	147	1068
457	721	147	1437
73	350	148	149
350	887	148	2266
73	355	149	150
350	355	149	1019
73	1072	150	725
355	1072	150	2139
433	933	151	861
433	831	151	1657
831	933	151	1861
60	307	152	153
306	307	152	913
60	435	153	853
307	435	153	865
61	429	154	155
429	474	154	1254
61	474	154	1463
61	543	155	2012
429	543	155	2239
390	1008	156	775
390	589	156	1173
589	1008	156	2011
62	684	157	158
62	390	157	1173
390	684	157	1363
62	625	158	600
625	684	158	1364
63	738	159	160
471	738	159	1471
63	461	160	832
461	738	160	1472
64	1015	161	1535
418	1015	161	2025
64	770	162	1535
64	1039	162	1651
770	1039	162	2073
64	828	163	1651
64	955	163	1710
828	955	163	1905
88	757	164	194
65	757	164	1509
65	88	164	1805
65	969	165	1184
65	905	165	1805
905	969	165	1933
66	89	166	167
89	894	166	196
66	894	166	1783
66	656	167	733
89	656	167	1307
74	90	168	200
74	635	168	646
90	635	168	1265
67	90	169	1265
90	786	169	1567
67	786	169	1682
68	786	170	1568
786	843	170	1682
68	809	171	1613
809	904	171	1803
68	904	171	2246
75	904	172	1804
904	1125	172	2246
75	92	173	1804
75	1136	173	2197
92	1136	173	2267
75	1120	174	1882
75	1101	174	2197
1101	1120	174	2235
76	563	175	176
563	1101	175	2198
76	1101	175	2235
413	563	176	1460
76	413	176	2044
336	1081	177	667
336	441	177	877
441	1081	177	2157
56	317	178	179
317	954	178	629
56	954	178	1903
56	358	179	180
317	358	179	1855
56	706	180	1233
358	706	180	1407
114	829	181	234
114	505	181	1005
505	829	181	1653
81	469	182	183
469	866	182	1728
81	818	183	849
469	818	183	1631
82	427	184	185
427	900	184	1796
82	848	185	783
427	848	185	1691
82	394	186	783
82	892	186	1678
394	892	186	1779
394	831	187	1658
117	394	187	1674
117	831	187	1861
84	950	188	969
84	692	188	1379
692	950	188	1895
84	718	189	938
84	487	189	969
487	718	189	1431
86	103	190	191
103	617	190	226
86	617	190	1229
103	561	191	1117
86	561	191	1536
87	561	192	1118
561	770	192	1536
87	770	192	2073
87	104	193	1118
104	592	193	1179
87	592	193	1510
88	592	194	1180
592	757	194	1510
88	105	195	1180
105	671	195	1337
88	671	195	1784
89	671	196	1338
671	894	196	1784
89	1092	197	1297
89	106	197	1338
106	1092	197	2179
74	651	198	199
89	651	198	1297
74	89	198	1307
74	564	199	200
564	651	199	1298
90	564	200	1124
90	766	201	202
90	108	201	1124
108	766	201	1527
90	820	202	1567
766	820	202	1635
91	109	203	1528
91	1049	203	1614
109	1049	203	2093
92	1053	204	205
92	809	204	1803
809	1053	204	2101
92	125	205	206
125	1053	205	2260
93	125	206	1003
92	93	206	2267
94	504	207	270
93	504	207	1003
93	94	207	1121
290	303	208	601
290	631	208	889
303	631	208	1257
96	303	209	848
303	776	209	1548
126	856	210	1287
126	426	210	1293
426	856	210	1707
77	528	211	212
77	476	211	1869
476	528	211	1885
77	641	212	1023
528	641	212	2241
78	514	213	621
77	514	213	1023
77	78	213	1067
110	313	214	227
78	313	214	621
78	110	214	909
111	654	215	228
111	386	215	767
386	654	215	1303
117	319	216	633
319	436	216	867
117	436	216	1862
98	511	217	218
98	319	217	867
319	511	217	1017
98	387	218	608
387	511	218	1928
121	962	219	247
121	422	219	839
422	962	219	1919
99	872	220	221
99	798	220	1591
798	872	220	1739
99	789	221	854
789	872	221	1740
100	906	222	223
100	780	222	1555
780	906	222	1807
100	783	223	776
783	906	223	1808
102	400	224	253
400	692	224	1380
102	692	224	1895
379	700	225	753
379	453	225	901
453	700	225	1395
103	453	226	902
453	617	226	1230
110	529	227	773
313	529	227	1053
111	389	228	278
389	654	228	2104
335	837	229	665
335	642	229	1279
642	837	229	1669
97	335	230	1279
335	771	230	1537
97	771	230	2158
129	501	231	997
129	946	231	1069
501	946	231	1887
129	1143	232	997
129	788	232	1849
788	1143	232	2281
130	833	233	280
113	130	233	1654
113	833	233	1661
114	868	234	1649
829	868	234	1731
131	827	235	282
114	131	235	1585
114	827	235	1649
114	835	236	934
114	795	236	1585
795	835	236	1665
115	132	237	1465
132	795	237	1616
115	795	237	1665
115	854	238	850
115	735	238	1465
735	854	238	1703
116	133	239	1421
133	735	239	1648
116	735	239	1703
116	839	240	784
116	713	240	1421
713	839	240	1673
117	118	241	633
117	713	241	1673
118	713	241	1688
134	902	242	780
134	694	242	1383
694	902	242	1799
118	836	243	634
118	703	243	1401
703	836	243	1667
119	135	244	805
119	703	244	1667
135	703	244	1840
119	600	245	769
119	405	245	805
405	600	245	1195
120	405	246	1195
405	653	246	1301
120	653	246	1920
121	653	247	1478
653	962	247	1920
137	973	248	296
137	741	248	1477
741	973	248	1941
122	643	249	250
643	798	249	1592
122	798	249	1739
122	138	250	1309
138	643	250	1760
123	657	251	252
657	780	251	1556
123	780	251	1807
123	968	252	693
657	968	252	1931
102	349	253	303
349	400	253	2106
103	535	254	1065
535	644	254	1283
103	644	254	2276
549	1140	255	1093
549	797	255	1589
797	1140	255	2275
104	549	256	1589
104	630	256	2228
549	630	256	2279
566	1116	257	1127
566	794	257	1583
794	1116	257	2227
105	566	258	1583
105	508	258	2020
508	566	258	2070
498	1012	259	991
498	830	259	1655
830	1012	259	2019
106	621	260	261
106	498	260	1655
498	621	260	2213
107	621	261	1500
106	107	261	2179
142	320	262	635
142	752	262	1238
320	752	262	1499
108	320	263	786
107	108	263	1123
107	320	263	1499
143	395	264	785
143	1006	264	859
395	1006	264	2007
109	1074	265	851
109	492	265	1601
492	1074	265	2143
109	428	266	851
109	1118	266	2093
428	1118	266	2231
124	775	267	1025
428	775	267	1545
124	428	267	2231
124	515	268	1025
124	1132	268	2102
515	1132	268	2259
495	977	269	985
495	731	269	1457
731	977	269	1949
94	376	270	271
376	504	270	2196
310	376	271	1330
94	310	271	1392
290	699	272	601
290	380	272	755
380	699	272	1393
126	832	273	751
126	646	273	1287
646	832	273	1659
126	378	274	751
126	737	274	1052
378	737	274	1469
127	709	275	1247
378	709	275	1413
127	378	275	1469
127	1106	276	622
127	626	276	1247
626	1106	276	2207
554	1119	277	1103
554	802	277	1599
802	1119	277	2233
111	363	278	330
363	389	278	1826
129	537	279	1069
129	150	279	1377
150	537	279	1944
130	691	280	281
691	833	280	1662
130	151	281	1369
151	691	281	1734
131	687	282	283
687	827	282	1650
131	152	283	1355
152	687	283	1790
131	680	284	1355
131	810	284	1586
680	810	284	1615
132	531	285	669
531	680	285	1356
132	680	285	1615
132	337	286	669
132	826	286	1466
337	826	286	1647
133	154	287	288
154	337	287	670
133	337	287	1647
133	694	288	1384
154	694	288	1799
146	636	289	857
380	636	289	1267
146	380	289	1393
147	431	290	324
147	646	290	1659
431	646	290	2272
160	929	291	390
160	392	291	1831
392	929	291	1853
134	419	292	833
134	922	292	1402
419	922	292	1839
135	932	293	871
135	419	293	1839
419	932	293	1859
135	959	294	806
135	438	294	871
438	959	294	1913
136	963	295	921
136	438	295	1913
438	963	295	1921
137	463	296	297
463	973	296	1942
137	965	297	897
463	965	297	1925
137	451	298	897
137	882	298	1282
451	882	298	1759
138	855	299	953
451	855	299	1705
138	451	299	1759
138	479	300	953
138	673	300	1310
479	673	300	1341
155	1126	301	302
155	479	301	1341
479	1126	301	2247
155	484	302	589
484	1126	302	2248
102	988	303	304
349	988	303	1971
102	792	304	754
792	988	304	1972
139	796	305	700
139	379	305	901
379	796	305	1587
295	1062	306	585
295	352	306	1773
352	1062	306	2119
140	947	307	656
140	535	307	1283
535	947	307	1889
168	330	308	655
168	674	308	951
330	674	308	1343
140	168	309	655
140	834	309	1094
168	834	309	1961
141	169	310	311
169	879	310	343
141	879	310	1753
141	714	311	1011
169	714	311	1423
169	1145	312	1423
169	1003	312	2001
1003	1145	312	2285
156	710	313	314
710	1003	313	2002
156	1003	313	2285
156	726	314	992
710	726	314	1447
142	688	315	635
142	517	315	1029
517	688	315	1371
143	891	316	317
143	432	316	859
432	891	316	1777
143	553	317	852
553	891	317	1778
462	522	318	1039
462	1066	318	1627
522	1066	318	2127
145	406	319	320
145	495	319	1457
406	495	319	1534
145	567	320	321
406	567	320	1129
145	446	321	615
446	567	321	1624
179	180	322	369
179	499	322	887
180	499	322	993
157	704	323	756
157	670	323	1335
670	704	323	1403
147	870	324	657
431	870	324	1735
147	331	325	657
147	689	325	752
331	689	325	1373
148	679	326	787
331	679	326	1353
148	331	326	1373
158	396	327	328
158	554	327	1599
396	554	327	2212
158	481	328	329
396	481	328	2059
158	597	329	591
481	597	329	1189
111	999	330	331
363	999	330	1993
111	844	331	332
844	999	331	1994
111	384	332	1670
384	844	332	1684
183	343	333	584
343	821	333	681
183	821	333	1637
356	974	334	707
356	532	334	1059
532	974	334	1943
150	707	335	1125
532	707	335	1409
150	532	335	1943
150	565	336	1125
150	869	336	1378
565	869	336	1733
151	681	337	1143
565	681	337	1357
151	565	337	1733
151	574	338	1143
151	897	338	1370
574	897	338	1789
152	357	339	709
152	1127	339	1057
357	1127	339	2249
480	1019	340	955
480	893	340	1781
893	1019	340	2033
392	893	341	1782
154	392	341	1800
154	893	341	2033
168	478	342	951
168	1093	342	1754
478	1093	342	2181
169	1060	343	843
879	1060	343	2115
175	424	344	401
169	424	344	843
169	175	344	2001
176	875	345	403
170	176	345	745
170	875	345	1745
171	375	346	347
375	517	346	1030
171	517	346	1371
171	645	347	348
375	645	347	1285
171	972	348	860
645	972	348	1939
172	296	349	588
172	432	349	1777
296	432	349	1940
178	339	350	365
178	462	350	1039
339	462	350	1910
647	1064	351	1289
647	650	351	1295
650	1064	351	2123
160	949	352	834
160	548	352	1091
548	949	352	1893
161	188	353	354
161	548	353	1893
188	548	353	2098
161	952	354	872
188	952	354	1899
162	602	355	356
411	602	355	1199
162	411	355	1975
162	984	356	922
602	984	356	1963
163	402	357	799
163	958	357	898
402	958	357	1911
164	1121	358	359
164	332	358	659
332	1121	358	2237
164	165	359	954
165	1121	359	2238
165	542	360	361
189	542	360	1079
165	189	360	2238
165	166	361	963
166	542	361	1368
659	1034	362	1313
659	686	362	1367
686	1034	362	2063
166	167	363	579
167	659	363	1314
166	659	363	1367
191	526	364	1047
167	191	364	1314
167	526	364	2120
178	1004	365	366
339	1004	365	2003
178	414	366	367
414	1004	366	2004
178	851	367	808
414	851	367	1697
196	928	368	824
196	523	368	1041
523	928	368	1851
180	523	369	1042
179	523	369	1851
173	324	370	371
324	670	370	1336
173	670	370	1403
173	1090	371	372
324	1090	371	2175
173	555	372	858
555	1090	372	2176
198	964	373	440
198	334	373	1511
334	964	373	1923
181	885	374	658
181	516	374	1027
516	885	374	1765
182	648	375	376
516	648	375	1291
182	516	375	1765
182	728	376	788
648	728	376	1451
201	586	377	409
174	586	377	1167
174	201	377	2027
174	183	378	583
183	1016	378	1751
174	1016	378	2027
183	202	379	380
202	878	379	411
183	878	379	1751
183	840	380	1637
202	840	380	2107
184	1079	381	382
184	871	381	1737
871	1079	381	2153
184	842	382	1060
842	1079	382	2154
185	1036	383	384
185	867	383	1729
867	1036	383	2067
185	850	384	1126
850	1036	384	2068
186	942	385	1719
186	883	385	1761
883	942	385	1879
153	360	386	387
357	360	386	715
153	357	386	2249
153	421	387	956
360	421	387	2083
159	941	388	1320
159	480	388	1781
480	941	388	1877
187	876	389	420
187	662	389	1319
662	876	389	1747
748	929	390	1854
160	748	390	2124
218	464	391	444
188	218	391	818
188	464	391	2097
208	750	392	422
208	411	392	1199
411	750	392	1495
209	332	393	720
189	209	393	1483
189	332	393	2237
189	1021	394	1079
189	744	394	1483
744	1021	394	2037
210	595	395	449
191	210	395	737
191	595	395	1325
191	371	396	737
191	614	396	1047
371	614	396	1223
192	640	397	398
192	371	397	1223
371	640	397	1275
192	545	398	952
545	640	398	1276
211	478	399	1086
193	211	399	1531
193	478	399	2181
193	773	400	844
193	768	400	1531
768	773	400	1541
175	468	401	402
424	468	401	1967
468	541	402	1077
175	541	402	1746
541	875	403	1746
176	541	403	2164
213	214	404	430
213	1084	404	1078
214	1084	404	2163
177	948	405	406
176	177	405	746
176	948	405	1891
177	599	406	407
599	948	406	1892
177	489	407	587
489	599	407	1194
458	550	408	1095
200	550	408	1168
200	458	408	1797
550	586	409	1168
201	550	409	2110
370	509	410	1013
201	509	410	1752
201	370	410	2109
202	509	411	1014
509	878	411	1752
203	519	412	903
519	871	412	1738
203	871	412	2153
230	454	413	465
203	454	413	903
203	230	413	1730
204	1059	414	1875
204	867	414	2067
867	1059	414	2113
204	1094	415	1762
204	940	415	1875
940	1094	415	2183
205	231	416	1763
205	883	416	1879
231	883	416	2184
205	987	417	418
205	884	417	1763
884	987	417	1969
205	880	418	716
880	987	418	1970
232	838	419	1671
206	838	419	1748
206	232	419	1755
187	838	420	1672
838	876	420	1748
207	423	421	442
423	647	421	1290
207	647	421	1295
208	613	422	423
613	750	422	1496
208	465	423	424
465	613	423	1222
208	362	424	660
362	465	424	926
221	764	425	482
211	764	425	1523
211	221	425	1532
212	924	426	427
212	768	426	1541
768	924	426	1843
212	222	427	428
222	924	427	1844
213	222	428	429
212	213	428	932
213	238	429	430
222	238	429	485
214	238	430	1269
214	1005	431	1193
214	637	431	1269
637	1005	431	2005
194	961	432	433
194	518	432	1031
518	961	432	1917
194	628	433	674
628	961	433	1918
224	980	434	1251
224	807	434	1609
807	980	434	1955
195	917	435	823
195	521	435	1037
521	917	435	1829
196	739	436	1087
521	739	436	1473
196	521	436	1829
197	546	437	438
196	197	437	1041
196	546	437	1087
197	551	438	439
546	551	438	1097
197	450	439	597
450	551	439	1098
198	229	440	1327
229	964	440	2048
198	1113	441	1028
198	666	441	1327
666	1113	441	2221
207	494	442	443
423	494	442	2087
207	460	443	924
460	494	443	2162
218	1096	444	916
464	1096	444	2187
219	587	445	475
218	587	445	1169
218	219	445	1221
209	581	446	651
209	579	446	1153
579	581	446	1157
190	328	447	448
328	744	447	1484
190	744	447	2037
328	485	448	965
190	485	448	1186
485	595	449	1186
210	485	449	1884
237	944	450	966
237	569	450	1133
569	944	450	1883
547	956	451	1089
547	652	451	1299
652	956	451	1907
223	239	452	453
239	637	452	1462
223	637	452	2005
223	524	453	1032
239	524	453	1043
240	518	454	1044
224	240	454	1347
224	518	454	1917
225	676	455	487
224	676	455	1347
224	225	455	1609
227	1102	456	895
227	603	456	1201
603	1102	456	2199
228	1026	457	1924
603	1026	457	2047
228	603	457	2199
241	242	458	506
241	935	458	1202
242	935	458	1865
199	342	459	460
342	666	459	1328
199	666	459	2221
199	323	460	912
323	342	460	1984
215	458	461	1095
215	1030	461	1206
458	1030	461	2055
588	1097	462	1171
588	605	462	1205
605	1097	462	2189
216	370	463	1013
216	483	463	1768
370	483	463	1847
401	886	464	797
401	598	464	1191
598	886	464	1767
230	782	465	466
454	782	465	1559
506	782	466	1560
230	506	466	1876
231	506	467	1242
506	940	467	1876
231	940	467	2183
232	315	468	1558
315	884	468	1764
232	884	468	1969
305	781	469	605
245	781	469	1557
245	305	469	2017
245	939	470	1557
245	895	470	1785
895	939	470	1873
217	779	471	842
245	779	471	1553
217	245	471	1785
233	685	472	1365
254	685	472	1482
233	254	472	1863
233	953	473	915
233	934	473	1863
934	953	473	1901
234	982	474	1131
234	791	474	1577
791	982	474	1959
219	568	475	476
568	587	475	2278
219	819	476	477
568	819	476	1633
219	235	477	925
235	819	477	1634
236	632	478	496
236	579	478	1157
579	632	478	1259
237	257	479	480
257	992	479	497
237	992	479	1979
237	808	480	1133
257	808	480	2159
220	547	481	1299
220	341	481	1524
341	547	481	2046
221	341	482	678
341	764	482	1524
221	452	483	899
221	222	483	1844
222	452	483	2122
425	1063	484	845
425	1013	484	2021
1013	1063	484	2121
238	1010	485	881
222	1010	485	2015
238	443	486	881
238	733	486	1270
443	733	486	1461
225	596	487	717
596	676	487	2174
225	361	488	717
225	916	488	1038
361	916	488	1827
226	609	489	490
361	609	489	1213
226	361	489	1827
226	227	490	1088
227	609	490	1214
227	1033	491	1201
227	708	491	1411
708	1033	491	2061
246	1011	492	612
245	246	492	1449
245	1011	492	2017
245	727	493	1449
245	909	493	1553
727	909	493	1813
255	256	494	517
255	577	494	1132
256	577	494	1149
256	1045	495	1149
256	578	495	1151
578	1045	495	2085
236	490	496	1980
490	632	496	1982
257	490	497	1316
490	992	497	1980
248	1115	498	499
248	1022	498	2039
1022	1115	498	2225
248	527	499	677
527	1115	499	2226
250	425	500	2021
250	1124	500	2171
425	1124	500	2243
382	1088	501	759
250	382	501	882
250	1088	501	2171
239	1137	502	760
239	443	502	1461
443	1137	502	2269
240	611	503	757
239	240	503	1043
239	611	503	1217
240	381	504	757
240	702	504	1187
381	702	504	1399
241	510	505	506
241	311	505	617
311	510	505	1015
242	510	506	1016
242	1148	507	641
242	610	507	1215
610	1148	507	2291
493	811	508	981
493	497	508	989
497	811	508	1617
252	497	509	1617
497	852	509	1699
252	852	509	2190
267	800	510	990
267	736	510	1467
736	800	510	1595
243	860	511	512
243	401	511	1191
401	860	511	1715
243	348	512	513
348	860	512	2066
243	754	513	1007
348	754	513	1503
244	308	514	606
262	308	514	611
244	262	514	692
263	873	515	531
263	743	515	1481
743	873	515	1741
255	1050	516	1689
255	791	516	1959
791	1050	516	2095
256	847	517	533
255	847	517	1689
270	271	518	546
270	660	518	976
271	660	518	1315
271	790	519	1315
264	790	519	1575
264	271	519	1791
264	520	520	1035
264	804	520	1049
520	804	520	1603
249	742	521	846
520	742	521	1479
249	520	521	1603
251	693	522	523
381	693	522	1381
251	381	522	1399
251	539	523	524
539	693	523	1382
251	466	524	718
466	539	524	2156
274	787	525	927
274	618	525	1231
618	787	525	1569
266	938	526	539
266	311	526	1015
311	938	526	1871
261	711	527	528
261	410	527	815
410	711	527	1417
261	409	528	691
409	711	528	1418
351	1073	529	697
351	385	529	765
385	1073	529	2141
268	685	530	1366
685	743	530	1482
268	743	530	1741
263	740	531	1227
740	873	531	1742
263	616	532	1227
263	1014	532	1690
616	1014	532	2023
256	896	533	855
847	896	533	1787
256	430	534	855
256	888	534	1151
430	888	534	1771
265	898	535	548
264	265	535	1035
264	898	535	1791
491	1130	536	1305
491	682	536	1359
682	1130	536	2255
407	682	537	1958
258	407	537	2172
258	682	537	2255
373	439	538	873
373	683	538	967
439	683	538	1361
266	562	539	982
562	938	539	2288
267	559	540	541
267	493	540	989
493	559	540	1723
267	805	541	816
559	805	541	1605
278	410	542	1417
277	278	542	1529
277	410	542	1606
314	774	543	623
314	316	543	627
316	774	543	1543
268	316	544	628
316	385	544	766
268	385	544	2141
270	560	545	546
430	560	545	1115
270	430	545	1771
271	560	546	1810
282	907	547	1116
282	858	547	1711
858	907	547	1809
265	858	548	1712
858	898	548	1792
272	571	549	558
491	571	549	1137
272	491	549	1359
274	558	550	551
274	416	550	827
416	558	550	1111
275	558	551	1210
274	275	551	1231
606	1134	552	1207
606	607	552	1209
607	1134	552	2263
278	822	553	624
278	767	553	1529
767	822	553	1639
269	633	554	565
269	314	554	627
314	633	554	1261
279	1017	555	1549
279	616	555	2023
616	1017	555	2029
279	979	556	856
279	777	556	1549
777	979	556	1953
283	853	557	566
280	283	557	1138
280	853	557	1701
272	580	558	559
571	580	558	1155
272	503	559	742
503	580	559	1156
273	445	560	828
273	373	560	873
373	445	560	1419
284	287	561	567
287	416	561	886
284	416	561	1111
284	285	562	568
285	967	562	1929
284	967	562	2264
276	277	563	1114
277	285	563	1530
276	285	563	1929
286	1095	564	569
286	767	564	1639
767	1095	564	2185
269	672	565	1228
633	672	565	1339
283	530	566	571
530	853	566	1702
284	976	567	568
287	976	567	1947
285	976	568	1948
286	772	569	570
772	1095	569	2186
286	923	570	1262
772	923	570	1841
283	925	571	572
530	925	571	1845
283	287	572	1001
287	925	572	1846
289	293	573	1142
289	368	573	1641
293	368	573	1646
2	573	574	582
573	724	574	1444
290	698	575	576
290	447	575	889
447	698	575	1391
290	310	576	616
310	698	576	1392
13	291	577	812
13	534	577	1427
291	534	577	1442
289	291	578	1141
291	415	578	1441
289	415	578	1446
166	717	579	590
167	717	579	1429
167	793	580	1429
352	793	580	1581
167	352	580	2119
293	437	581	1644
437	912	581	1820
2	824	582	870
573	824	582	1643
174	690	583	592
183	690	583	1375
183	845	584	1375
343	845	584	1685
295	526	585	1776
526	1062	585	2120
192	890	586	1048
192	330	586	1343
330	890	586	1775
296	489	587	974
177	296	587	1286
172	590	588	673
296	590	588	1175
155	877	589	694
484	877	589	1749
166	989	590	964
717	989	590	1973
158	1104	591	722
597	1104	591	2203
174	1000	592	1190
690	1000	592	1995
299	300	593	1998
299	584	593	1999
300	584	593	2136
36	1001	594	596
36	374	594	1493
374	1001	594	1997
22	874	595	1226
329	874	595	1743
36	1071	596	654
1001	1071	596	2137
197	624	597	644
450	624	597	1243
228	1091	598	896
228	334	598	1923
334	1091	598	2177
302	364	599	724
364	1147	599	2290
62	302	600	724
302	625	600	1246
303	699	601	1394
303	426	602	848
146	303	602	1394
146	426	602	1707
304	475	603	946
32	304	604	946
304	420	604	1454
305	315	605	626
315	781	605	1558
244	305	606	626
305	308	606	2018
98	306	607	608
98	327	607	614
306	327	607	649
306	387	608	914
120	307	609	610
120	459	609	770
307	459	609	913
307	422	610	840
120	422	610	1919
308	351	611	698
262	351	611	765
246	308	612	698
308	1011	612	2018
83	722	613	794
433	722	613	1439
83	433	613	1657
98	309	614	862
309	327	614	1946
145	667	615	748
446	667	615	1329
290	627	616	755
310	627	616	1249
311	708	617	1412
241	708	617	2061
311	618	618	1232
260	311	618	1412
260	618	618	1569
312	572	619	1140
572	823	619	1642
312	346	620	688
22	312	620	1140
22	346	620	1225
313	514	621	1024
127	313	622	1024
313	1106	622	2208
278	314	623	624
278	774	623	2150
314	822	624	1640
244	315	625	626
244	623	625	1008
315	623	625	1241
269	316	627	628
268	269	628	1475
317	336	629	668
336	954	629	1904
112	317	630	668
317	788	630	1856
112	788	630	2281
46	318	631	632
46	701	631	1163
318	701	631	1397
318	388	632	772
118	319	633	634
319	836	634	1668
320	688	635	1372
320	395	636	786
171	320	636	1372
171	395	636	2007
321	372	637	740
372	716	637	1428
43	321	638	740
321	1075	638	2146
322	333	639	662
333	473	639	942
16	322	640	662
322	496	640	1520
242	994	641	680
994	1148	641	2292
252	323	642	1983
323	605	642	2056
252	605	642	2189
197	324	643	644
180	197	643	1042
180	324	643	1336
324	624	644	1244
325	369	645	734
74	325	646	734
325	635	646	1266
14	593	647	687
326	593	647	1181
14	326	647	1405
318	705	648	1397
326	705	648	1405
327	985	649	1966
327	975	650	1946
44	327	650	1966
44	975	650	2145
328	581	651	1158
209	328	651	1484
237	328	652	965
236	328	652	1158
236	237	652	1979
35	557	653	782
367	557	653	1109
36	329	654	730
329	1071	654	2138
140	330	655	656
330	947	656	1890
331	870	657	1736
181	331	658	1736
331	885	658	1766
332	402	659	800
164	402	659	1911
332	362	660	720
208	332	660	800
15	1144	661	1622
456	1144	661	2283
16	333	662	908
181	758	663	1027
334	758	663	1511
181	334	663	1619
301	812	664	1105
334	812	664	1619
301	334	664	2177
335	384	665	764
384	837	665	1670
149	335	666	764
335	501	666	998
149	501	666	1887
336	771	667	1538
771	1081	667	2158
112	336	668	1538
337	531	669	1058
337	488	670	971
154	488	670	2034
338	620	671	1236
620	1027	671	2050
9	338	672	1236
338	756	672	1508
172	957	673	920
590	957	673	1909
194	339	674	1176
339	628	674	1252
23	340	675	676
340	353	676	702
23	353	676	995
248	1025	677	1090
527	1025	677	2045
221	1098	678	899
341	1098	678	2191
242	342	679	680
229	342	679	1328
229	242	679	1865
342	994	680	1984
343	356	681	708
356	821	681	1638
294	730	682	763
343	730	682	1455
294	343	682	1685
344	500	683	996
23	344	684	996
344	697	684	1390
5	345	685	686
5	825	685	732
345	825	685	1645
5	359	686	941
345	359	686	1000
346	593	687	1182
312	960	688	1621
346	960	688	1915
347	383	689	762
383	638	689	1272
21	347	690	762
347	582	690	1758
261	1035	691	1716
409	1035	691	2065
262	348	692	814
244	348	692	1503
123	1055	693	796
968	1055	693	2105
349	877	694	1750
155	349	694	1932
72	457	695	1437
72	1135	695	1770
457	1135	695	2265
110	350	696	910
350	386	696	1020
110	386	696	1303
246	351	697	698
246	1073	697	2210
139	352	699	700
139	889	699	1066
352	889	699	1773
352	796	700	1588
353	991	701	1978
340	576	702	907
353	576	702	1147
354	397	703	790
397	1111	703	2218
95	354	704	790
354	745	704	1486
95	745	704	1547
97	355	705	706
97	512	705	768
355	512	705	1019
355	441	706	878
97	441	706	2157
356	537	707	1070
537	974	707	1944
149	356	708	1070
149	343	708	1455
357	574	709	1144
152	574	709	1789
357	862	710	715
186	357	710	1144
186	862	710	1719
113	358	711	712
113	930	711	1572
358	930	711	1855
358	505	712	1006
113	505	712	1653
6	359	713	714
359	502	714	1000
360	862	715	1720
205	360	716	1720
360	880	716	2084
361	596	717	1188
361	466	718	928
251	361	718	1188
209	362	719	720
235	362	719	926
209	235	719	1153
128	915	721	774
802	915	721	1825
128	802	721	2233
158	363	722	1600
363	1104	722	2204
62	364	723	724
62	675	723	744
364	675	723	1345
365	1072	725	2140
365	753	726	1502
79	365	726	2140
1	366	727	728
1	3	727	1317
345	366	728	999
1	345	728	1819
45	1061	729	802
1040	1061	729	2117
329	367	730	1109
36	367	730	2076
5	368	731	732
368	825	732	1646
66	369	733	1204
369	656	733	1308
74	369	734	1308
215	370	735	736
215	1057	735	1096
370	1057	735	2109
215	588	736	1205
370	588	736	1848
210	371	737	738
371	652	738	1300
210	652	738	1907
372	417	739	830
417	678	739	1352
43	372	740	830
272	373	741	742
272	486	741	809
373	486	741	967
373	503	742	1420
374	589	743	1174
61	589	743	2011
62	374	744	1174
374	675	744	1346
176	375	745	746
170	375	745	1030
177	375	746	1285
125	1100	747	1004
125	731	747	1949
731	1100	747	2195
376	667	748	1330
145	376	748	1458
3	903	749	1318
434	903	749	1801
10	377	750	864
377	634	750	1264
378	832	751	1660
378	689	752	1374
147	378	752	1660
379	487	753	970
487	700	753	1396
102	379	754	970
379	792	754	1580
380	627	755	1250
157	380	756	1250
380	704	756	1404
381	611	757	1218
381	439	758	874
259	381	758	1218
259	439	758	1361
382	407	759	810
407	1088	759	2172
239	1103	760	1217
1103	1137	760	2270
383	575	761	1146
11	383	761	2132
21	383	762	1146
384	730	763	1456
294	384	763	1684
149	384	764	1456
262	385	765	766
262	316	766	1543
386	642	767	1280
111	642	767	1669
386	512	768	1020
97	386	768	1280
119	966	769	1018
600	966	769	1927
387	459	770	914
120	387	770	1196
47	388	771	772
47	622	771	831
388	622	771	1239
110	1054	773	1304
529	1054	773	2103
128	389	774	1054
389	915	774	1826
390	543	775	1082
543	1008	775	2012
100	390	776	1082
390	783	776	1562
44	391	777	778
44	321	777	2146
391	951	778	1952
44	951	778	2147
134	392	779	780
134	918	779	833
392	918	779	1831
392	902	780	1800
393	415	781	826
415	725	781	1446
35	393	782	826
393	557	782	1110
394	848	783	1692
394	839	784	1674
116	394	784	1692
395	492	785	980
143	492	785	2143
108	395	786	980
148	1108	787	1104
679	1108	787	2211
182	396	788	1354
396	728	788	2060
397	413	789	822
413	1024	789	2044
95	397	790	822
33	398	791	792
33	729	791	836
398	729	791	1453
398	761	792	1518
83	399	793	794
399	722	794	1440
123	400	795	796
123	1112	795	1561
400	1112	795	2219
400	1055	796	2106
401	483	797	962
483	886	797	1768
253	401	798	962
401	736	798	1468
253	736	798	1595
208	402	799	800
163	208	799	1200
45	403	801	802
45	978	801	1898
403	978	801	1951
403	1061	802	2118
39	404	803	804
25	404	803	1598
404	668	804	1332
39	668	804	1607
135	405	805	806
405	959	806	1914
144	769	807	986
522	769	807	1533
144	522	807	2127
178	406	808	1040
406	851	808	1698
272	981	809	1360
486	981	809	1957
259	407	810	968
259	382	810	2201
13	408	811	812
12	13	811	1010
291	408	812	1443
262	409	813	814
262	1077	813	1544
409	1077	813	2149
348	409	814	2065
267	410	815	816
261	267	815	1467
410	805	816	1606
188	411	817	818
188	990	817	1899
411	990	817	1975
218	411	818	1495
8	412	819	820
8	762	819	988
412	762	819	1519
8	608	820	1323
412	608	820	1566
94	732	821	1122
94	447	821	1391
447	732	821	1459
95	413	822	890
414	917	823	1830
195	414	823	2004
196	414	824	1830
414	928	824	1852
35	415	825	826
35	723	825	1064
415	723	825	1441
273	416	827	828
273	274	827	1073
416	445	828	886
417	639	829	1274
43	417	830	1274
418	622	831	1240
418	461	832	918
63	418	832	1240
419	918	833	1832
160	419	834	1832
419	949	834	1894
420	696	835	1388
57	696	835	1811
33	420	836	1388
420	729	836	1454
206	421	837	838
206	1044	837	1756
421	1044	837	2083
206	662	838	1747
421	662	838	1878
99	422	839	1505
99	121	839	1591
307	755	840	865
422	755	840	1505
217	423	841	842
187	423	841	1290
187	217	841	1672
423	779	842	2088
424	1060	843	2116
424	773	844	1968
193	424	844	2116
425	452	845	900
452	1063	845	2122
249	425	846	900
425	742	846	1480
96	426	847	848
96	649	847	948
426	649	847	1293
427	818	849	1632
81	427	849	1796
115	427	850	1632
427	854	850	1704
428	1074	851	2144
428	553	852	1102
143	428	852	2144
60	629	853	944
435	629	853	1253
99	429	854	866
429	789	854	2240
430	896	855	1788
279	430	856	1788
430	979	856	1954
146	1138	857	1288
636	1138	857	2271
431	555	858	1106
173	431	858	1268
432	1006	859	2008
432	972	860	1940
171	432	860	2008
433	436	861	868
436	933	861	1862
98	433	862	868
309	433	862	1439
434	472	863	940
7	472	863	2049
10	434	864	940
377	434	864	1801
435	755	865	1506
429	435	866	1253
99	435	866	1506
98	436	867	868
4	482	869	1271
4	1117	869	2052
482	1117	869	2229
2	437	870	960
437	824	870	1644
438	932	871	1860
161	438	872	1860
438	952	872	1900
273	439	873	1857
381	931	874	1381
439	931	874	1857
440	444	875	884
444	765	875	1526
17	440	876	884
440	1086	876	2168
79	441	877	878
79	336	877	1904
79	355	878	2139
442	669	879	1334
30	669	879	1713
442	470	880	936
55	442	880	1334
55	470	880	1629
443	1010	881	2016
250	443	882	2016
382	443	882	2269
444	449	883	894
449	863	883	1722
17	444	884	894
287	445	885	886
287	712	885	1002
445	712	885	1419
179	814	887	1130
499	814	887	1623
157	446	888	994
157	310	888	1249
310	446	888	1329
447	631	889	1258
95	447	890	1258
413	447	890	1459
2	448	891	892
2	347	892	959
347	448	892	1757
17	449	893	894
17	785	893	1212
449	785	893	1565
227	450	895	1098
450	1102	895	2200
450	1091	896	2178
228	450	896	2200
451	965	897	1926
451	958	898	1912
163	451	898	1926
452	1098	899	2192
249	452	900	2192
139	453	901	1985
103	995	902	1065
453	995	902	1985
454	519	903	1034
216	454	904	1034
454	598	904	1192
216	598	904	1767
455	913	905	1822
8	455	906	987
28	455	906	1822
456	576	907	1148
16	456	908	1148
333	456	908	2283
110	457	909	910
350	457	910	2265
199	458	911	912
199	901	911	1292
458	901	911	1797
323	458	912	2055
306	459	913	914
233	1083	915	984
953	1083	915	2161
218	1099	916	1169
1096	1099	916	2193
86	763	917	1229
461	763	917	1521
86	461	917	2169
418	1087	918	2025
461	1087	918	2169
172	462	919	920
172	816	919	1101
462	816	919	1627
462	957	920	1910
463	963	921	1922
136	463	921	1942
162	463	922	1922
463	984	922	1964
207	464	923	924
207	1051	923	1092
464	1051	923	2097
460	464	924	2187
235	465	925	926
219	465	925	1222
274	1080	927	1074
787	1080	927	2155
361	936	928	1213
466	936	928	1867
467	513	929	1022
18	513	929	2079
41	467	930	1022
467	525	930	1426
212	468	931	932
212	986	931	1542
468	986	931	1967
213	468	932	1077
114	469	933	934
114	747	933	1005
469	747	933	1489
469	835	934	1666
470	540	935	1076
540	1085	935	2166
442	970	936	1513
470	970	936	1935
84	471	937	938
84	302	937	1246
471	718	938	1432
10	472	939	940
5	473	941	942
60	474	943	944
45	60	943	1897
474	629	944	1254
475	544	945	1084
32	475	946	1084
476	815	947	1626
96	476	948	1626
476	649	948	1886
42	477	949	950
42	715	949	1046
477	715	949	1425
20	477	950	1989
478	674	951	1344
478	545	952	1086
192	478	952	1344
479	855	953	1706
164	479	954	1706
165	479	954	2247
480	488	955	972
488	1019	955	2034
153	480	956	972
421	480	956	1877
200	1032	957	1452
200	481	957	2009
481	1032	957	2059
174	1007	958	1167
174	481	958	1189
481	1007	958	2009
2	482	959	960
437	482	960	2229
253	483	961	962
253	926	961	1172
483	926	961	1847
166	484	963	964
165	484	963	2248
484	989	964	1974
237	485	965	966
485	944	966	1884
486	683	967	1362
259	486	968	1362
407	486	968	1957
487	950	969	1896
102	487	970	1896
153	488	971	972
153	337	971	1058
194	677	973	1031
489	677	973	1349
194	489	973	1937
296	971	974	1175
489	971	974	1937
247	993	975	1260
578	993	975	1981
247	578	975	2085
270	490	976	1152
490	660	976	1316
265	491	977	978
265	655	977	1036
491	655	977	1305
280	491	978	1137
265	280	978	1712
108	492	979	980
108	803	979	1527
492	803	979	1601
493	610	981	1216
610	811	981	1618
266	493	982	1216
493	562	982	1724
233	494	983	984
233	1046	983	1554
494	1046	983	2087
494	1083	984	2162
495	515	985	1026
515	977	985	1950
144	495	986	1026
495	769	986	1534
8	496	987	988
496	762	988	1520
267	497	989	990
497	800	990	1596
498	508	991	1012
508	1012	991	2020
156	498	992	1012
498	726	992	2214
157	499	993	994
157	180	993	1335
446	499	994	1623
23	500	995	996
501	1143	997	2282
112	335	998	1537
112	501	998	2282
345	502	999	1000
287	503	1001	1002
283	503	1001	1156
503	712	1002	1420
125	504	1003	1004
504	1100	1004	2196
505	747	1005	1490
358	1110	1006	1407
505	1110	1006	2215
506	754	1007	1504
243	506	1007	1560
506	623	1008	1242
244	506	1008	1504
13	507	1009	1010
13	372	1009	1428
12	507	1010	1793
141	1037	1011	1128
714	1037	1011	2069
156	508	1012	1424
216	509	1013	1014
202	216	1014	1033
266	510	1015	2223
242	1114	1016	1215
510	1114	1016	2223
119	511	1017	1018
119	319	1017	1668
511	966	1018	1928
350	512	1019	1020
513	663	1021	1322
41	513	1022	1322
514	641	1023	1278
127	514	1024	1278
515	775	1025	1546
144	515	1026	1546
516	758	1027	1512
198	516	1028	1512
516	1113	1028	2222
170	517	1029	1030
142	170	1029	1416
518	677	1031	1350
518	524	1032	1044
223	518	1032	1350
216	519	1033	1034
202	519	1033	1738
265	520	1035	1036
520	655	1036	1306
521	807	1037	1610
195	807	1037	1955
225	521	1038	1610
521	916	1038	1828
178	522	1039	1040
406	522	1040	1533
197	523	1041	1042
240	524	1043	1044
42	525	1045	1046
42	365	1045	1502
525	715	1046	1426
526	614	1047	1224
192	526	1048	1224
526	890	1048	1776
527	804	1049	1604
264	527	1049	2226
249	527	1050	1604
341	527	1050	2045
249	341	1050	2191
126	528	1051	1052
126	945	1051	1294
528	945	1051	1885
528	737	1052	2242
128	529	1053	1054
128	313	1053	2208
389	529	1054	2103
530	777	1055	1550
282	530	1055	1702
282	777	1055	1953
288	1047	1056	1540
288	530	1056	1845
530	1047	1056	2089
152	531	1057	1356
531	1127	1057	2250
153	531	1058	2250
184	532	1059	1060
184	356	1059	1638
532	842	1060	1680
533	910	1061	1816
910	1069	1061	2134
72	719	1062	1769
72	533	1062	1816
533	719	1062	2258
35	534	1063	1064
534	723	1064	1442
535	995	1065	1986
535	889	1066	1774
139	535	1066	1986
78	536	1067	1068
77	536	1067	1694
536	721	1068	1438
537	946	1069	1888
149	537	1070	1888
538	552	1071	1100
29	538	1072	1100
24	29	1072	1435
274	539	1073	1074
273	539	1073	1382
539	1080	1074	2156
31	540	1075	1076
31	470	1076	1935
213	541	1077	1078
541	1084	1078	2164
542	1021	1079	2038
542	686	1080	1368
190	542	1080	2038
190	686	1080	2063
100	543	1081	1082
100	1122	1081	1574
543	1122	1081	2239
32	544	1083	1084
56	544	1083	1136
211	545	1085	1086
220	545	1085	1276
211	220	1085	1523
546	739	1087	1474
227	546	1088	1097
226	546	1088	1474
547	569	1089	1134
569	956	1089	1908
248	547	1090	1134
547	1025	1090	2046
548	650	1091	1296
160	650	1091	2123
207	548	1092	1296
548	1051	1092	2098
549	644	1093	1284
644	1140	1093	2276
140	549	1094	1284
549	834	1094	2280
215	550	1095	1096
550	1057	1096	2110
227	551	1097	1098
552	746	1099	1488
50	552	1099	1516
29	552	1100	1488
553	816	1101	1628
172	553	1101	1778
428	1133	1102	1545
553	1133	1102	2261
554	626	1103	1248
626	1119	1103	2234
148	554	1104	1248
554	1108	1104	2212
555	812	1105	1620
301	555	1105	2176
181	555	1106	1620
181	431	1106	1735
6	556	1107	1108
556	695	1108	1386
6	695	1108	1721
329	557	1109	1110
284	558	1111	1112
558	607	1112	1210
284	607	1112	2263
276	559	1113	1114
276	864	1113	1120
559	864	1113	1723
277	559	1114	1605
282	560	1115	1116
282	430	1115	1954
560	907	1116	1810
561	797	1117	1590
103	797	1117	2275
104	561	1118	1590
275	606	1119	1209
275	1146	1119	1872
606	1146	1119	2287
276	562	1120	1208
562	864	1120	1724
94	563	1121	1122
93	563	1121	2198
563	732	1122	1460
108	564	1123	1124
107	564	1123	1298
565	707	1125	1410
185	565	1126	1410
565	850	1126	1696
566	630	1127	1256
630	1116	1127	2228
141	566	1128	1256
566	1037	1128	2070
179	567	1129	1130
179	406	1129	1698
567	814	1130	1624
234	1141	1131	1170
982	1141	1131	2277
568	577	1132	1150
255	568	1132	1960
569	808	1133	1612
248	569	1134	1612
56	570	1135	1136
56	1029	1135	1903
570	1029	1135	2053
280	571	1137	1138
283	571	1138	1155
22	572	1139	1140
289	573	1141	1142
291	573	1141	1444
293	573	1142	1643
574	681	1143	1358
186	574	1144	1358
20	1065	1145	1178
799	1065	1145	2125
21	575	1146	1594
16	576	1147	1148
16	353	1147	1978
577	1045	1149	2086
568	1058	1150	1633
577	1058	1150	2111
578	888	1151	1772
270	578	1152	1772
490	578	1152	1981
235	579	1153	1154
247	579	1154	1259
235	247	1154	1634
283	580	1155	1156
236	581	1157	1158
12	582	1159	1160
12	398	1159	1518
582	881	1160	1758
583	861	1161	1718
52	583	1162	1718
583	914	1162	1824
584	701	1163	1398
14	584	1164	1398
584	1070	1164	2136
49	585	1165	1166
585	784	1166	1564
586	1007	1167	2010
200	586	1168	2010
587	1099	1169	2194
234	587	1170	2194
587	1141	1170	2278
588	852	1171	1700
852	1097	1171	2190
253	588	1172	1700
588	926	1172	1848
62	589	1173	1174
590	971	1175	1938
339	590	1176	1909
194	590	1176	1938
591	997	1177	1990
20	591	1178	1990
591	1065	1178	2126
592	794	1179	1584
104	794	1179	2227
105	592	1180	1584
593	658	1181	1312
15	593	1182	1312
15	346	1182	1915
65	594	1183	1184
594	969	1184	1934
190	595	1185	1186
595	665	1185	1325
190	665	1185	2064
240	1089	1187	1348
702	1089	1187	2173
251	596	1188	1400
174	597	1189	1190
597	1000	1190	1996
243	598	1191	1192
243	454	1192	1559
214	599	1193	1892
599	1005	1193	2006
489	1067	1194	1349
599	1067	1194	2129
120	600	1195	1196
387	600	1196	1927
601	1105	1197	2206
11	601	1198	1263
19	601	1198	2206
208	602	1199	1200
163	602	1200	1963
603	1033	1201	2062
603	935	1202	1866
241	603	1202	2062
604	921	1203	1838
66	604	1204	1838
215	605	1205	1206
605	1030	1206	2056
606	967	1207	1930
967	1134	1207	2264
276	606	1208	1930
562	606	1208	2287
275	607	1209	1210
17	608	1211	1212
608	785	1212	1566
609	936	1213	1868
227	751	1214	1411
609	751	1214	1497
610	1114	1215	2224
266	610	1216	2224
611	1103	1217	2202
259	611	1218	2202
26	612	1219	1220
26	338	1219	1508
612	998	1220	1992
219	613	1221	1222
218	613	1221	1496
192	614	1223	1224
22	615	1225	1226
615	874	1226	1744
616	740	1227	1476
616	672	1228	1340
269	616	1228	1476
617	763	1229	1522
85	453	1230	1395
85	617	1230	1522
275	618	1231	1232
275	311	1232	1871
619	706	1233	1408
57	1078	1234	1727
619	1078	1234	2151
9	620	1235	1236
142	621	1237	1238
142	1109	1237	1448
621	1109	1237	2213
621	752	1238	1500
63	622	1239	1240
63	388	1239	1818
231	623	1241	1242
231	315	1241	1764
301	624	1243	1244
301	450	1243	2178
301	324	1244	2175
84	625	1245	1246
84	1018	1245	1379
625	1018	1245	2031
626	709	1247	1414
148	626	1248	1414
157	627	1249	1250
224	628	1251	1918
628	980	1251	1956
195	628	1252	1956
195	339	1252	2003
429	629	1253	1254
141	630	1255	1256
141	1142	1255	1664
630	1142	1255	2279
95	631	1257	1258
95	303	1257	1548
247	632	1259	1260
632	993	1260	1982
286	633	1261	1262
286	314	1261	1640
633	923	1262	1842
11	634	1263	1264
11	377	1264	2131
67	635	1265	1266
67	325	1266	1551
173	636	1267	1268
173	380	1267	1404
431	636	1268	2271
238	637	1269	1270
637	733	1270	1462
4	638	1271	1272
43	639	1273	1274
220	640	1275	1276
220	371	1275	1300
127	641	1277	1278
127	1123	1277	1470
641	1123	1277	2241
97	642	1279	1280
137	643	1281	1282
121	137	1281	1477
121	643	1281	1592
643	882	1282	1760
140	644	1283	1284
177	645	1285	1286
296	645	1286	1939
646	856	1287	1708
146	646	1288	1708
646	1138	1288	2272
647	748	1289	1492
748	1064	1289	2124
187	647	1290	1492
199	648	1291	1292
199	516	1291	2222
648	901	1292	1798
126	649	1293	1294
649	945	1294	1886
207	650	1295	1296
651	1092	1297	2180
107	651	1298	2180
220	652	1299	1300
136	653	1301	1302
136	405	1301	1914
653	741	1302	1478
136	741	1302	1941
110	654	1303	1304
654	1054	1304	2104
655	1130	1305	2256
258	520	1306	1479
258	655	1306	2256
74	656	1307	1308
138	657	1309	1310
122	657	1309	1556
657	673	1310	1342
15	658	1311	1312
659	665	1313	1326
665	1034	1313	2064
191	659	1314	1326
660	790	1315	1576
257	660	1316	1576
3	661	1317	1318
661	903	1318	1802
159	662	1319	1320
159	187	1319	1491
662	941	1320	1878
41	663	1321	1322
41	1131	1321	1434
663	1131	1321	2257
8	664	1323	1324
191	665	1325	1326
229	666	1327	1328
310	667	1329	1330
668	859	1331	1714
30	668	1332	1714
669	1009	1333	2014
55	669	1334	2014
180	670	1335	1336
671	830	1337	1656
105	830	1337	2019
106	671	1338	1656
281	672	1339	1340
281	633	1339	1842
281	616	1340	2029
155	673	1341	1342
155	657	1342	1931
192	674	1343	1344
299	675	1345	1346
299	364	1345	2000
299	374	1346	1997
240	676	1347	1348
676	1089	1348	2174
677	1067	1349	2130
223	677	1350	2130
34	678	1351	1352
182	679	1353	1354
182	331	1353	1766
396	679	1354	2211
152	680	1355	1356
186	681	1357	1358
186	565	1357	1696
272	682	1359	1360
682	981	1360	1958
259	683	1361	1362
101	684	1363	1364
101	390	1363	1562
101	625	1364	2031
685	727	1365	1450
233	727	1365	1813
268	1107	1366	2142
685	1107	1366	2209
166	686	1367	1368
151	687	1369	1370
130	687	1369	1650
687	897	1370	1790
171	688	1371	1372
148	689	1373	1374
148	378	1374	1413
690	845	1375	1686
294	298	1376	1683
294	690	1376	1686
298	690	1376	1995
150	691	1377	1378
129	691	1377	1662
691	869	1378	1734
692	1018	1379	2032
101	692	1380	2032
101	400	1380	2219
693	931	1381	1858
273	693	1382	1858
118	134	1383	1401
118	694	1383	1687
133	846	1384	1422
694	846	1384	1687
7	695	1385	1386
7	444	1385	1526
33	696	1387	1388
33	1139	1387	2081
696	1139	1387	2273
697	1052	1389	2100
48	697	1390	2100
94	698	1391	1392
146	699	1393	1394
85	700	1395	1396
85	487	1396	1431
701	705	1397	1406
14	701	1398	1406
251	702	1399	1400
596	702	1400	2173
134	703	1401	1402
703	922	1402	1840
173	704	1403	1404
14	705	1405	1406
706	1110	1407	2216
80	619	1408	2151
80	706	1408	2216
185	707	1409	1410
185	532	1409	1680
708	751	1411	1498
260	708	1412	1498
148	709	1413	1414
170	710	1415	1416
170	175	1415	1745
175	710	1415	2002
142	710	1416	1447
278	711	1417	1418
278	409	1418	2149
373	712	1419	1420
133	713	1421	1422
713	846	1422	1688
714	1145	1423	2286
508	714	1424	2069
156	714	1424	2286
467	715	1425	1426
13	716	1427	1428
717	793	1429	1582
292	297	1430	1579
292	717	1430	1582
297	717	1430	1973
85	718	1431	1432
85	471	1432	1471
41	719	1433	1434
719	1131	1434	2258
29	720	1435	1436
29	583	1436	2091
72	721	1437	1438
72	536	1438	1815
309	722	1439	1440
291	723	1441	1442
291	724	1443	1444
289	725	1445	1446
289	572	1445	1642
142	726	1447	1448
726	1109	1448	2214
246	727	1449	1450
246	685	1450	2209
200	728	1451	1452
200	648	1451	1798
728	1032	1452	2060
304	729	1453	1454
149	730	1455	1456
145	731	1457	1458
376	731	1458	2195
413	732	1459	1460
239	733	1461	1462
61	734	1463	1464
734	749	1464	1494
132	735	1465	1466
735	826	1466	1648
261	736	1467	1468
261	401	1468	1715
127	737	1469	1470
737	1123	1470	2242
85	738	1471	1472
85	461	1472	1521
226	739	1473	1474
226	521	1473	1828
269	740	1475	1476
268	740	1475	1742
121	741	1477	1478
258	742	1479	1480
258	425	1480	2243
254	743	1481	1482
254	263	1481	1578
209	744	1483	1484
69	745	1485	1486
69	96	1485	1625
746	1048	1487	2092
29	746	1488	2092
80	747	1489	1490
80	469	1489	1728
80	505	1490	2215
187	748	1491	1492
159	748	1491	1854
36	749	1493	1494
36	734	1494	2075
218	750	1495	1496
260	751	1497	1498
260	609	1497	1868
107	752	1499	1500
42	753	1501	1502
244	754	1503	1504
99	755	1505	1506
756	1038	1507	2072
26	756	1508	2072
757	828	1509	1652
65	828	1509	1905
87	757	1510	1652
198	758	1511	1512
759	970	1513	1936
31	759	1514	1936
759	1042	1514	2080
50	760	1515	1516
761	899	1517	1794
12	761	1518	1794
322	762	1519	1520
85	763	1521	1522
220	764	1523	1524
7	765	1525	1526
7	620	1525	2050
766	803	1527	1602
109	766	1528	1602
91	766	1528	1635
277	767	1529	1530
285	767	1530	2185
211	768	1531	1532
221	768	1532	1843
406	769	1533	1534
770	1015	1535	2026
86	770	1536	2026
112	771	1537	1538
288	772	1539	1540
285	288	1539	1948
285	772	1539	2186
772	1047	1540	2090
212	773	1541	1542
773	986	1542	1968
262	774	1543	1544
774	1077	1544	2150
775	1133	1545	2262
144	775	1546	2262
95	776	1547	1548
777	1017	1549	2030
281	777	1550	2030
281	530	1550	2089
67	778	1551	2041
51	1023	1552	1681
778	1023	1552	2041
779	909	1553	1814
233	779	1554	1814
779	1046	1554	2088
122	780	1555	1556
100	122	1555	1573
781	939	1557	1874
232	781	1558	1874
243	782	1559	1560
123	783	1561	1808
783	1112	1561	2220
101	783	1562	2220
28	784	1563	1564
28	585	1564	1821
412	785	1565	1566
786	820	1567	1636
68	91	1568	1613
91	786	1568	1636
260	787	1569	1570
260	466	1570	1867
466	787	1570	2155
113	788	1571	1572
113	927	1571	1661
788	927	1571	1849
788	930	1572	1856
100	789	1573	1574
122	789	1573	1740
789	1122	1574	2240
790	1022	1575	2040
264	1022	1575	2225
257	790	1576	2040
791	934	1577	1864
234	934	1577	1901
254	791	1578	1864
263	791	1578	2095
292	792	1579	1580
297	792	1579	1972
292	379	1580	1587
292	793	1581	1582
292	352	1581	1588
105	794	1583	1584
131	795	1585	1586
795	810	1586	1616
292	796	1587	1588
104	797	1589	1590
121	798	1591	1592
21	799	1593	1594
575	799	1594	2125
253	800	1595	1596
253	497	1596	1699
25	801	1597	1598
25	440	1597	2168
158	802	1599	1600
363	802	1600	1825
109	803	1601	1602
249	804	1603	1604
277	805	1605	1606
39	806	1607	1608
54	806	1608	2251
225	807	1609	1610
248	808	1611	1612
248	1082	1611	2039
808	1082	1611	2159
91	809	1613	1614
809	1049	1614	2094
132	810	1615	1616
252	811	1617	1618
252	610	1618	2291
181	812	1619	1620
813	960	1621	1916
15	813	1622	1916
813	1144	1622	2284
446	814	1623	1624
96	815	1625	1626
816	1066	1627	2128
144	816	1628	2128
144	553	1628	2261
55	817	1629	1630
115	818	1631	1632
115	469	1631	1666
819	1058	1633	2112
247	819	1634	2112
91	820	1635	1636
821	840	1637	1676
184	821	1638	1676
286	822	1639	1640
289	823	1641	1642
293	824	1643	1644
293	825	1645	1646
133	826	1647	1648
827	868	1649	1732
130	827	1650	1732
828	1039	1651	2074
87	828	1652	2074
113	829	1653	1654
130	829	1654	1731
106	830	1655	1656
83	831	1657	1658
83	394	1658	1779
147	832	1659	1660
833	927	1661	1850
129	833	1662	1850
141	834	1663	1664
141	983	1663	1753
834	983	1663	1961
834	1142	1664	2280
115	835	1665	1666
119	836	1667	1668
111	837	1669	1670
838	895	1671	1786
232	895	1671	1873
217	838	1672	1786
117	839	1673	1674
184	840	1675	1676
184	1056	1675	1737
840	1056	1675	2107
82	841	1677	1678
58	841	1677	1988
841	892	1678	1780
185	842	1679	1680
185	1129	1679	1729
842	1129	1679	2253
843	1023	1681	2042
67	843	1682	2042
294	844	1683	1684
298	844	1683	1994
294	845	1685	1686
118	846	1687	1688
847	1050	1689	2096
847	1014	1690	2024
263	847	1690	2096
116	848	1691	1692
116	427	1691	1704
849	937	1693	1870
77	849	1694	1870
186	850	1695	1696
186	204	1695	1761
204	850	1695	2068
179	851	1697	1698
179	414	1697	1852
253	852	1699	1700
282	853	1701	1702
280	282	1701	1711
116	854	1703	1704
164	855	1705	1706
164	451	1705	1912
146	856	1707	1708
64	857	1709	1710
857	955	1710	1906
280	858	1711	1712
30	859	1713	1714
261	860	1715	1716
860	1035	1716	2066
861	865	1717	1726
68	865	1717	2245
52	861	1718	1726
862	942	1719	1880
205	862	1720	1880
6	863	1721	1722
493	864	1723	1724
52	865	1725	1726
52	75	1725	1881
866	1078	1727	2152
80	866	1728	2152
867	1129	1729	2254
230	867	1730	2113
203	867	1730	2254
130	868	1731	1732
151	869	1733	1734
181	870	1735	1736
871	1056	1737	2108
202	871	1738	2108
122	872	1739	1740
268	873	1741	1742
300	874	1743	1744
300	329	1743	2138
300	615	1744	2135
175	875	1745	1746
206	876	1747	1748
297	877	1749	1750
297	484	1749	1974
297	349	1750	1971
878	1016	1751	2028
201	878	1752	2028
879	983	1753	1962
168	879	1754	1962
879	1093	1754	2182
206	880	1755	1756
232	880	1755	1970
880	1044	1756	2084
347	881	1757	1758
138	882	1759	1760
204	883	1761	1762
883	1094	1762	2184
231	884	1763	1764
182	885	1765	1766
216	886	1767	1768
72	887	1769	1770
887	1135	1770	2266
270	888	1771	1772
295	889	1773	1774
295	535	1774	1889
295	890	1775	1776
295	330	1775	1890
172	891	1777	1778
83	892	1779	1780
159	893	1781	1782
159	392	1782	1853
894	905	1783	1806
66	905	1783	1933
88	894	1784	1806
217	895	1785	1786
279	896	1787	1788
279	847	1787	2024
152	897	1789	1790
271	898	1791	1792
271	858	1792	1809
12	899	1793	1794
900	1020	1795	2036
81	900	1796	2036
200	901	1797	1798
154	902	1799	1800
377	903	1801	1802
92	904	1803	1804
88	905	1805	1806
123	906	1807	1808
271	907	1809	1810
57	908	1811	1812
81	908	1812	2035
233	909	1813	1814
72	910	1815	1816
63	911	1817	1818
1	912	1819	1820
28	913	1821	1822
38	914	1823	1824
38	1041	1823	1835
914	1041	1823	2077
363	915	1825	1826
226	916	1827	1828
196	917	1829	1830
160	918	1831	1832
69	919	1833	1834
920	1041	1835	2078
53	920	1836	2078
66	921	1837	1838
66	594	1837	1934
135	922	1839	1840
281	923	1841	1842
281	772	1841	2090
221	924	1843	1844
288	925	1845	1846
287	288	1846	1947
370	926	1847	1848
129	927	1849	1850
179	928	1851	1852
159	929	1853	1854
317	930	1855	1856
273	931	1857	1858
161	932	1859	1860
161	419	1859	1894
117	933	1861	1862
254	934	1863	1864
229	935	1865	1866
229	603	1866	2047
260	936	1867	1868
77	937	1869	1870
275	938	1871	1872
938	1146	1872	2288
232	939	1873	1874
940	1059	1875	2114
230	940	1876	2114
421	941	1877	1878
205	942	1879	1880
75	943	1881	1882
943	1120	1882	2236
210	944	1883	1884
210	569	1883	1908
476	945	1885	1886
149	946	1887	1888
295	947	1889	1890
214	948	1891	1892
176	214	1891	2163
161	949	1893	1894
102	950	1895	1896
45	951	1897	1898
951	978	1898	1952
952	990	1899	1976
162	438	1900	1921
162	952	1900	1976
234	953	1901	1902
460	953	1902	2161
234	460	1902	2188
954	1029	1903	2054
79	954	1904	2054
65	955	1905	1906
210	956	1907	1908
339	957	1909	1910
164	958	1911	1912
136	959	1913	1914
15	960	1915	1916
224	961	1917	1918
120	962	1919	1920
162	963	1921	1922
228	964	1923	1924
964	1026	1924	2048
163	965	1925	1926
163	463	1925	1964
387	966	1927	1928
276	967	1929	1930
155	968	1931	1932
349	968	1932	2105
66	969	1933	1934
31	970	1935	1936
194	971	1937	1938
296	972	1939	1940
136	973	1941	1942
150	974	1943	1944
309	975	1945	1946
288	976	1947	1948
125	977	1949	1950
125	515	1950	2259
391	978	1951	1952
282	979	1953	1954
195	980	1955	1956
407	981	1957	1958
255	982	1959	1960
568	982	1960	2277
168	983	1961	1962
163	984	1963	1964
985	1076	1965	2148
44	985	1966	2148
424	986	1967	1968
232	987	1969	1970
297	988	1971	1972
297	989	1973	1974
162	990	1975	1976
16	991	1977	1978
236	992	1979	1980
490	993	1981	1982
323	994	1983	1984
252	994	1983	2292
139	995	1985	1986
996	1043	1987	2082
58	996	1988	2082
20	997	1989	1990
18	998	1991	1992
18	759	1991	2080
298	999	1993	1994
298	363	1993	2204
298	1000	1995	1996
298	597	1996	2203
299	1001	1997	1998
300	1001	1998	2137
299	1002	1999	2000
175	1003	2001	2002
195	1004	2003	2004
223	1005	2005	2006
223	599	2006	2129
171	1006	2007	2008
200	1007	2009	2010
61	1008	2011	2012
55	1009	2013	2014
1010	1013	2015	2022
222	1013	2015	2121
250	1010	2016	2022
305	1011	2017	2018
105	1012	2019	2020
250	1013	2021	2022
279	1014	2023	2024
1015	1087	2025	2170
86	1015	2026	2170
201	1016	2027	2028
281	1017	2029	2030
101	1018	2031	2032
154	1019	2033	2034
81	1020	2035	2036
190	1021	2037	2038
1022	1082	2039	2160
257	1022	2040	2160
67	1023	2041	2042
1024	1031	2043	2058
76	1024	2044	2058
341	1025	2045	2046
229	1026	2047	2048
7	1027	2049	2050
4	1028	2051	2052
1028	1117	2052	2230
79	1029	2053	2054
323	1030	2055	2056
76	1031	2057	2058
396	1032	2059	2060
241	1033	2061	2062
190	1034	2063	2064
348	1035	2065	2066
204	1036	2067	2068
508	1037	2069	2070
26	1038	2071	2072
87	1039	2073	2074
36	1040	2075	2076
367	1040	2076	2117
53	1041	2077	2078
18	1042	2079	2080
1043	1139	2081	2274
58	1043	2082	2274
360	1044	2083	2084
247	1045	2085	2086
247	577	2086	2111
423	1046	2087	2088
281	1047	2089	2090
29	1048	2091	2092
1049	1118	2093	2232
124	809	2094	2101
124	1049	2094	2232
263	1050	2095	2096
188	1051	2097	2098
48	1052	2099	2100
124	1053	2101	2102
1053	1132	2102	2260
389	1054	2103	2104
349	1055	2105	2106
202	1056	2107	2108
201	1057	2109	2110
247	1058	2111	2112
230	1059	2113	2114
193	1060	2115	2116
193	879	2115	2182
367	1061	2117	2118
167	1062	2119	2120
222	1063	2121	2122
160	1064	2123	2124
575	1065	2125	2126
144	1066	2127	2128
223	1067	2129	2130
11	1068	2131	2132
71	1069	2133	2134
71	540	2133	2166
300	1070	2135	2136
300	1071	2137	2138
79	1072	2139	2140
268	1073	2141	2142
1073	1107	2142	2210
143	1074	2143	2144
44	1075	2145	2146
44	1076	2147	2148
278	1077	2149	2150
80	1078	2151	2152
203	1079	2153	2154
203	842	2154	2253
466	1080	2155	2156
97	1081	2157	2158
257	1082	2159	2160
460	1083	2161	2162
176	1084	2163	2164
71	1085	2165	2166
25	1086	2167	2168
86	1087	2169	2170
1088	1124	2171	2244
258	1088	2172	2244
596	1089	2173	2174
301	1090	2175	2176
301	1091	2177	2178
107	1092	2179	2180
193	1093	2181	2182
231	1094	2183	2184
285	1095	2185	2186
460	1096	2187	2188
234	1096	2188	2193
252	1097	2189	2190
249	1098	2191	2192
234	1099	2193	2194
376	1100	2195	2196
1101	1136	2197	2268
93	1101	2198	2268
228	1102	2199	2200
259	1103	2201	2202
382	1103	2201	2270
298	1104	2203	2204
19	1105	2205	2206
128	1106	2207	2208
128	626	2207	2234
246	1107	2209	2210
396	1108	2211	2212
498	1109	2213	2214
80	1110	2215	2216
1111	1128	2217	2252
54	1111	2218	2252
101	1112	2219	2220
199	1113	2221	2222
266	1114	2223	2224
264	1115	2225	2226
104	1116	2227	2228
437	1117	2229	2230
124	1118	2231	2232
128	1119	2233	2234
76	1120	2235	2236
189	1121	2237	2238
429	1122	2239	2240
528	1123	2241	2242
258	1124	2243	2244
68	1125	2245	2246
165	1126	2247	2248
153	1127	2249	2250
54	1128	2251	2252
203	1129	2253	2254
258	1130	2255	2256
533	1131	2257	2258
125	1132	2259	2260
144	1133	2261	2262
284	1134	2263	2264
350	1135	2265	2266
93	1136	2267	2268
382	1137	2269	2270
431	1138	2271	2272
58	1139	2273	2274
103	1140	2275	2276
568	1141	2277	2278
549	1142	2279	2280
112	1143	2281	2282
333	1144	2283	2284
156	1145	2285	2286
562	1146	2287	2288
46	1147	2289	2290
252	1148	2291	2292
