-4.41593e-02 8.13333e-02 -1.76102e+00
7.98702e-02 4.77384e-01 -1.54633e+00
-2.57790e-01 -9.32783e-02 -1.71167e+00
-2.76766e-01 2.69430e-01 -1.61252e+00
4.10151e-01 -1.09615e-01 -1.59735e+00
-3.34304e-03 -3.67026e-01 -1.50084e+00
-3.54378e-01 -2.95642e-01 -1.56392e+00
5.87743e-02 -7.11302e-01 -1.23993e+00
-6.08399e-01 -4.70720e-01 -1.33461e+00
-6.52452e-01 5.17876e-03 -1.50147e+00
-5.23048e-01 3.47731e-01 -1.44039e+00
8.21328e-03 8.20131e-01 -1.29792e+00
2.73039e-01 7.44599e-01 -1.24942e+00
9.53970e-01 -6.52233e-02 -1.23413e+00
6.92809e-01 -2.39084e-01 -1.45339e+00
4.07849e-01 -5.16223e-01 -1.23533e+00
-2.63687e-01 -7.02723e-01 -1.44022e+00
-8.57266e-01 6.56882e-02 -1.33478e+00
-6.87612e-01 3.20190e-01 -1.25488e+00
-5.98377e-01 5.95427e-01 -1.18005e+00
-3.36035e-01 6.74826e-01 -1.38901e+00
7.83486e-01 2.37047e-01 -1.36691e+00
8.89229e-01 -5.61060e-01 -1.12398e+00
-2.65389e-01 -8.74765e-01 -1.25355e+00
-4.94414e-01 -7.85182e-01 -1.27844e+00
-8.60544e-01 -2.45816e-01 -1.30889e+00
5.20546e-01 -7.58840e-01 -1.08626e+00
2.25465e-01 -8.72890e-01 -1.11721e+00
-1.29592e-01 -9.97045e-01 -1.06055e+00
-8.28316e-01 -5.35686e-01 -1.21819e+00
-1.08983e+00 -4.09715e-02 -1.16047e+00
-6.19455e-01 9.59575e-01 -9.80548e-01
-2.02622e-01 1.01973e+00 -1.12087e+00
5.97637e-02 1.04239e+00 -1.06985e+00
6.43050e-01 6.18291e-01 -1.17605e+00
1.07832e+00 4.91131e-01 -1.04040e+00
6.47987e-01 -9.59545e-01 -9.42294e-01
-4.82560e-01 -9.94667e-01 -1.16554e+00
-6.92258e-01 -8.49372e-01 -1.09986e+00
-9.93145e-01 -7.28490e-01 -1.00174e+00
-1.00279e+00 2.70369e-01 -1.00336e+00
-7.68477e-01 5.99661e-01 -9.91430e-01
4.95171e-01 1.08938e+00 -1.02283e+00
7.80439e-01 1.01427e+00 -9.52550e-01
9.75617e-01 7.53441e-01 -9.15877e-01
1.15253e+00 -1.26390e-01 -9.56288e-01
1.06612e+00 -5.78676e-01 -8.90077e-01
8.70967e-01 -8.16714e-01 -8.73461e-01
4.13945e-01 -1.09708e+00 -9.51189e-01
1.51929e-01 -1.18400e+00 -9.69520e-01
-9.88674e-02 -1.27340e+00 -9.29471e-01
-4.24408e-01 -1.22674e+00 -9.44554e-01
-6.65679e-01 -1.14996e+00 -9.65320e-01
-8.64499e-01 -9.92725e-01 -9.59068e-01
-1.07344e+00 -4.23308e-01 -9.76744e-01
-8.42896e-01 9.40531e-01 -8.14043e-01
-4.69440e-01 1.19805e+00 -9.56560e-01
-1.39814e-01 1.19840e+00 -8.97691e-01
1.73619e-01 1.22121e+00 -9.18623e-01
1.01072e+00 9.47654e-01 -7.74896e-01
1.25608e+00 6.14339e-01 -7.78466e-01
1.34566e+00 2.56415e-01 -7.27395e-01
1.31187e+00 -3.28115e-01 -7.49791e-01
1.16025e+00 -7.51173e-01 -7.13704e-01
9.51271e-01 -9.97581e-01 -7.09861e-01
6.74986e-01 -1.15946e+00 -6.89258e-01
8.24262e-02 -1.40850e+00 -7.21374e-01
-2.49921e-01 -1.40613e+00 -7.29635e-01
-1.15056e+00 -6.61392e-01 -7.68939e-01
-1.25703e+00 -4.45691e-01 -7.75653e-01
-1.30524e+00 -2.03919e-01 -8.67053e-01
-1.28847e+00 1.21052e-01 -8.51416e-01
-1.09527e+00 3.90686e-01 -7.66347e-01
4.33624e-01 -1.42622e+00 -5.97774e-01
-5.37952e-01 -1.34300e+00 -7.38202e-01
-7.99043e-01 -1.20351e+00 -7.38797e-01
-1.43386e+00 -2.73878e-01 -5.67636e-01
-1.50651e+00 1.11929e-02 -5.86914e-01
-1.00575e+00 6.79005e-01 -7.57140e-01
-6.78925e-01 1.24094e+00 -7.40654e-01
-3.62357e-01 1.33418e+00 -7.25411e-01
-4.13870e-02 1.38874e+00 -7.30284e-01
2.86044e-01 1.37113e+00 -7.36907e-01
1.53045e+00 -1.86568e-02 -5.56547e-01
1.52348e+00 -3.63043e-01 -4.76231e-01
1.39524e+00 -6.81934e-01 -5.14543e-01
1.22669e+00 -9.81697e-01 -5.18387e-01
9.50946e-01 -1.18661e+00 -4.99793e-01
6.64525e-01 -1.35692e+00 -4.94969e-01
1.87631e-01 -1.49142e+00 -4.90727e-01
-1.46501e-01 -1.53658e+00 -5.03252e-01
-4.74388e-01 -1.45462e+00 -4.98704e-01
-7.05303e-01 -1.35340e+00 -4.96873e-01
-9.39087e-01 -1.27099e+00 -3.82135e-01
-1.14264e+00 -9.54391e-01 -5.97750e-01
-1.28677e+00 -6.65224e-01 -5.18265e-01
-1.35572e+00 7.05538e-01 -5.10647e-01
6.94795e-01 1.36111e+00 -5.88225e-01
1.27439e+00 8.83637e-01 -4.34987e-01
1.46018e+00 5.99424e-01 -4.41088e-01
1.56252e+00 2.72812e-01 -4.41320e-01
1.57254e+00 -2.24765e-02 -2.36726e-01
1.44400e+00 -6.62246e-01 -2.61557e-01
1.29647e+00 -9.67512e-01 -2.64184e-01
1.06496e+00 -1.21780e+00 -2.62285e-01
7.64982e-01 -1.37566e+00 -2.53730e-01
5.41742e-01 -1.48793e+00 -2.53836e-01
3.05136e-01 -1.57999e+00 -2.57369e-01
-3.27971e-02 -1.61340e+00 -2.57318e-01
-1.46470e+00 2.61423e-01 -4.94018e-01
-1.46562e+00 5.03186e-01 -2.31312e-01
-1.22527e+00 1.01602e+00 -4.42490e-01
-9.50730e-01 1.22083e+00 -4.32131e-01
-6.72451e-01 1.41083e+00 -4.38119e-01
-3.47510e-01 1.49826e+00 -4.32497e-01
-1.69832e-02 1.54220e+00 -4.34590e-01
3.19351e-01 1.52929e+00 -4.40677e-01
4.10387e-01 1.55425e+00 -1.89901e-01
7.24364e-01 1.43463e+00 -1.89705e-01
1.02530e+00 1.22633e+00 -2.95522e-01
1.21606e+00 9.92323e-01 -1.83925e-01
1.45388e+00 7.47775e-01 -1.89937e-01
1.58292e+00 4.30707e-01 -1.88895e-01
-3.26958e-01 -1.57194e+00 -2.55434e-01
-6.10766e-01 -1.48658e+00 -2.55981e-01
-1.50530e+00 -5.26049e-01 -2.58129e-01
-1.63829e+00 -2.05776e-01 -2.68982e-01
-1.66496e+00 8.04937e-02 -1.83949e-01
-1.14378e+00 1.13516e+00 -1.85115e-01
-8.81369e-01 1.34614e+00 -1.86556e-01
-5.85037e-01 1.50739e+00 -1.88881e-01
-2.59323e-01 1.59924e+00 -1.90342e-01
7.75511e-02 1.59051e+00 -1.87895e-01
4.78350e-01 1.48997e+00 6.16414e-02
7.67857e-01 1.34151e+00 6.09577e-02
1.02037e+00 1.14236e+00 6.09198e-02
1.23301e+00 9.03805e-01 6.17875e-02
1.44667e+00 6.51763e-01 6.60020e-02
1.52281e+00 -4.43599e-01 -5.26557e-02
1.38972e+00 -7.93082e-01 7.53926e-02
1.17982e+00 -1.05165e+00 7.62593e-02
5.90733e-01 -1.40571e+00 7.63128e-02
7.30176e-03 -1.57085e+00 3.96191e-02
-3.83773e-01 -1.53927e+00 8.23355e-02
-7.61913e-01 -1.37380e+00 3.98854e-02
-1.32879e+00 -7.63406e-01 -9.44524e-02
-1.51022e+00 -4.96085e-01 7.83986e-02
-1.60168e+00 -1.73084e-01 7.77969e-02
-1.31786e+00 8.99278e-01 -5.57112e-02
-1.06935e+00 1.18096e+00 6.78347e-02
-8.00088e-01 1.37683e+00 6.61366e-02
-4.84918e-01 1.47734e+00 6.29544e-02
-2.27615e-01 1.49271e+00 2.00289e-01
1.59659e-01 1.56886e+00 6.24078e-02
1.57354e+00 3.20852e-01 1.11171e-01
9.31350e-01 -1.30369e+00 1.21752e-01
-1.10026e+00 -1.10850e+00 1.21036e-01
-1.50577e+00 1.73990e-01 1.10501e-01
1.46474e-01 1.49310e+00 3.82094e-01
4.59216e-01 1.41430e+00 3.78180e-01
7.58678e-01 1.29456e+00 3.81972e-01
1.00899e+00 1.09131e+00 3.78773e-01
1.18307e+00 8.23894e-01 3.67865e-01
1.36516e+00 5.64476e-01 3.78862e-01
1.47276e+00 3.02726e-01 3.86972e-01
1.47950e+00 1.97827e-02 3.82624e-01
1.47624e+00 -2.62486e-01 3.89470e-01
1.27880e+00 -8.79873e-01 3.22421e-01
1.04604e+00 -1.11163e+00 3.18722e-01
6.28324e-01 -1.35097e+00 3.13172e-01
2.71386e-01 -1.50340e+00 1.99591e-01
-1.52811e-01 -1.55188e+00 3.31057e-01
-1.26599e+00 -8.21841e-01 2.56307e-01
-1.42005e+00 4.22382e-01 3.86231e-01
8.44770e-01 -1.27404e+00 4.27288e-01
5.33514e-01 -1.31312e+00 5.41346e-01
2.63811e-01 -1.37849e+00 5.38240e-01
-5.45479e-01 -1.41256e+00 4.27801e-01
-8.22033e-01 -1.24085e+00 3.98735e-01
-1.04631e+00 -1.06813e+00 3.99140e-01
-1.43199e+00 -4.97844e-01 4.02256e-01
-1.51516e+00 -1.79000e-01 4.02945e-01
-1.35032e+00 7.00952e-01 3.95710e-01
-1.19863e+00 1.00013e+00 4.04383e-01
-9.38800e-01 1.21229e+00 3.94904e-01
-6.67173e-01 1.40784e+00 3.99889e-01
2.15760e-01 1.43512e+00 6.25071e-01
8.08704e-01 1.17055e+00 6.12563e-01
1.35814e+00 3.94609e-01 6.13103e-01
1.35568e+00 1.02450e-01 7.01067e-01
1.35642e+00 -2.37526e-01 6.00763e-01
1.30754e+00 -5.93495e-01 5.32607e-01
1.13295e+00 -9.68106e-01 5.66574e-01
-1.23675e-01 -1.40731e+00 6.87991e-01
-4.75058e-01 -1.29318e+00 7.03518e-01
-7.41831e-01 -1.11307e+00 6.82046e-01
-9.84585e-01 -9.83687e-01 6.64317e-01
-1.34536e+00 -3.80879e-01 7.10153e-01
-1.39869e+00 -9.53686e-02 7.32366e-01
-1.42643e+00 1.38182e-01 5.20717e-01
-1.36668e+00 5.01642e-01 6.37916e-01
-1.18951e+00 7.79627e-01 6.20128e-01
-1.01289e+00 1.06072e+00 6.37858e-01
-7.44535e-01 1.25842e+00 6.33705e-01
-4.35296e-01 1.37639e+00 6.23603e-01
-1.15102e-01 1.46311e+00 6.33144e-01
5.40788e-01 1.28761e+00 7.15121e-01
1.04744e+00 7.85349e-01 6.07696e-01
1.20149e+00 3.87022e-01 8.02582e-01
1.30688e+00 -2.45171e-01 8.54999e-01
1.14103e+00 -8.21455e-01 8.06178e-01
8.67457e-01 -1.01975e+00 7.68933e-01
6.60094e-01 -1.14462e+00 7.58756e-01
4.33696e-01 -1.22067e+00 7.46212e-01
-1.30818e+00 3.00844e-01 8.64727e-01
-1.10593e+00 7.30360e-01 8.53180e-01
1.07400e-01 1.30378e+00 8.29370e-01
8.04501e-01 9.51619e-01 7.88486e-01
9.25970e-01 7.79452e-01 9.60094e-01
1.18399e+00 -5.85841e-01 8.74892e-01
9.09465e-01 -7.67611e-01 9.59822e-01
7.28269e-01 -9.88010e-01 9.91611e-01
1.40057e-01 -1.23682e+00 8.58446e-01
-2.51993e-01 -1.21536e+00 9.04701e-01
-4.77436e-01 -1.11009e+00 9.84428e-01
-7.52643e-01 -9.40050e-01 9.79539e-01
-9.33847e-01 -7.25477e-01 9.57760e-01
-1.12427e+00 -5.97858e-01 7.79339e-01
-1.23637e+00 -3.43653e-01 9.28606e-01
-8.35170e-01 1.07315e+00 8.67634e-01
-5.30528e-01 1.20978e+00 8.39894e-01
-2.14125e-01 1.28127e+00 8.24245e-01
3.13006e-01 1.10555e+00 1.01161e+00
5.84840e-01 9.46625e-01 9.78902e-01
1.06813e+00 5.38418e-01 9.48521e-01
1.12572e+00 2.14998e-01 1.13091e+00
1.24331e+00 -3.07612e-02 1.10541e+00
4.61846e-01 -1.09100e+00 9.60242e-01
1.39131e-01 -1.05492e+00 1.06955e+00
-1.44036e-01 -1.10380e+00 1.11825e+00
-1.02108e+00 -4.76587e-01 1.13149e+00
-1.07856e+00 -1.92363e-01 1.09282e+00
-8.13947e-01 8.00928e-01 1.07636e+00
-5.03167e-01 9.35857e-01 1.08918e+00
-1.93877e-03 1.20116e+00 1.05970e+00
2.69779e-02 1.05014e+00 1.21366e+00
9.26927e-01 5.14195e-01 1.15783e+00
1.08396e+00 -3.31456e-01 1.15548e+00
8.45789e-01 -6.47487e-01 1.25087e+00
5.42596e-01 -9.75665e-01 1.24530e+00
-3.72094e-01 -8.78904e-01 1.26065e+00
-1.12021e+00 9.35018e-02 1.12131e+00
-1.02657e+00 4.09211e-01 1.09849e+00
3.56022e-01 9.10052e-01 1.18610e+00
6.57942e-01 7.73002e-01 1.23280e+00
6.98383e-01 5.38331e-01 1.37671e+00
1.05543e+00 -5.33095e-02 1.29041e+00
5.23712e-01 -7.24997e-01 1.39029e+00
9.02929e-02 -8.88329e-01 1.32633e+00
-7.42317e-01 -6.68307e-01 1.24652e+00
-7.51361e-01 5.35059e-01 1.25843e+00
-3.78502e-01 7.81827e-01 1.28984e+00
4.07408e-01 7.15523e-01 1.40172e+00
8.12827e-01 -2.93435e-01 1.24917e+00
5.81082e-01 -3.44259e-01 1.37012e+00
-8.55241e-01 -1.26053e-01 1.27116e+00
-8.38855e-01 2.93670e-01 1.36981e+00
8.17405e-02 7.84683e-01 1.34162e+00
8.75633e-02 6.13307e-01 1.50981e+00
7.73912e-01 2.08697e-01 1.32897e+00
6.76781e-01 -5.13438e-02 1.31839e+00
2.35736e-01 -5.41581e-01 1.52923e+00
-2.34790e-01 -6.18524e-01 1.45798e+00
-4.77279e-01 -5.28947e-01 1.41366e+00
-6.40180e-01 -3.32597e-01 1.38347e+00
-5.43201e-01 2.26531e-02 1.43135e+00
-5.00333e-01 2.59993e-01 1.45374e+00
-4.66768e-01 5.48435e-01 1.50028e+00
4.10275e-01 4.11359e-01 1.49582e+00
4.42117e-01 -2.03770e-01 1.51150e+00
1.30685e-01 2.39341e-01 1.45139e+00
4.37463e-01 9.00843e-02 1.49463e+00
2.00750e-01 -1.42850e-01 1.50009e+00
-2.95935e-01 -1.65570e-01 1.38528e+00
-2.94522e-01 7.14476e-02 1.41847e+00
-1.73361e-01 3.42138e-01 1.49905e+00
-4.19365e-02 -2.08566e-01 1.39178e+00
-6.07617e-02 2.28291e-02 1.43236e+00
4.27992e-01 3.55381e-01 -1.44785e+00
-1.17493e+00 -1.04949e+00 -2.44620e-01
3.58326e-01 5.48645e-01 -1.36895e+00
1.53350e+00 -1.42022e-01 7.35349e-02
2.48082e-01 1.95312e-01 -1.61469e+00
-1.41594e+00 6.03733e-01 7.81773e-02
1.47197e+00 -5.39763e-01 2.51062e-01
7.56579e-02 -1.49017e+00 4.54654e-01
1.53298e+00 -1.43480e-03 7.20110e-02
-1.43620e+00 4.60927e-01 7.44333e-02
1.14141e+00 1.87158e-01 -1.02203e+00
1.02639e+00 2.13573e-01 -1.14988e+00
-1.22671e+00 -7.26958e-01 5.39947e-01
1.30562e+00 -3.58336e-02 -7.25654e-01
-1.25926e+00 -8.74021e-01 -3.50182e-01
-4.59811e-01 7.85735e-01 -1.13627e+00
-2.64997e-01 1.09449e+00 1.10474e+00
8.81021e-01 1.19118e+00 -7.04137e-01
1.03908e+00 1.10802e+00 -5.49345e-01
-2.51418e-01 1.02643e+00 1.19132e+00
6.04898e-01 1.24586e+00 -8.19463e-01
-1.02931e+00 -1.20256e+00 -1.33976e-01
-8.26198e-01 -4.06273e-01 1.30213e+00
6.17348e-01 6.88072e-02 -1.52298e+00
-1.60463e+00 3.17121e-02 -3.96231e-01
-1.87191e-01 5.85007e-01 1.51495e+00
-3.66643e-01 1.13256e+00 9.78448e-01
-1.54381e-01 7.25177e-01 1.45236e+00
-1.04267e+00 9.86748e-01 -6.34174e-01
1.01622e+00 -3.40971e-01 -1.03433e+00
5.58865e-01 1.47133e+00 -3.94097e-01
4.08653e-01 -1.50324e+00 -2.73120e-02
5.86983e-01 8.85959e-01 -1.13536e+00
2.03665e-01 -4.41420e-01 -1.36421e+00
-1.25956e+00 -1.79705e-03 9.24145e-01
-1.14146e+00 -9.15449e-01 4.66678e-01
2.92143e-01 -1.30389e+00 -7.83761e-01
9.17310e-01 -3.08629e-01 -1.17364e+00
7.38018e-01 1.19266e+00 -7.68298e-01
1.26991e+00 1.62676e-01 9.39002e-01
9.44908e-01 3.69390e-01 -1.22319e+00
1.37681e+00 -7.07080e-01 3.13185e-01
-1.56809e+00 -3.42940e-01 2.44691e-01
1.23756e+00 6.05863e-01 6.28404e-01
4.04547e-01 -3.16884e-01 -1.39424e+00
-1.31947e+00 -5.68819e-01 6.17635e-01
-1.36977e+00 8.22462e-01 -2.89660e-01
-1.14534e+00 8.69691e-01 -6.17450e-01
-7.78436e-02 1.56309e+00 8.74832e-03
-6.28561e-01 -2.33106e-01 -1.41364e+00
-3.31144e-01 -1.38798e+00 5.47776e-01
7.89933e-01 -3.99111e-01 -1.28809e+00
1.00449e+00 -6.07686e-01 1.04436e+00
-1.25871e+00 -1.45369e-01 9.23863e-01
-1.34083e+00 8.05896e-01 1.67338e-01
7.58327e-01 -7.53021e-01 -1.01977e+00
1.86783e-01 -1.51842e-02 -1.69373e+00
7.34516e-01 3.05790e-04 -1.40237e+00
-1.24436e-01 5.66164e-01 -1.44470e+00
-6.11205e-01 8.11087e-01 1.21324e+00
1.58501e+00 1.50076e-01 -6.34547e-02
-1.30113e+00 3.30823e-01 -6.39414e-01
-1.78056e-01 9.15763e-01 1.25378e+00
1.53778e+00 -3.63602e-01 1.69049e-01
6.59242e-01 -5.52696e-01 -1.21368e+00
-1.08612e+00 -8.56255e-01 -8.11882e-01
-1.23929e+00 5.54314e-01 -6.45702e-01
-1.27523e+00 9.61535e-01 1.74237e-01
-4.47481e-01 1.45860e+00 3.00729e-01
-9.12291e-01 1.09957e+00 -6.33525e-01
1.99488e-01 -2.44142e-01 -1.56214e+00
-3.31399e-01 1.43960e+00 4.11044e-01
-5.71800e-01 -9.26087e-01 1.14186e+00
1.14973e+00 5.97401e-01 7.22045e-01
-1.48275e+00 3.38972e-01 -6.13877e-02
1.22778e+00 6.24071e-02 -8.28749e-01
-9.72801e-01 4.60589e-01 -8.51811e-01
-2.46395e-02 -1.61521e-01 -1.73723e+00
8.72674e-01 5.60564e-01 -1.12053e+00
4.31175e-01 1.31854e-01 -1.56478e+00
4.25593e-01 -1.26507e+00 -7.80824e-01
-1.25899e+00 5.41000e-01 8.98073e-01
1.32819e+00 -4.29692e-01 7.02015e-01
4.02156e-01 9.60457e-01 -1.19080e+00
-1.47306e-03 -5.81696e-01 1.49678e+00
1.21027e+00 3.74745e-01 -8.85072e-01
4.00062e-01 -1.39934e+00 3.68170e-01
-8.48322e-01 -1.31899e+00 -1.70709e-01
-4.62777e-01 1.37463e-01 -1.55334e+00
-1.57308e+00 -3.50193e-01 -9.57362e-02
1.59048e+00 -2.41013e-01 -1.47834e-01
-1.25415e+00 -9.61587e-01 1.18721e-02
-1.42120e-01 -8.71499e-01 1.27498e+00
3.18970e-01 -9.36076e-01 1.29100e+00
-3.08746e-01 4.75942e-01 -1.51210e+00
-1.41735e+00 7.14579e-01 -1.45868e-01
-1.54779e-01 8.01520e-01 1.34689e+00
-1.44599e+00 4.94475e-01 -5.14938e-01
8.69164e-01 1.31011e+00 -4.48451e-01
1.11578e+00 -3.53188e-01 -9.28617e-01
-1.59455e+00 3.00085e-01 -2.11844e-01
1.42698e+00 4.36502e-01 -5.93015e-01
7.06987e-01 8.10242e-01 -1.05810e+00
3.11943e-01 1.49197e+00 2.22488e-01
7.14403e-01 4.25416e-01 -1.27316e+00
1.34959e-01 1.46148e+00 -5.87658e-01
2.85844e-01 -1.52889e+00 -2.71559e-02
-1.51463e+00 -2.25870e-03 2.57258e-01
-1.00240e+00 -9.71147e-01 -7.75093e-01
-2.67509e-01 8.41703e-01 -1.24641e+00
3.97208e-01 1.24701e+00 -8.94055e-01
1.59267e+00 2.04739e-01 -2.14915e-01
-9.42275e-01 6.18529e-01 1.11383e+00
1.23056e+00 6.88743e-01 5.03784e-01
8.22270e-01 6.95687e-01 -1.05705e+00
-6.56190e-01 -6.65896e-01 -1.22852e+00
8.98133e-01 1.28644e+00 -1.17280e-01
-6.65243e-01 -1.41951e+00 2.39788e-01
3.05526e-01 -8.12570e-01 1.36589e+00
1.82939e-01 6.33572e-01 -1.44999e+00
-5.73358e-01 6.71675e-01 1.29816e+00
-6.28176e-01 4.05470e-01 1.38000e+00
9.08312e-01 9.54337e-01 5.95909e-01
2.77100e-02 -5.38499e-01 -1.36800e+00
-9.98795e-01 -1.10861e+00 -6.86603e-01
-6.55030e-01 -1.28878e+00 5.64665e-01
5.21816e-01 4.73712e-01 -1.28464e+00
-2.66403e-01 -3.86178e-01 1.42187e+00
2.84406e-01 1.08885e+00 -1.06879e+00
1.25028e+00 -5.46426e-01 -7.40311e-01
6.17972e-01 1.38729e+00 2.20906e-01
-4.26167e-01 1.02322e+00 -1.08638e+00
-1.71761e-01 1.47651e+00 4.13979e-01
1.14756e+00 1.05125e+00 -3.64716e-01
3.23605e-01 1.29863e+00 7.74350e-01
9.98809e-01 -1.12953e+00 5.02126e-01
6.83587e-01 -8.03719e-01 1.23215e+00
-1.34241e+00 -7.34208e-01 -3.09799e-01
-1.95584e-01 1.45614e+00 -5.87120e-01
-1.60619e-01 -1.57904e+00 -1.08390e-01
1.29482e+00 7.65904e-01 -6.22008e-01
6.01948e-01 3.14325e-01 1.43420e+00
-1.40638e+00 -6.68473e-01 1.70106e-01
6.07437e-02 -1.51958e+00 2.63329e-01
4.97147e-01 1.38060e+00 -6.69017e-01
-4.45809e-01 -4.22138e-02 -1.56281e+00
1.16016e+00 9.30755e-01 -6.15869e-01
5.16173e-01 1.46591e+00 -5.22680e-01
1.96951e-02 2.84521e-01 -1.64497e+00
9.00025e-01 1.23316e+00 2.24418e-01
-7.54447e-02 -7.79091e-01 1.44187e+00
-4.37184e-01 -5.91391e-01 -1.39650e+00
-1.20587e+00 7.06690e-01 -6.46573e-01
-9.85666e-01 -3.41039e-01 -1.16558e+00
3.43501e-01 -1.03221e+00 1.17531e+00
-3.15745e-01 -5.15151e-01 -1.53788e+00
-1.36699e-01 -4.11480e-01 1.44216e+00
-9.39628e-01 -1.25567e+00 8.11043e-02
-1.06695e+00 -1.14017e+00 -5.02338e-01
4.49673e-02 6.61848e-01 -1.45151e+00
-1.35223e-01 -5.43910e-01 -1.49866e+00
-1.05987e+00 -7.88096e-01 7.25961e-01
1.32290e+00 7.43726e-01 2.19848e-01
7.83820e-01 -8.18020e-01 1.11581e+00
1.55859e+00 -4.13333e-01 -2.67392e-01
-9.76077e-01 8.99271e-01 8.62122e-01
3.06953e-01 -6.69431e-01 -1.13675e+00
5.62454e-01 -3.91916e-01 -1.38055e+00
-1.38942e+00 1.93993e-01 -6.75202e-01
-1.34404e+00 9.89159e-02 7.91333e-01
9.53894e-01 1.20925e+00 -4.98763e-01
5.52636e-01 1.09256e+00 8.33153e-01
1.36411e+00 -5.09207e-01 -6.36942e-01
-3.51507e-01 -1.47764e+00 3.79309e-01
1.12803e+00 1.00338e+00 2.21307e-01
6.70346e-01 1.11426e+00 7.48696e-01
1.08356e+00 6.78031e-01 7.97957e-01
-5.40421e-01 -7.54940e-01 1.22048e+00
-8.58895e-01 3.02144e-01 -1.15656e+00
8.46308e-01 -1.13191e+00 5.92943e-01
-5.18282e-01 1.37601e+00 -5.83752e-01
-1.08902e+00 -2.34593e-01 -1.07562e+00
1.41259e+00 -1.71901e-01 -6.48817e-01
-4.89423e-01 -1.40223e-01 -1.48729e+00
3.07049e-01 -2.84373e-01 -1.49457e+00
1.13555e+00 7.82675e-01 -7.78225e-01
-5.98986e-01 7.64417e-01 -1.06264e+00
-1.38927e+00 -4.78069e-01 -5.54500e-01
-7.42523e-01 4.66677e-01 -1.14996e+00
1.25786e+00 -8.03103e-01 5.66829e-01
1.47974e+00 4.46187e-01 2.47230e-01
-4.32149e-02 1.55598e+00 3.03667e-01
-1.44925e+00 1.54333e-01 3.11539e-01
-9.68694e-02 3.74534e-01 -1.57985e+00
-1.08349e+00 5.78246e-01 9.93053e-01
1.55967e+00 1.74469e-01 2.52234e-01
1.29801e+00 3.74544e-02 8.95969e-01
1.66604e-01 -7.33310e-01 1.46313e+00
1.57134e+00 -1.94404e-01 -3.60882e-01
-3.60427e-02 1.54433e+00 1.33308e-01
7.46170e-02 -1.42003e+00 6.24282e-01
9.68626e-01 2.15533e-01 1.24993e+00
4.24634e-01 -4.52521e-01 1.48898e+00
1.52384e-01 -1.53875e+00 -1.06245e-01
-8.40326e-01 7.66574e-02 1.30776e+00
4.28634e-01 1.20450e+00 8.72140e-01
-5.80932e-01 -1.47476e+00 6.19468e-02
2.28024e-01 -5.95405e-01 -1.20180e+00
-9.70903e-01 1.88984e-01 1.22723e+00
8.41480e-01 -1.33051e+00 -6.73018e-02
-9.66085e-01 -1.18299e+00 2.63020e-01
7.16802e-01 -6.74869e-01 -1.12779e+00
-1.28715e+00 9.68275e-01 -2.49522e-01
9.02707e-02 -2.02343e-01 -1.63194e+00
9.27076e-02 -3.75255e-01 1.48752e+00
-7.79375e-01 -1.38432e+00 -3.20848e-01
-8.25838e-01 1.24812e+00 -5.94938e-01
-6.67679e-01 1.00857e+00 9.88818e-01
1.67426e-01 8.94764e-01 -1.16299e+00
9.88456e-01 -1.24795e+00 -7.03154e-02
-1.26019e+00 6.29491e-01 7.62149e-01
-9.42908e-01 -3.00706e-01 1.21022e+00
7.14546e-01 1.40765e+00 -3.93327e-01
-1.35582e+00 5.29844e-01 -5.86510e-01
-9.39443e-01 1.70109e-01 -1.17993e+00
-1.56323e+00 -9.78364e-02 -4.23513e-01
-4.93611e-01 -1.50243e+00 -8.59788e-02
-1.45520e+00 -2.85895e-01 5.68253e-01
4.49681e-01 -1.42177e+00 2.55893e-01
-6.07180e-02 -1.24686e+00 8.97515e-01
-1.04985e+00 8.85668e-01 7.39180e-01
7.42269e-01 -5.14133e-01 1.37550e+00
-6.20063e-01 -1.13192e+00 8.49693e-01
-4.67509e-01 -1.48169e+00 2.58118e-01
-8.93852e-01 -1.10184e+00 5.25246e-01
-2.09180e-03 -1.18701e+00 1.00286e+00
-8.73087e-01 4.29917e-01 -9.83677e-01
1.40333e+00 -4.35336e-01 4.67038e-01
9.66169e-01 -4.86084e-01 1.20113e+00
-1.48571e+00 -4.03913e-01 -4.18118e-01
-1.58760e+00 1.75183e-01 -3.46993e-01
1.63601e-01 4.99328e-02 1.45956e+00
-2.48210e-01 1.57693e+00 7.15177e-03
-1.15068e+00 1.10711e+00 2.39396e-01
-1.18038e+00 3.93401e-02 -9.99758e-01
4.61659e-01 6.92238e-01 -1.23089e+00
1.49629e+00 -6.33867e-01 1.14801e-02
-1.38420e+00 -9.61322e-02 -7.17933e-01
-1.23190e+00 1.07158e+00 6.08072e-03
-3.66730e-02 -8.80469e-01 -1.18550e+00
-4.32387e-01 -7.19328e-01 1.36292e+00
-1.19243e+00 -1.21878e-01 -1.00949e+00
7.38704e-01 -1.18705e+00 5.81787e-01
1.42173e+00 2.03354e-01 5.47680e-01
1.36085e+00 6.08586e-01 -6.12970e-01
-6.82142e-01 7.66935e-01 -9.69202e-01
1.24702e+00 -7.19385e-01 6.80814e-01
-8.86368e-01 -9.82224e-01 8.40722e-01
1.15903e+00 -4.68983e-01 1.03816e+00
6.55627e-01 1.30200e+00 5.52656e-01
1.36198e+00 -8.92309e-01 -9.49157e-02
-1.37991e+00 2.21071e-01 6.98337e-01
-9.76925e-01 -8.70215e-01 8.26968e-01
4.87856e-02 -9.64344e-01 -1.12296e+00
-1.92699e-01 -1.58805e+00 6.25695e-02
-1.61827e+00 -3.50746e-03 9.81653e-02
-1.35606e+00 -6.63269e-01 3.31121e-01
-1.30883e-01 -2.42905e-01 -1.65947e+00
7.88979e-01 4.90002e-01 -1.19129e+00
-3.84217e-01 -3.42405e-01 1.39926e+00
-6.85236e-01 1.53002e-01 1.40124e+00
6.07942e-01 1.49920e-01 1.41806e+00
1.35736e+00 -8.32590e-01 -3.92182e-01
-7.12642e-01 -5.23127e-02 1.38060e+00
-8.74231e-01 -1.24447e+00 -5.63166e-01
3.65121e-01 -1.48604e+00 -4.22457e-01
-8.60232e-01 1.27969e+00 2.28745e-01
1.12633e+00 -1.13812e+00 -9.25305e-02
-7.85030e-01 -1.29569e+00 2.17422e-01
8.02418e-01 7.87051e-01 1.11267e+00
1.20752e+00 -2.91980e-01 1.01837e+00
-8.12786e-01 7.76188e-01 -9.11512e-01
3.40458e-01 -3.72666e-01 1.52454e+00
6.12631e-01 3.00291e-01 -1.42578e+00
2.59144e-01 4.24436e-01 -1.52660e+00
-5.79746e-01 1.45400e+00 2.31990e-01
-4.34288e-01 5.12960e-01 -1.42643e+00
6.11644e-01 -4.72882e-01 -1.29904e+00
8.10545e-01 6.58471e-01 1.22355e+00
8.61157e-01 3.67464e-01 1.25723e+00
1.10199e+00 3.77609e-01 1.04499e+00
2.18768e-01 -3.39268e-01 1.52084e+00
1.19141e+00 3.08486e-01 9.90123e-01
-1.64918e-01 7.58305e-01 -1.36181e+00
-2.83589e-01 -1.14507e+00 -1.03493e+00
1.05095e+00 5.89530e-02 -1.13547e+00
4.65108e-01 -9.23281e-01 -1.01390e+00
-1.38288e+00 3.16479e-01 5.73286e-01
7.80118e-01 8.94279e-01 1.00467e+00
-1.16150e+00 3.54911e-01 9.80640e-01
1.29595e+00 4.36902e-01 -7.50904e-01
-1.37269e-01 -1.46995e+00 5.07659e-01
-5.69724e-01 4.78598e-01 -1.33297e+00
1.14387e+00 -1.09719e+00 -3.90017e-01
8.19446e-01 -1.50518e-01 -1.33458e+00
7.88645e-01 -9.66504e-01 -8.17087e-01
1.32124e+00 -6.80142e-02 7.70451e-01
-4.36380e-01 -1.02180e+00 1.15512e+00
-1.46523e+00 2.98378e-01 2.48477e-01
-9.82189e-01 7.83716e-01 9.88335e-01
1.96634e-01 -1.26566e+00 6.71102e-01
8.74969e-01 1.33078e+00 -2.42646e-01
-6.95411e-01 1.73450e-01 -1.42629e+00
1.02418e+00 9.32841e-01 4.92330e-01
-1.09528e+00 -5.49765e-01 9.69142e-01
5.53425e-01 -1.14908e+00 -8.36691e-01
-1.16857e+00 1.89268e-01 9.55759e-01
-5.90733e-01 -1.53029e-01 1.40653e+00
-4.68905e-01 -2.49700e-01 1.39709e+00
-1.02010e-01 -7.12153e-01 -1.34907e+00
-7.32631e-01 -7.89240e-01 1.08900e+00
-1.00148e+00 -1.74576e-02 1.21538e+00
-2.69276e-02 -9.88632e-01 1.21238e+00
-7.64104e-01 -1.22786e-01 -1.41620e+00
9.75626e-01 7.73488e-01 7.74478e-01
1.34619e+00 -4.20646e-01 5.72909e-01
8.91357e-01 8.77553e-02 -1.33440e+00
2.52120e-01 5.19129e-01 1.52310e+00
1.49048e+00 -5.15344e-01 -3.70342e-01
-7.07444e-01 -5.10734e-01 1.34869e+00
-6.46870e-01 1.09593e+00 -8.58146e-01
-4.75564e-01 -3.78384e-01 -1.42708e+00
6.77102e-01 -1.38922e+00 -8.85382e-02
1.19888e+00 -4.57212e-01 -8.26854e-01
-5.21933e-01 1.08028e+00 9.78828e-01
-1.11828e+00 -8.64924e-01 6.09133e-01
1.45435e+00 1.19564e-01 -6.48682e-01
-1.67298e+00 -5.10492e-02 -5.04696e-02
-1.14354e+00 -1.08488e+00 -6.15071e-02
-2.97671e-01 -1.34004e+00 6.90451e-01
1.16670e+00 8.70237e-01 -7.09466e-01
1.23780e+00 -1.00920e+00 -9.41175e-02
-1.19395e+00 -1.03211e+00 -4.36520e-01
1.01737e+00 3.60737e-01 1.13361e+00
-4.47135e-02 4.82940e-01 1.52538e+00
-5.97167e-01 1.83015e-01 -1.49744e+00
2.54476e-01 -1.40322e+00 -6.53399e-01
-1.32463e+00 -8.08759e-01 8.03999e-02
2.93336e-01 -1.12952e+00 8.82429e-01
-2.00817e-01 4.22332e-01 -1.53695e+00
3.37659e-01 1.16287e+00 -9.77777e-01
1.27060e+00 -6.01281e-01 7.16484e-01
-1.52498e+00 -2.38101e-01 -4.15455e-01
-1.45067e+00 6.21535e-01 -3.81425e-01
1.35764e+00 8.34687e-01 -6.45668e-02
1.45211e+00 -7.46244e-01 -9.44270e-02
2.66505e-01 -1.43427e+00 3.70118e-01
-1.41812e+00 -6.32055e-01 -9.50696e-03
3.69976e-01 1.33361e+00 6.55713e-01
-1.46609e+00 -1.37668e-01 5.73509e-01
-1.37769e+00 -5.87391e-01 -3.82674e-01
4.95992e-01 1.34053e+00 5.41752e-01
4.89741e-01 -1.46213e+00 -4.25619e-01
1.26112e+00 -4.23013e-01 8.76878e-01
1.02518e+00 1.18707e+00 -1.17552e-01
-1.51599e+00 3.94898e-01 -3.75868e-01
5.67386e-01 -5.40731e-01 1.41566e+00
5.57736e-01 -1.29808e+00 -6.46899e-01
1.51947e+00 5.42882e-01 -6.16443e-02
8.08844e-01 -2.75137e-01 -1.31821e+00
1.45471e+00 -1.13021e-01 5.06379e-01
8.95944e-01 7.90436e-02 1.28674e+00
-2.71414e-01 9.25149e-02 -1.68626e+00
1.64156e-02 1.48293e+00 5.08650e-01
-1.07411e+00 1.17384e-01 -1.11109e+00
-1.04447e-01 -8.13911e-01 -1.28109e+00
1.37459e+00 -6.85344e-02 6.60162e-01
-1.34217e+00 -2.22590e-01 8.45337e-01
-9.01258e-01 -1.29894e+00 -4.65067e-02
-7.77596e-01 -7.08568e-01 -1.18573e+00
-9.63149e-01 -4.84897e-01 -1.10987e+00
-1.16191e+00 -9.49910e-01 3.29534e-01
8.62464e-01 -1.29002e+00 -3.77977e-01
1.12425e-01 4.31010e-01 1.51686e+00
1.51609e+00 4.87392e-01 8.90773e-02
1.29155e+00 -7.34053e-01 4.28095e-01
1.22049e+00 2.17671e-01 -8.57694e-01
-3.18515e-01 -1.12997e+00 1.07318e+00
7.69310e-03 -1.35136e+00 7.90205e-01
2.29595e-01 1.00965e+00 -1.13773e+00
-1.60477e+00 -1.81229e-01 2.43978e-01
-3.74134e-01 1.54336e+00 -6.30707e-02
-7.32303e-01 1.39038e+00 2.33341e-01
3.81081e-01 -6.37153e-01 1.47187e+00
4.55934e-02 -7.54736e-01 1.44968e+00
1.46240e+00 2.66113e-01 -5.87177e-01
1.96217e-01 9.85143e-01 1.20778e+00
1.44520e+00 6.27621e-02 5.54640e-01
-6.86888e-01 1.43156e+00 -6.15946e-02
4.32443e-01 -1.45945e+00 1.38475e-01
-1.57972e+00 -3.35385e-01 7.94089e-02
-1.41470e+00 5.11755e-01 2.31816e-01
-9.68722e-01 1.25444e+00 -5.87230e-02
1.57339e+00 1.24241e-01 -3.39285e-01
-3.05808e-01 -7.54168e-01 1.36595e+00
2.83941e-01 1.55522e+00 -6.36031e-02
-1.81787e-01 -3.45815e-01 -1.59469e+00
-3.32478e-01 1.09928e+00 -1.03071e+00
8.84499e-01 -6.93419e-01 -1.00289e+00
-1.08663e+00 -1.19582e+00 -3.23259e-01
-1.27180e+00 -9.16535e-01 -1.70175e-01
1.55797e+00 -3.02436e-01 -3.12780e-01
1.04343e+00 -9.47573e-02 -1.08662e+00
-2.59994e-01 -9.92455e-01 1.19323e+00
6.11404e-01 1.48736e+00 -6.47552e-02
-1.17562e+00 -9.57796e-01 1.87690e-01
9.85970e-01 -2.02363e-01 -1.13620e+00
-7.46094e-01 1.07038e+00 -7.62233e-01
-1.02666e+00 1.22358e+00 2.36686e-01
-8.78502e-01 -5.70219e-01 1.18439e+00
-1.64730e+00 -1.92382e-01 -9.30772e-02
7.88634e-01 -1.34746e+00 2.22616e-01
-6.08960e-01 5.39301e-01 1.37113e+00
-2.26452e-02 -3.89884e-01 1.45089e+00
1.97528e-01 1.55196e+00 -3.12812e-01
1.05156e+00 -1.17109e+00 9.82955e-02
-8.13592e-01 4.51273e-01 -1.07381e+00
4.31799e-01 8.24419e-01 -1.20998e+00
1.51988e+00 -6.13425e-02 2.30883e-01
1.53132e+00 -1.91468e-01 -5.17846e-01
-1.14473e+00 1.95917e-01 -9.27355e-01
-3.04714e-01 -1.00416e+00 -1.12117e+00
-1.40638e+00 6.69213e-02 -7.25037e-01
4.44732e-01 1.30648e+00 -7.76961e-01
4.95564e-01 5.78249e-01 -1.26209e+00
2.19842e-01 5.17557e-01 -1.47251e+00
5.63174e-01 3.85557e-01 -1.34582e+00
7.53585e-01 -1.34465e+00 9.79471e-02
1.76420e-01 1.10903e+00 1.14421e+00
-1.47937e+00 -2.04834e-02 4.64681e-01
-3.40493e-01 9.17328e-01 -1.15060e+00
-1.39833e+00 7.70855e-01 1.09814e-02
-6.77165e-01 -1.40973e+00 -1.05765e-01
-9.80911e-01 -1.20627e+00 -5.38994e-01
2.94177e-01 -1.05584e+00 9.99026e-01
1.13071e+00 6.93100e-01 -8.58592e-01
-1.38963e-01 1.57934e+00 -3.14073e-01
-9.14473e-01 4.83675e-01 1.20933e+00
-1.57191e+00 -3.65334e-01 -2.63555e-01
1.42493e+00 -3.47330e-01 -6.15599e-01
-7.52842e-01 -1.03391e+00 8.37842e-01
2.47125e-01 6.64151e-01 1.45550e+00
1.12151e+00 1.07027e+00 -6.18195e-02
6.90721e-01 -6.90944e-01 1.32988e+00
2.24225e-01 8.57124e-01 1.27465e+00
1.31027e+00 2.51654e-01 7.71671e-01
-1.15718e+00 -8.16647e-01 -6.88982e-01
8.20868e-03 -1.08909e+00 -1.01654e+00
-6.79290e-01 1.33253e+00 -5.93326e-01
3.37773e-01 1.42631e+00 5.02304e-01
1.16262e+00 5.50680e-01 -9.04409e-01
9.22467e-01 8.63642e-01 6.93896e-01
-8.35749e-01 -6.94614e-01 1.09723e+00
5.62348e-01 -1.43682e+00 -8.83315e-02
-8.81939e-01 6.35622e-01 -8.69305e-01
-6.59271e-01 8.71392e-01 1.08601e+00
1.15403e+00 9.91369e-01 -4.89949e-01
-7.42031e-01 -3.60774e-01 -1.33383e+00
1.08231e+00 -1.07604e+00 -5.05676e-01
-1.38872e+00 -4.39054e-01 5.57463e-01
-9.76985e-01 -1.44349e-01 -1.23825e+00
1.91217e-01 -1.03589e+00 -1.05526e+00
-9.56466e-02 9.10916e-01 -1.19890e+00
1.29890e-01 -5.68446e-01 -1.28561e+00
1.45558e+00 -5.20815e-01 -4.94030e-01
1.06656e+00 -6.89867e-01 9.35582e-01
-3.96317e-01 -4.45179e-01 -1.47973e+00
7.80067e-02 -1.56464e+00 -3.76939e-01
-3.41737e-01 3.04886e-01 1.49620e+00
1.02374e+00 -9.39381e-01 8.03746e-01
-5.21119e-01 -1.47065e+00 1.59872e-01
1.31878e+00 -8.37274e-01 -5.19630e-01
-1.31187e+00 8.72933e-01 -4.84573e-01
-1.16841e-01 1.81545e-01 1.46840e+00
1.00711e+00 -1.00133e+00 6.73149e-01
-2.92904e-01 7.04601e-01 1.43903e+00
-3.51063e-01 -1.53650e+00 -8.52453e-02
-1.22983e+00 -8.22257e-01 -5.65829e-01
2.76257e-01 1.64030e-01 1.45001e+00
1.17324e-01 -1.29933e+00 -8.46910e-01
2.14686e-01 1.22515e+00 9.37889e-01
1.53477e+00 5.95390e-01 -1.91371e-01
-2.39417e-01 1.19221e+00 9.63066e-01
-8.31751e-01 9.41845e-01 9.84038e-01
1.52378e+00 4.40574e-01 -4.44889e-01
3.23803e-01 -9.98994e-01 -1.05030e+00
-1.16606e-01 -6.18522e-01 -1.40051e+00
-3.27303e-02 -1.50159e+00 -6.24350e-01
-6.18434e-01 -6.07404e-01 1.35095e+00
-1.09063e+00 1.12207e+00 -4.38554e-01
1.38107e+00 7.49729e-01 -4.42528e-01
8.42244e-01 -5.11670e-02 1.27544e+00
5.11434e-01 8.51900e-01 1.22358e+00
1.57466e+00 -8.28877e-02 -8.38797e-02
1.51098e+00 -2.02922e-01 2.32111e-01
1.17330e+00 -1.08447e+00 -2.61479e-01
-4.67863e-01 1.50906e+00 -3.12300e-01
1.56378e+00 -3.01980e-01 9.97078e-03
1.38506e+00 -8.23854e-01 -2.65671e-01
1.33775e+00 8.72182e-01 -1.87325e-01
-4.70240e-01 6.37482e-01 -1.28915e+00
-9.35093e-01 3.53100e-01 1.22848e+00
-5.40596e-01 -6.15384e-01 -1.28054e+00
-1.58768e+00 1.27731e-01 -3.59044e-02
1.33751e-01 -1.57840e+00 -2.54462e-01
8.50490e-01 -4.80410e-01 1.28335e+00
-6.59672e-01 2.74136e-01 1.40108e+00
-8.66178e-01 -8.10989e-01 -1.08026e+00
-4.81375e-01 -1.21457e+00 8.53394e-01
1.18180e+00 -1.87189e-01 1.15077e+00
-3.11987e-01 -1.50086e+00 -5.02755e-01
-4.23955e-01 1.56042e+00 -1.90437e-01
-9.90241e-01 8.59152e-02 1.22643e+00
-1.34841e+00 -6.21073e-01 4.78022e-01
5.51886e-01 -1.74728e-01 -1.52061e+00
-8.81563e-01 -1.25010e+00 2.42014e-01
-1.27510e+00 -5.56449e-01 -6.49160e-01
-2.67897e-01 -1.53954e+00 2.05122e-01
-1.19889e+00 -3.16843e-01 -9.30077e-01
-3.60409e-01 1.43836e+00 -5.87870e-01
9.47696e-01 6.61288e-01 1.08443e+00
2.08566e-02 -1.52297e+00 -4.99914e-01
-1.26305e+00 8.98186e-01 2.84213e-01
-3.21832e-01 4.50040e-01 1.52418e+00
5.25922e-01 2.18534e-01 -1.50139e+00
1.61780e-01 3.39323e-01 -1.57775e+00
3.35618e-01 4.32336e-02 -1.63717e+00
-8.97717e-02 1.56782e+00 -1.86051e-01
-7.26364e-01 1.41327e+00 -1.86021e-01
1.09273e+00 -9.92825e-01 -6.15922e-01
-8.12798e-01 1.31687e+00 -4.35548e-01
9.18769e-01 -1.30383e+00 -2.59271e-01
3.01633e-01 1.44510e+00 -5.86906e-01
-1.48710e+00 -5.03967e-01 -8.86753e-02
-1.02471e+00 1.25583e+00 -1.88001e-01
1.29918e+00 -9.31777e-01 7.67834e-02
-5.10596e-01 1.45820e+00 -4.36332e-01
5.73100e-01 1.51034e+00 -1.91723e-01
-1.42497e+00 6.64143e-01 -2.61359e-01
-3.55830e-03 1.36394e+00 7.20959e-01
1.51031e-01 1.53608e+00 -4.37722e-01
-1.26493e+00 8.45127e-01 3.97041e-01
6.66953e-02 1.32448e+00 -8.36251e-01
-1.05605e+00 1.09334e+00 3.94724e-01
-8.59788e-02 -1.43136e+00 -7.37912e-01
-1.44237e+00 5.53501e-01 -7.81313e-02
-1.38096e+00 6.51025e-01 2.35789e-01
2.41767e-01 1.55501e+00 -1.86911e-01
5.51808e-01 6.26971e-01 1.38836e+00
-2.98378e-02 1.49548e+00 -5.95489e-01
-1.36316e+00 -2.37765e-01 -7.13945e-01
-8.03198e-01 1.30986e+00 3.97381e-01
-6.91336e-01 -1.34341e+00 4.18609e-01
-1.08692e+00 2.56362e-01 1.12476e+00
3.20620e-01 -2.81167e-02 1.51198e+00
-1.85549e-01 1.54451e+00 -4.40414e-01
1.38670e+00 5.99549e-01 2.20305e-01
-1.44223e+00 -6.59121e-01 -1.78012e-01
1.01006e+00 -7.80641e-01 -7.90567e-01
5.72013e-01 -1.29662e-01 1.44472e+00
-9.19217e-01 -6.38075e-01 -1.12019e+00
-7.99607e-01 6.83690e-01 1.19198e+00
-2.65550e-01 -1.27362e+00 -9.54554e-01
-4.42875e-01 1.42237e+00 4.63392e-01
-1.60080e-01 -4.52512e-01 -1.56560e+00
-7.00165e-01 4.99400e-02 1.39325e+00
-3.41369e-01 -1.33282e+00 -8.47530e-01
-5.25343e-01 1.29837e+00 -7.39269e-01
-8.77803e-01 1.15827e+00 6.35064e-01
-7.79374e-01 1.38265e+00 -3.13125e-01
-9.20023e-01 1.25665e+00 6.56563e-02
-1.46109e+00 -4.93590e-01 2.39204e-01
-1.11642e+00 9.30464e-01 6.37336e-01
1.37064e+00 8.20342e-01 -3.14781e-01
2.41700e-01 7.43144e-01 1.35831e+00
9.18242e-01 2.28890e-01 -1.27875e+00
6.79107e-01 -1.27605e+00 4.77750e-01
4.96075e-02 1.42779e+00 6.19543e-01
1.56084e+00 1.60944e-01 9.21536e-02
-1.28528e+00 6.46337e-01 6.33113e-01
1.18651e+00 -1.01494e+00 3.27372e-01
-2.70763e-01 1.39657e+00 6.17766e-01
-5.91052e-02 7.00521e-01 -1.38766e+00
1.34487e+00 7.80644e-01 6.41804e-02
-5.78661e-01 1.29210e+00 6.16158e-01
-3.65448e-01 1.23770e+00 8.25799e-01
-1.48709e+00 -3.41765e-01 4.06489e-01
-1.03391e+00 6.80946e-01 9.91496e-01
-1.17407e+00 2.53840e-01 -7.96947e-01
7.25880e-01 3.66245e-01 1.33235e+00
1.51567e+00 -4.96645e-01 9.76153e-02
1.38503e+00 -5.65964e-01 3.93954e-01
-7.28821e-02 -1.56991e+00 1.85893e-01
1.22227e-01 1.39064e+00 -7.39240e-01
1.55503e-01 1.55537e+00 2.26698e-01
8.01690e-01 -1.26306e+00 -4.93895e-01
-5.56846e-02 1.29387e+00 8.27764e-01
5.54348e-01 4.75255e-01 1.43923e+00
-6.45099e-01 1.43767e+00 6.50635e-02
6.31847e-01 -2.01054e-01 1.35259e+00
3.33818e-02 9.17747e-01 -1.16785e+00
-1.98833e-01 1.34546e+00 -7.19232e-01
-1.43408e+00 2.04191e-02 6.37700e-01
3.17061e-01 1.51966e+00 6.15524e-02
-3.59065e-01 2.38091e-02 -1.61801e+00
-3.67304e-01 -1.45150e+00 -6.23450e-01
8.23912e-01 -1.19052e+00 -6.04206e-01
1.52778e+00 5.17306e-01 -3.16412e-01
5.69331e-01 1.94847e-02 1.43667e+00
-3.04182e-01 1.20300e+00 -9.30538e-01
1.60164e-01 1.17048e+00 1.05172e+00
-1.29262e+00 -4.21076e-02 -8.56417e-01
1.22703e+00 -2.25785e-01 -8.50374e-01
1.01258e-01 1.36429e-01 -1.65928e+00
3.69703e-01 -8.10444e-01 -1.09405e+00
-4.64888e-01 -1.14029e+00 -1.08136e+00
-1.59995e+00 2.14594e-01 -1.24007e-01
-6.12695e-01 -1.02141e+00 9.78321e-01
-6.11822e-01 -1.21148e+00 6.97535e-01
4.70451e-01 1.45734e+00 2.20361e-01
-1.11105e+00 -5.41060e-01 -8.73212e-01
-6.75821e-01 -9.94334e-01 -1.02795e+00
6.69506e-01 -1.07203e+00 -8.26683e-01
6.27596e-01 1.42628e+00 6.18430e-02
-1.81129e-02 2.87988e-01 1.46588e+00
9.03796e-01 -9.09668e-01 8.79663e-01
6.91083e-02 -5.91942e-02 1.44409e+00
-1.12767e+00 4.68236e-01 9.91388e-01
-1.05341e+00 1.18535e+00 -3.10814e-01
-7.91129e-01 -1.19090e+00 5.46163e-01
3.03154e-01 1.45970e+00 3.81727e-01
-9.96970e-01 1.10528e+00 -5.32745e-01
-1.92133e-01 -7.62682e-01 1.39620e+00
7.62886e-01 1.31738e+00 2.21294e-01
4.12591e-01 1.47067e+00 -5.60743e-01
4.79988e-01 9.47992e-01 1.10644e+00
-1.11106e+00 -4.02830e-01 1.01189e+00
-6.40175e-01 -7.77073e-01 1.16286e+00
-1.36246e+00 -3.64065e-01 -6.79723e-01
-7.62909e-01 -2.33550e-01 1.35416e+00
-1.08714e-01 1.22497e+00 9.26238e-01
-6.69612e-01 1.12105e+00 8.37654e-01
-1.29011e-02 1.50719e+00 4.04316e-01
-5.42386e-01 1.36964e+00 5.03190e-01
-5.96836e-01 -1.23738e+00 -8.44543e-01
1.26287e+00 -1.37592e-01 9.69104e-01
-1.43434e+00 -4.97546e-01 -4.01104e-01
-1.25142e+00 1.03217e+00 -1.21453e-01
1.44515e+00 -6.74780e-01 1.64056e-01
3.43250e-01 -1.28381e+00 6.32314e-01
6.16352e-01 1.37047e+00 3.84804e-01
1.55953e+00 -2.06786e-02 -3.97402e-01
8.75594e-01 8.76583e-01 -9.29023e-01
8.75524e-01 1.18239e+00 3.76771e-01
4.56651e-01 1.04108e+00 1.01063e+00
-1.01864e+00 8.26947e-01 -6.92592e-01
1.06717e+00 -8.83824e-01 -7.19525e-01
1.24983e+00 -3.61990e-01 9.59996e-01
-2.43567e-01 -1.46731e+00 4.41293e-01
1.29946e+00 7.08383e-01 3.81223e-01
8.90420e-01 1.23709e+00 6.06469e-02
6.54813e-01 -8.77326e-02 -1.48544e+00
-1.88577e-01 -1.30876e+00 7.97187e-01
1.12467e+00 1.11301e+00 -2.40451e-01
1.00265e+00 1.10353e+00 2.16733e-01
-1.23770e+00 -4.93303e-01 7.48445e-01
1.23645e+00 8.84137e-01 2.21709e-01
8.05751e-01 1.38837e+00 -3.22387e-01
-4.18212e-01 -7.22562e-02 1.40722e+00
1.58740e+00 3.77754e-01 -3.83658e-02
8.02664e-01 -1.06536e+00 -6.90811e-01
-1.04303e+00 -1.91245e-01 -1.16872e+00
-2.49184e-02 -1.43670e+00 5.67954e-01
1.74012e-01 -1.49081e+00 3.24171e-01
1.12105e+00 1.01781e+00 6.09798e-02
-1.19074e+00 1.08898e+00 1.22998e-01
6.82131e-01 1.11532e+00 -8.72851e-01
-1.77713e-01 -7.17917e-02 1.38952e+00
-5.78429e-01 -1.43718e+00 -9.48224e-02
8.58033e-01 7.95065e-01 -1.00317e+00
4.17940e-01 2.46146e-01 1.47336e+00
-3.67955e-01 -1.27351e+00 8.18263e-01
2.74116e-01 -6.85642e-01 1.46850e+00
6.20776e-01 8.59768e-01 1.10435e+00
1.24144e+00 -9.74920e-01 2.01882e-01
1.08430e+00 9.44932e-01 3.68704e-01
8.23239e-01 1.09280e+00 -8.20159e-01
9.38666e-01 -1.08132e+00 6.41652e-01
-3.21467e-01 1.32209e+00 7.22244e-01
1.55397e+00 -1.20097e-02 -8.30862e-02
1.52296e+00 9.29565e-03 2.30048e-01
8.99694e-01 1.11979e+00 4.90800e-01
4.55019e-01 -6.24136e-01 -1.14047e+00
1.11176e+00 8.73029e-02 1.23047e+00
9.51225e-01 3.68173e-01 1.20815e+00
-1.18031e+00 -9.71155e-02 1.01701e+00
1.50712e+00 -5.60317e-01 -1.58173e-01
1.63614e-02 1.21025e+00 -9.08485e-01
-6.54045e-01 4.62926e-01 -1.23793e+00
-8.68926e-01 -9.30312e-02 -1.33727e+00
-1.44963e+00 4.81658e-01 -7.86478e-02
-1.44930e+00 4.48314e-01 2.32927e-01
1.10497e+00 3.39626e-01 -1.02708e+00
1.14359e+00 2.85894e-02 -9.85801e-01
8.83426e-01 -1.28235e+00 2.73943e-01
-5.15312e-01 -1.36609e+00 5.70434e-01
2.81786e-01 -1.20137e+00 7.83519e-01
1.38045e-01 -1.51515e+00 1.18108e-01
-1.43216e+00 2.81883e-01 4.56520e-01
1.34140e+00 5.27960e-01 -6.88591e-01
-1.02561e+00 -5.70515e-01 -9.81506e-01
5.16451e-01 -1.06344e+00 1.13502e+00
-1.17910e-01 1.06948e+00 1.15650e+00
9.44194e-01 -1.26293e+00 -1.62923e-01
6.42441e-01 -9.92514e-01 1.13065e+00
4.15291e-01 5.72154e-01 1.47237e+00
1.27471e+00 -7.14917e-01 -6.12778e-01
-1.34332e+00 5.94041e-01 5.11389e-01
2.67050e-01 3.23699e-01 1.47748e+00
1.55735e+00 1.27717e-01 -5.02562e-01
5.95987e-02 1.56124e+00 1.81143e-01
-2.49402e-01 1.25972e+00 -8.07866e-01
1.38413e+00 2.53741e-01 6.70755e-01
9.16582e-01 -1.73235e-01 1.24845e+00
-9.33272e-03 -1.35727e+00 -8.37072e-01
-9.04798e-01 -1.09179e+00 -7.60249e-01
1.06788e+00 -4.80010e-01 1.12571e+00
-1.17965e+00 -4.73955e-01 8.52686e-01
-4.88425e-01 -2.61851e-01 -1.47538e+00
-1.63095e-01 1.77563e-01 -1.68668e+00
-9.35357e-01 8.18556e-01 -7.94620e-01
-1.26243e+00 1.45376e-01 8.79523e-01
-8.31888e-01 -1.09876e+00 -8.48797e-01
-1.47500e+00 6.82355e-02 3.90385e-01
-9.80754e-01 -6.03933e-01 1.04803e+00
1.41133e+00 -3.41082e-03 6.08595e-01
-6.89492e-01 6.80775e-01 1.25097e+00
-8.56028e-01 1.25631e+00 5.23186e-01
1.09489e+00 -1.16110e+00 3.19004e-03
-8.53147e-01 -3.93510e-01 -1.27693e+00
1.19515e+00 -8.67800e-01 -6.16744e-01
1.03975e+00 6.31272e-01 -9.90354e-01
-5.75621e-01 -1.07517e+00 -1.06835e+00
-9.55214e-01 1.18397e-02 -1.22236e+00
-4.03120e-02 1.12283e+00 -9.85587e-01
-2.22686e-01 1.44499e+00 5.19320e-01
8.23771e-01 5.31546e-01 1.27841e+00
3.19791e-01 1.20685e+00 8.98852e-01
3.62888e-02 1.32938e-01 1.44750e+00
-1.14355e-01 -1.13422e+00 -9.95603e-01
-2.36811e-01 -1.55607e+00 -3.80072e-01
5.30479e-01 7.38584e-01 1.30453e+00
6.77086e-01 1.23239e+00 6.65622e-01
9.67688e-01 -6.98798e-01 -8.81718e-01
-4.02051e-01 -1.51685e+00 -3.78619e-01
-1.55251e+00 2.84774e-01 -3.61517e-01
1.58213e+00 2.89871e-01 -1.25957e-01
-1.20739e+00 8.98603e-01 5.19524e-01
-1.34455e+00 4.03680e-01 7.55040e-01
8.79945e-01 6.60600e-01 1.15542e+00
-7.85201e-01 1.16153e+00 7.44848e-01
1.11226e+00 -1.06053e+00 4.53551e-01
9.31818e-01 6.63563e-01 -1.02390e+00
1.48415e+00 -4.03672e-01 3.22677e-01
7.07158e-01 -8.97603e-01 1.11349e+00
4.19281e-01 1.39057e+00 5.24928e-01
-5.17019e-01 5.54705e-01 -1.30336e+00
-3.72276e-01 -1.52760e+00 2.34513e-01
1.06394e-01 -1.31791e+00 7.34780e-01
-4.03660e-01 3.10612e-01 -1.53222e+00
-1.24848e+00 -8.25434e-02 -9.37846e-01
1.00973e+00 7.45287e-02 -1.21661e+00
1.05923e+00 3.54980e-01 -1.10220e+00
-1.03103e+00 5.24272e-01 -7.47356e-01
-4.86542e-02 8.43663e-01 1.28643e+00
-1.26749e-02 -1.57854e+00 -1.08491e-01
6.39647e-01 1.06009e+00 -9.95491e-01
8.95501e-01 9.77424e-01 -8.59278e-01
-4.24516e-01 6.73266e-01 1.40268e+00
-5.71624e-01 1.21243e+00 -8.42685e-01
-1.10031e+00 1.02532e+00 5.18441e-01
-5.20682e-01 -6.58163e-01 1.34556e+00
-1.25958e+00 7.90209e-01 -5.66000e-01
1.06964e+00 -1.96229e-01 1.22051e+00
4.38688e-01 1.11197e+00 9.32950e-01
5.93810e-01 -1.22362e+00 6.46462e-01
-1.19850e+00 -2.19481e-01 -9.72292e-01
-3.77231e-01 -7.42156e-01 -1.35756e+00
1.33905e+00 -6.22005e-01 -6.34278e-01
4.25702e-01 -8.44135e-01 1.35954e+00
-2.91741e-01 -1.07075e+00 1.14513e+00
-1.24069e+00 -7.70877e-01 3.96093e-01
-1.18486e+00 -6.66791e-01 6.69159e-01
6.07654e-01 -1.43475e+00 -3.76596e-01
1.21924e+00 -9.34664e-01 4.50200e-01
-6.32053e-01 1.22145e+00 7.27725e-01
-2.35377e-01 2.03974e-01 1.45872e+00
6.78789e-01 1.02656e+00 8.13914e-01
-1.13035e+00 2.22622e-01 1.04064e+00
8.76094e-01 -7.07024e-01 1.09942e+00
7.04229e-01 9.64715e-01 9.00273e-01
-7.34500e-01 -1.41006e+00 -2.14182e-01
-7.55236e-01 -1.28393e+00 -6.20223e-01
-1.05330e+00 -6.74197e-01 8.85274e-01
1.15354e-01 -9.74801e-01 1.19745e+00
-1.47946e+00 3.19962e-01 9.30056e-02
-7.79101e-01 1.99094e-01 -1.30931e+00
-1.65760e+00 -6.35571e-02 -2.27474e-01
5.35238e-02 9.04756e-01 1.25898e+00
-1.59572e+00 -9.18640e-02 1.69619e-01
7.18941e-01 -1.37400e+00 4.67849e-03
-7.89594e-01 1.16416e+00 -6.83652e-01
-9.80714e-01 -9.30178e-01 -8.90952e-01
1.56277e+00 3.49783e-01 -3.12677e-01
-1.39574e+00 -2.41887e-01 7.34179e-01
-9.75295e-01 -1.60441e-01 1.19537e+00
9.52319e-01 -3.13594e-01 1.20613e+00
1.21306e+00 -1.05348e+00 -1.78961e-01
-1.30038e-01 2.78788e-01 -1.63967e+00
-1.80579e-01 -1.60312e+00 -2.58004e-01
-1.64527e+00 3.87227e-02 -4.34858e-02
-6.64013e-01 -1.26471e+00 -7.33546e-01
1.37773e+00 4.84806e-01 5.02769e-01
1.37302e+00 6.79752e-01 -5.29149e-01
-1.56928e+00 -3.05506e-01 -3.44500e-01
5.33638e-01 -8.53370e-01 1.31705e+00
-3.91351e-01 -1.36713e+00 -7.29890e-01
1.53988e+00 3.15259e-01 2.52467e-01
-3.63369e-01 1.51653e+00 1.34897e-01
-9.30188e-01 -8.61454e-01 -9.81758e-01
-9.77813e-01 1.13896e+00 5.17338e-01
4.74670e-01 -5.88586e-01 1.44339e+00
-1.10526e+00 1.56432e-01 -1.01404e+00
-4.71197e-01 -1.53671e+00 -2.56920e-01
-2.72995e-01 -1.56073e+00 -1.25875e-02
-4.40617e-01 -1.59120e-01 1.39343e+00
-1.29036e+00 2.25829e-01 -7.42134e-01
-6.28835e-01 -1.36363e+00 -6.24400e-01
2.31023e-01 -1.01276e+00 1.19779e+00
-1.36289e+00 -7.14943e-01 3.47515e-02
-1.72323e-01 1.11739e+00 -1.01619e+00
1.40318e+00 -7.76754e-01 -1.78623e-01
6.99402e-01 8.77316e-01 1.05628e+00
1.26807e+00 -9.70396e-01 -8.98539e-03
-1.18050e+00 1.07202e+00 -3.12607e-01
5.58428e-01 -2.84290e-01 -1.45366e+00
9.85670e-01 -1.20327e+00 2.19852e-01
-6.80818e-01 -1.94235e-01 1.39156e+00
1.21664e+00 -8.02020e-02 -8.32048e-01
-1.11442e+00 -4.95772e-02 1.12266e+00
