365 555 2
911 292 344
365 501 5
555 6 2
660 1027 0
0 1027 436
2 6 433
660 376 3
367 822 311
4 311 812
4 812 332
472 321 358
5 321 411
5 411 448
862 443 694
764 439 619
1026 337 471
3 376 1067
3 1067 382
637 346 481
447 11 407
1 407 723
724 392 571
614 13 345
9 337 611
9 17 600
9 600 633
10 18 590
10 590 574
447 880 11
657 325 339
14 339 455
352 499 26
990 26 454
15 454 495
607 663 23
16 23 1085
439 800 8
8 29 755
9 611 17
506 677 371
715 320 533
392 328 21
614 1069 13
7 27 537
663 537 23
23 719 37
23 37 24
24 37 38
800 403 8
8 403 29
29 441 1037
25 441 758
25 758 997
1041 30 512
17 466 1104
18 466 476
18 476 996
19 303 798
20 303 397
20 397 581
760 32 33
898 33 506
583 1001 45
325 317 22
26 343 36
26 36 584
26 584 912
783 48 759
27 759 551
805 39 667
858 39 668
19 41 474
320 390 34
34 390 402
34 402 366
1001 363 45
22 317 46
22 46 696
343 47 36
49 50 745
1047 50 582
719 582 37
913 51 52
37 919 38
38 919 53
805 1127 39
816 1084 469
539 1068 532
30 532 662
718 886 72
40 72 364
40 364 524
752 78 569
41 569 543
31 56 419
695 907 57
32 1042 33
33 995 58
33 58 416
58 398 638
42 398 308
42 974 1074
984 305 59
1075 59 950
44 473 733
44 733 1039
748 60 373
1146 301 910
45 910 387
46 417 63
46 856 1051
47 856 64
47 593 36
36 593 920
36 603 48
48 603 368
48 324 49
49 324 777
49 777 50
50 842 67
50 67 860
864 1124 74
51 942 52
52 942 75
52 1030 53
53 1023 396
1110 353 39
39 353 68
39 918 1008
54 918 69
816 69 70
31 55 618
31 618 56
56 865 80
907 1019 57
57 899 81
995 840 58
58 840 82
301 470 62
744 775 95
68 814 69
69 475 936
69 848 70
70 848 535
70 535 909
720 77 456
886 349 72
72 349 354
72 354 1071
830 932 432
305 306 59
59 306 434
473 428 60
60 428 542
1007 389 588
61 389 683
61 683 624
470 737 62
62 737 460
417 1014 63
63 769 1038
63 827 954
64 756 87
64 904 968
65 893 88
65 88 655
73 89 634
66 89 785
842 785 67
67 808 903
1124 903 74
74 91 1135
74 1100 1119
75 1100 562
75 562 412
440 1080 335
953 316 55
55 316 357
55 357 705
504 828 113
865 468 80
80 468 817
899 426 81
81 426 847
81 393 891
830 393 116
83 691 949
83 486 717
616 102 85
85 102 560
769 560 86
86 103 591
756 591 87
87 104 670
893 670 88
88 105 1091
88 650 73
73 650 563
73 563 89
89 107 765
89 765 819
90 108 1048
808 1052 91
91 1052 124
91 124 92
92 503 93
630 289 302
775 302 95
425 855 125
475 527 76
76 527 640
76 513 77
77 312 109
653 110 385
116 318 435
97 318 510
97 510 386
961 120 421
98 797 871
98 871 788
99 779 905
99 905 782
691 399 101
699 378 452
616 452 102
312 528 109
653 388 110
641 836 334
96 334 770
500 945 128
1142 128 787
112 832 129
828 867 113
113 826 130
113 794 834
114 794 131
114 734 853
115 734 132
115 712 838
116 712 117
693 901 133
117 702 835
118 702 134
118 404 599
119 404 652
961 652 120
740 972 136
797 642 121
121 642 137
779 656 122
122 656 967
399 348 101
102 534 643
1139 548 796
103 548 629
1115 565 793
104 565 507
1011 497 829
105 497 620
105 620 106
751 141 319
106 319 107
394 1005 142
491 1073 108
108 427 1117
123 427 774
123 514 1131
976 494 730
503 375 93
93 375 309
289 379 698
125 645 831
125 377 736
126 377 708
126 625 1105
1118 553 801
388 362 110
128 536 149
832 690 129
129 690 150
826 686 130
130 686 151
130 679 809
131 679 530
131 336 825
132 336 153
132 153 693
145 379 635
645 430 146
391 928 159
133 418 921
134 418 931
134 437 958
135 437 962
972 462 136
136 462 964
136 450 881
137 450 854
137 478 672
154 478 1125
154 1125 483
348 987 101
101 987 791
378 795 138
351 1061 294
534 946 139
329 673 167
139 167 833
140 878 168
140 168 713
1144 168 1002
155 1002 709
155 709 725
141 516 687
142 431 890
142 890 552
1065 461 521
494 405 144
144 405 566
144 566 445
498 178 179
156 669 703
146 430 869
146 330 688
147 330 678
553 395 157
157 395 480
157 480 596
362 998 110
110 998 843
110 843 383
342 182 820
355 531 973
149 531 706
149 564 868
150 564 680
150 573 896
151 356 1126
1018 479 892
153 892 391
167 477 1092
878 1059 168
168 423 174
169 874 175
516 374 170
170 374 644
170 644 971
431 295 171
461 338 177
1063 646 649
159 547 948
160 547 187
160 187 951
161 410 601
161 601 983
162 401 957
163 331 1120
163 1120 164
164 188 541
164 541 165
685 1033 658
165 658 166
166 190 525
177 338 1003
177 1003 413
177 413 850
927 195 522
178 522 179
669 323 172
172 323 1089
172 1089 554
333 963 197
180 515 884
181 515 647
181 647 727
173 585 200
173 1015 182
182 877 201
182 201 839
183 870 1078
183 1078 841
184 866 1035
184 1035 849
185 882 941
356 359 152
152 359 420
479 940 158
661 875 186
928 747 159
187 463 217
410 749 207
331 208 188
188 743 1020
190 594 209
190 370 613
191 370 639
191 639 544
477 210 192
192 767 772
423 467 174
174 467 540
874 540 175
1083 212 213
175 947 176
176 947 598
176 598 488
199 457 549
585 549 200
200 369 508
877 508 201
870 518 202
202 453 229
866 1058 203
203 939 1093
882 230 204
204 883 986
204 986 879
205 231 837
875 837 186
646 422 206
749 612 207
207 612 464
207 464 361
210 763 220
767 923 211
211 923 221
211 221 212
212 221 237
212 237 213
213 636 1004
193 517 960
193 960 627
979 223 806
194 520 916
195 520 738
195 545 196
196 545 550
196 550 449
197 963 228
197 665 1112
422 493 206
206 493 459
463 1095 217
217 586 218
208 578 580
743 327 189
189 327 484
594 484 209
943 236 568
955 546 651
222 636 238
222 238 523
517 239 223
223 675 224
1101 226 602
227 602 1025
934 240 241
665 341 198
198 341 322
457 1029 214
604 1096 587
369 482 215
885 400 597
453 781 229
229 781 505
939 505 230
883 314 231
780 304 244
938 244 894
216 244 778
232 684 253
232 933 952
233 790 981
586 567 218
218 567 818
218 818 234
578 631 235
236 991 256
236 256 807
219 546 340
763 340 220
220 451 221
1062 424 1012
221 1009 237
237 442 732
224 675 595
224 360 915
225 360 608
225 608 226
226 707 1032
1010 245 244
244 726 908
254 255 576
1044 255 577
631 489 235
991 489 256
247 1021 1114
247 1114 526
424 1123 249
249 1087 381
442 1136 238
238 610 239
239 380 701
240 310 509
240 509 241
241 609 1147
810 492 496
251 496 851
799 266 735
400 859 242
242 859 347
242 347 753
243 261 307
742 872 262
790 1049 254
254 846 255
659 269 270
789 270 263
263 519 803
248 519 741
380 692 250
250 692 538
250 538 465
786 273 617
310 937 265
260 409 710
260 710 408
350 384 1072
684 267 742
872 739 262
262 615 1013
846 895 255
255 429 887
263 897 264
1129 490 681
257 681 406
682 372 438
265 937 561
492 558 266
266 558 804
409 276 277
773 313 315
384 315 267
429 559 269
269 559 270
906 281 857
897 857 264
490 570 271
415 557 273
273 557 274
606 1133 605
277 766 821
313 632 268
615 1016 278
278 776 978
852 282 279
570 579 271
271 579 502
372 444 272
415 286 283
966 283 284
275 284 276
766 1094 285
268 632 671
852 529 282
283 286 975
283 975 284
1094 771 285
285 771 922
529 924 282
282 924 286
367 292 288
1 723 572
446 697 289
697 309 289
290 12 533
290 414 288
716 165 166
792 166 351
911 436 292
823 1 572
689 173 182
844 182 342
294 1061 525
889 191 329
295 176 488
295 589 171
154 483 876
988 165 716
157 596 1103
999 173 689
583 299 298
35 373 1000
21 328 873
1070 35 1000
623 196 449
1090 227 333
1146 363 301
61 624 301
302 289 698
302 145 425
19 474 303
303 31 419
780 314 304
243 307 304
326 97 305
97 386 305
458 119 306
306 119 421
307 261 350
307 245 1010
721 82 432
308 97 326
666 144 445
309 626 289
240 707 310
259 617 310
311 822 571
311 21 345
77 513 312
126 1105 312
773 277 313
277 821 313
622 243 314
314 243 304
315 313 268
315 268 267
953 335 316
316 111 787
700 45 317
317 45 387
116 117 318
318 117 835
319 141 687
319 170 394
715 371 320
42 1074 320
472 332 321
321 15 495
993 241 1147
322 251 604
179 196 323
323 196 623
48 368 324
324 73 634
592 13 325
704 317 325
984 326 305
974 326 43
208 580 327
327 235 236
34 366 556
328 35 1070
139 329 167
946 329 139
146 869 330
330 180 884
163 401 331
207 361 331
1143 14 455
332 15 321
180 333 757
300 333 811
334 836 383
334 148 500
335 1080 770
335 111 316
131 530 336
336 487 153
1026 619 337
337 8 755
171 589 956
338 193 627
339 325 22
339 22 352
1024 247 526
340 1097 220
228 241 341
341 241 993
355 342 820
293 342 729
26 499 343
22 696 343
344 824 4
344 4 358
345 13 592
311 345 959
637 382 346
346 20 581
1034 260 408
347 261 243
122 967 1054
154 876 348
71 456 1134
349 109 385
245 350 1072
307 350 245
138 351 888
795 351 138
990 352 26
339 352 575
1110 396 353
353 94 744
354 511 96
354 96 440
536 355 973
148 342 355
151 573 356
185 861 356
357 929 112
357 112 504
358 321 5
501 358 5
356 861 359
359 204 879
224 595 360
360 250 465
361 234 208
361 208 331
127 801 914
157 1103 362
674 61 363
363 61 301
364 72 1071
364 78 752
0 365 2
0 344 365
1060 44 1039
366 35 328
4 367 311
4 824 367
368 65 655
368 73 324
1056 214 369
214 587 369
190 209 370
370 209 651
371 677 416
371 42 320
485 271 372
271 502 372
373 60 588
373 61 674
169 175 374
374 175 176
124 730 1099
375 144 666
2 433 902
376 9 633
125 831 377
377 146 688
699 486 378
101 791 378
289 626 379
379 156 703
239 610 380
258 438 380
381 1087 406
1136 1102 238
382 10 574
382 20 346
383 293 729
334 383 148
350 261 384
261 315 384
385 110 641
511 385 96
965 118 599
386 119 458
387 621 46
317 387 46
109 528 1053
127 914 388
1007 542 389
389 99 782
320 43 390
390 43 950
133 391 917
901 391 133
724 414 392
34 556 392
81 847 393
393 115 838
491 394 142
319 394 107
147 678 1107
395 181 727
396 1023 412
396 94 353
397 728 32
397 32 760
58 82 398
398 82 721
1111 122 399
122 1054 399
885 482 400
252 735 400
162 207 401
401 207 331
402 977 44
402 44 1060
24 38 403
403 38 667
118 134 404
404 134 958
143 521 768
405 177 850
980 271 485
381 406 258
407 11 12
407 12 290
408 1076 261
347 408 261
260 266 409
266 804 409
989 187 410
187 217 410
411 761 7
411 7 607
731 93 446
396 412 94
413 194 916
413 195 927
722 34 414
414 34 392
272 415 273
272 444 415
416 58 638
371 416 42
46 621 417
62 460 417
133 917 418
418 159 948
419 56 695
728 419 32
420 1043 205
420 205 661
421 120 98
306 421 754
186 216 422
216 778 422
168 1059 423
192 772 423
1062 451 424
248 741 424
95 425 648
302 425 95
80 817 426
426 114 853
108 1073 427
427 142 552
59 434 628
428 98 788
255 895 429
278 978 429
145 635 1137
430 172 554
142 1005 431
170 971 431
432 932 435
308 432 97
433 6 471
433 9 376
434 306 754
434 98 428
435 318 97
432 435 97
1116 3 481
436 1 823
134 931 437
437 160 951
438 372 272
438 930 380
764 443 439
16 1085 439
78 440 335
354 440 78
29 668 441
441 54 469
237 1009 442
249 381 442
862 448 443
443 16 439
711 286 444
444 286 415
813 178 498
309 445 156
630 446 289
412 446 94
1 447 407
1 346 447
448 784 16
448 16 443
449 226 1101
1090 449 227
136 964 450
450 162 957
220 1097 451
451 248 424
452 378 138
452 994 102
202 518 453
215 597 453
454 26 912
454 27 7
455 339 575
332 455 15
456 77 109
456 109 349
900 198 457
198 322 457
305 458 306
386 458 305
1082 232 952
1095 1098 217
460 762 85
460 1086 417
815 171 461
171 956 461
135 962 462
462 161 983
1050 206 463
206 459 463
464 218 234
464 234 361
1079 273 786
360 465 935
17 512 466
466 40 524
985 211 467
467 211 212
746 113 468
468 113 834
469 1084 539
441 469 969
301 83 470
83 717 470
471 337 9
433 471 9
4 472 358
4 332 472
44 59 473
59 628 473
474 41 543
474 31 303
69 814 475
95 648 475
476 714 41
476 41 19
167 673 477
191 544 477
137 854 478
478 163 164
1018 487 479
152 420 479
480 1031 199
480 1006 173
481 346 1
436 481 1
925 252 482
482 252 400
483 164 165
483 165 988
484 327 236
484 236 943
682 485 372
406 485 258
83 949 486
486 101 378
336 152 487
487 152 479
488 676 193
295 488 970
246 577 992
489 269 659
654 264 490
264 279 490
107 491 802
107 394 491
810 609 492
265 561 492
1045 232 493
493 232 1082
976 514 494
143 768 494
495 454 7
761 495 7
496 492 266
496 266 799
1011 507 497
497 155 725
156 498 179
445 498 156
352 22 499
499 22 343
1142 500 128
334 500 111
365 344 501
344 358 501
502 282 286
502 286 711
92 124 503
124 1099 503
746 504 113
357 504 1109
505 242 753
505 243 622
12 506 371
11 506 12
1036 140 713
507 155 497
508 369 215
508 215 201
509 310 265
509 1113 241
510 318 118
510 118 965
354 349 511
349 385 511
512 30 662
512 40 466
76 640 513
513 126 312
123 774 514
514 143 494
180 757 515
515 197 1112
141 169 516
169 374 516
193 676 517
222 523 517
201 215 518
518 215 453
263 264 519
519 264 654
194 806 520
520 224 915
521 461 177
521 177 405
522 195 196
522 196 179
523 238 239
523 239 517
524 364 41
714 524 41
525 190 613
889 525 191
526 263 803
340 526 248
944 125 527
527 125 736
312 127 528
528 127 388
281 776 529
1046 287 529
530 151 1126
530 152 336
355 183 531
531 183 841
532 1068 909
532 71 718
533 320 34
722 533 34
102 994 534
138 888 534
535 76 77
535 77 720
128 945 536
148 355 536
537 27 551
537 28 23
538 272 273
538 273 1079
30 539 532
469 539 30
540 467 212
540 212 1083
541 188 1020
541 189 685
542 1121 99
542 99 389
543 55 31
474 543 31
544 219 210
544 210 477
195 738 545
545 225 226
955 568 546
546 247 1024
159 649 547
547 206 1050
1139 643 548
548 139 833
549 457 214
549 214 1056
550 545 226
550 226 449
551 49 745
537 551 28
552 171 815
427 552 1132
1118 625 553
147 1107 553
554 300 811
430 554 180
365 5 555
5 694 555
556 366 328
556 328 392
415 283 557
557 283 606
863 275 558
558 275 276
429 281 559
559 281 906
560 102 796
560 103 86
1145 274 605
561 275 863
562 92 93
562 93 731
563 106 107
563 107 89
149 706 564
564 184 849
1115 629 565
565 140 1036
566 405 178
566 178 813
233 981 1140
567 254 576
568 236 807
568 247 546
569 1028 55
569 55 543
490 279 570
279 282 570
571 392 21
311 571 21
572 290 288
292 572 288
150 680 573
573 185 356
1064 19 798
382 574 20
575 352 15
455 575 15
576 255 1044
567 576 1057
577 255 887
577 269 489
208 234 578
234 246 578
570 282 579
579 282 502
580 578 235
580 235 327
581 397 11
880 581 11
582 50 860
582 51 913
700 583 45
13 1069 583
584 36 48
584 48 783
173 1006 585
199 549 585
217 1098 586
233 1140 586
587 1096 851
587 252 925
588 389 61
373 588 61
295 970 589
589 193 338
590 18 996
590 19 1064
591 103 793
591 104 87
657 592 325
345 592 14
47 64 593
593 64 968
664 189 594
189 484 594
1088 239 701
595 250 360
596 480 173
596 173 999
597 400 242
597 242 453
598 213 1004
598 1066 488
599 404 119
386 599 119
600 17 1104
600 18 10
601 410 207
601 207 162
602 226 1032
602 240 934
36 920 603
603 65 368
214 604 587
1029 604 214
605 1133 966
561 605 275
274 606 605
557 606 274
16 607 23
784 607 16
608 360 935
608 750 226
241 1113 609
609 265 492
238 1102 610
610 258 380
611 337 25
611 25 997
217 218 612
612 218 464
613 370 191
525 613 191
21 614 345
21 873 614
262 739 615
268 671 615
762 616 85
84 452 616
617 273 274
617 274 310
618 55 705
618 1077 56
619 439 8
619 8 337
620 1108 141
620 141 751
387 62 621
621 62 417
230 622 314
505 622 230
300 623 449
323 623 300
624 1017 83
624 83 301
126 708 625
625 147 553
309 156 626
626 156 379
627 223 979
338 627 194
628 434 428
628 428 473
629 1141 140
629 140 565
94 630 302
94 446 630
578 246 631
246 992 631
313 285 632
632 285 922
633 600 10
376 633 10
634 89 66
324 634 66
635 379 172
635 172 430
213 237 636
636 237 732
3 637 481
3 382 637
638 398 42
416 638 42
639 370 219
639 219 544
640 1122 126
640 126 513
96 641 334
385 641 96
120 136 642
642 136 881
643 534 139
643 139 548
644 374 176
644 176 295
125 855 645
145 1137 645
1063 747 646
186 422 646
647 515 198
647 198 900
648 425 125
648 125 944
649 646 206
649 206 547
88 1091 650
650 106 563
651 546 219
370 651 219
652 404 135
652 135 740
109 653 385
109 1053 653
1129 654 490
519 654 257
655 88 73
368 655 73
121 137 656
656 137 672
14 657 339
14 592 657
658 1033 664
658 190 166
789 659 270
489 659 256
2 660 0
2 902 660
158 661 186
940 661 158
662 1130 40
512 662 40
607 7 663
7 537 663
190 664 594
658 664 190
197 228 665
228 341 665
309 666 445
375 666 309
667 39 858
403 667 29
668 39 1008
668 54 441
156 179 669
179 323 669
670 104 829
670 105 88
671 632 280
671 280 615
672 478 154
656 672 154
329 191 673
673 191 477
298 674 363
373 674 298
223 239 675
675 239 1088
488 1066 676
676 222 517
506 33 677
677 33 416
678 330 181
678 181 395
130 151 679
679 151 530
680 564 185
680 185 573
681 490 271
681 271 980
258 682 438
258 485 682
683 389 100
683 100 624
232 726 684
1106 267 684
165 685 658
541 685 165
129 150 686
686 150 896
687 516 170
319 687 170
688 330 147
377 688 147
844 689 182
297 689 293
128 149 690
690 149 868
83 1017 691
100 399 691
380 930 692
692 272 538
117 693 133
132 693 845
694 443 6
694 6 555
32 695 1138
419 695 32
696 46 1051
696 47 343
446 93 697
93 309 697
698 379 145
302 698 145
84 699 452
84 486 699
704 700 317
13 583 700
701 380 250
595 701 250
117 133 702
702 133 921
703 669 172
379 703 172
13 704 325
13 700 704
705 357 1109
618 705 79
706 531 184
706 184 564
226 750 707
707 259 310
708 377 147
708 147 625
709 174 169
709 169 141
710 409 277
710 277 408
372 711 444
502 711 372
115 132 712
712 132 845
713 168 1144
507 713 155
476 466 714
466 524 714
12 715 533
12 371 715
792 716 166
296 716 291
717 486 84
717 84 470
40 718 72
1130 718 40
23 28 719
28 582 719
71 720 456
535 720 71
308 721 432
398 721 308
290 722 414
290 533 722
723 407 290
723 290 572
288 724 571
288 414 724
725 709 141
1108 725 141
244 245 726
726 245 684
727 647 199
1031 727 199
397 303 728
303 419 728
729 342 148
383 729 148
730 494 144
730 144 375
412 731 446
562 731 412
732 442 238
636 732 238
733 473 60
733 60 748
114 131 734
734 131 825
735 266 260
735 260 400
736 377 126
1122 736 126
470 84 737
737 84 460
738 520 225
738 225 545
267 268 739
739 268 615
120 740 136
652 740 120
741 519 257
741 257 424
253 742 262
684 742 253
188 208 743
208 327 743
68 744 95
353 744 68
745 50 1047
551 745 28
79 746 468
79 504 746
158 186 747
747 186 646
35 748 373
733 748 35
410 217 749
217 612 749
608 259 750
750 259 707
106 751 319
620 751 106
41 752 569
364 752 41
753 347 243
505 753 243
754 421 98
434 754 98
755 29 1037
337 755 25
64 827 756
86 591 756
757 333 197
757 197 515
758 441 969
758 30 1041
759 48 49
759 49 551
898 760 33
397 760 11
411 321 761
321 495 761
460 84 762
84 616 762
210 219 763
219 340 763
6 764 619
6 443 764
765 107 802
765 108 90
277 276 766
276 284 766
192 210 767
210 220 767
768 521 405
768 405 494
63 1014 769
85 560 769
770 334 111
335 770 111
284 287 771
771 287 1046
772 767 211
772 211 985
261 773 315
261 1076 773
774 427 1132
774 143 514
744 94 775
94 302 775
278 1016 776
776 280 529
777 324 66
777 1022 50
778 244 908
778 232 1045
99 121 779
121 656 779
938 780 244
231 314 780
453 242 781
781 242 505
782 122 1111
389 782 100
27 783 759
584 783 27
448 411 784
411 607 784
785 89 819
785 90 67
259 786 617
465 786 259
787 926 112
929 787 112
788 121 99
1121 788 99
1021 789 263
256 659 789
233 933 790
253 262 790
791 296 291
791 291 378
291 792 351
291 716 792
793 565 104
591 793 104
113 130 794
794 130 809
378 291 795
291 351 795
796 548 103
560 796 103
98 120 797
120 642 797
798 303 20
574 798 20
252 799 735
496 799 252
439 24 800
24 403 800
801 553 157
801 157 362
802 491 108
765 802 108
803 519 248
526 803 248
804 558 276
804 276 409
38 805 667
38 53 805
806 223 224
806 224 520
807 1081 247
568 807 247
67 90 808
90 1048 808
809 679 131
794 809 131
251 810 496
251 609 810
811 333 180
554 811 180
812 311 959
812 14 1143
445 813 498
566 813 445
68 95 814
814 95 475
1065 815 461
552 815 143
54 816 469
54 69 816
817 468 114
817 114 426
818 567 1057
818 246 234
819 765 90
785 819 90
820 182 839
355 820 183
821 766 285
821 285 313
367 288 822
822 288 571
292 823 572
436 823 292
344 292 824
824 292 367
825 336 132
734 825 132
113 867 826
129 686 826
63 1038 827
827 86 756
504 112 828
112 129 828
829 497 105
670 829 105
82 830 432
82 393 830
831 645 146
831 146 377
112 926 832
128 690 832
833 982 140
1141 833 140
834 794 114
468 834 114
835 702 118
318 835 118
641 110 836
836 110 383
837 231 894
837 216 186
838 712 116
393 838 116
839 1055 183
820 839 183
57 81 840
840 81 891
841 1128 184
531 841 184
50 1022 842
66 785 842
843 297 293
843 293 383
293 844 342
293 689 844
845 693 117
712 845 117
254 1049 846
262 1013 846
847 426 115
847 115 393
69 936 848
848 76 535
849 203 185
564 849 185
850 413 178
405 850 178
851 496 252
587 851 252
281 852 279
281 529 852
853 734 115
426 853 115
854 450 163
854 163 478
425 145 855
855 145 645
46 63 856
856 63 954
857 281 279
857 279 264
29 858 668
667 858 29
400 260 859
859 260 1034
860 67 864
582 860 51
185 941 861
861 204 359
5 862 694
5 448 862
492 863 558
561 863 492
51 864 74
860 864 51
56 1077 865
79 468 865
184 1128 866
202 229 866
828 129 867
867 129 826
868 564 150
690 868 150
869 430 180
869 180 330
183 1055 870
201 518 870
871 797 121
871 121 788
742 267 872
267 739 872
873 328 299
873 299 614
169 174 874
174 540 874
661 205 875
205 837 875
876 483 296
876 296 348
182 1015 877
200 508 877
140 982 878
167 1092 878
879 231 205
1043 879 205
447 346 880
346 581 880
881 450 137
642 881 137
185 203 882
203 1093 882
204 230 883
230 314 883
884 515 181
330 884 181
215 885 597
215 482 885
718 71 886
71 1134 886
887 429 269
577 887 269
888 351 294
888 294 534
294 889 329
294 525 889
890 431 171
890 171 552
891 393 82
840 891 82
892 479 158
892 158 391
65 904 893
87 670 893
894 244 216
837 894 216
846 278 895
895 278 429
896 573 151
686 896 151
263 270 897
270 857 897
11 898 506
11 760 898
57 1019 899
80 426 899
199 900 457
647 900 199
693 153 901
153 391 901
902 433 376
902 376 660
903 808 91
903 91 74
64 87 904
904 87 893
905 779 122
905 122 782
270 906 857
559 906 270
695 56 907
56 80 907
908 726 232
778 908 232
909 535 71
532 909 71
910 301 62
910 62 387
0 911 344
0 436 911
912 584 27
454 912 27
37 913 1040
582 913 37
914 801 362
914 362 388
915 360 225
520 915 225
916 520 195
413 916 195
917 391 159
917 159 418
39 68 918
918 68 69
37 1040 919
919 52 53
920 593 65
920 65 603
921 418 134
702 921 134
922 771 280
632 922 280
767 220 923
923 220 221
529 287 924
924 287 286
369 925 482
587 925 369
787 128 926
926 128 832
178 927 522
413 927 178
391 158 928
158 747 928
357 316 929
316 787 929
438 272 930
930 272 692
931 418 160
931 160 437
830 116 932
932 116 435
232 253 933
933 253 790
228 934 241
602 934 228
935 465 259
608 935 259
936 475 76
936 76 848
310 274 937
937 274 1145
231 938 894
231 780 938
203 1058 939
229 505 939
479 420 940
420 661 940
941 882 204
941 204 861
51 74 942
942 74 1119
209 943 568
484 943 209
475 944 527
648 944 475
500 148 945
945 148 536
534 294 946
294 329 946
175 213 947
947 213 598
948 547 160
418 948 160
949 691 101
949 101 486
950 59 44
977 950 44
951 187 989
437 951 161
952 933 233
459 952 233
1028 953 55
78 335 953
954 827 64
856 954 64
209 955 651
209 568 955
956 589 338
956 338 461
957 401 163
450 957 163
958 437 135
404 958 135
959 345 14
812 959 14
960 517 223
960 223 627
119 961 421
119 652 961
962 437 161
962 161 462
333 227 963
963 227 1025
964 462 162
964 162 450
386 965 599
510 965 386
275 966 284
605 966 275
967 656 154
967 154 348
968 904 65
593 968 65
969 469 30
758 969 30
970 488 193
970 193 589
971 644 295
971 295 431
740 135 972
135 462 972
973 531 149
536 973 149
42 308 974
308 326 974
975 286 287
975 287 284
124 976 730
124 514 976
402 390 977
390 950 977
978 776 281
978 281 429
194 979 806
627 979 194
406 980 485
681 980 406
981 790 254
981 254 567
833 167 982
982 167 878
983 601 162
462 983 162
1075 984 59
43 326 984
423 985 467
772 985 423
986 883 231
986 231 879
348 296 987
987 296 791
296 988 716
483 988 296
161 989 410
951 989 161
15 990 454
15 352 990
236 235 991
235 489 991
992 577 489
992 489 631
322 993 251
341 993 322
452 138 994
994 138 534
33 1042 995
57 840 995
996 476 19
590 996 19
997 758 17
611 997 17
362 297 998
998 297 843
297 999 689
596 999 297
1000 373 298
299 1000 298
583 298 1001
298 363 1001
1002 168 174
1002 174 709
1003 338 194
1003 194 413
1004 636 222
598 1004 222
394 170 1005
1005 170 431
480 199 1006
1006 199 585
60 1007 588
60 542 1007
1008 918 54
668 1008 54
221 1012 1009
1009 249 442
304 1010 244
307 1010 304
104 1011 829
104 507 1011
1012 424 249
1012 249 1009
1013 615 278
1013 278 846
417 1086 1014
1014 85 769
173 200 1015
1015 200 877
615 280 1016
1016 280 776
624 100 1017
1017 100 691
153 1018 892
153 487 1018
907 80 1019
1019 80 899
1020 743 189
541 1020 189
247 1081 1021
256 789 1021
777 66 1022
1022 66 842
53 1030 1023
1023 75 412
340 1024 526
546 1024 340
1025 602 228
963 1025 228
6 1026 471
6 619 1026
660 3 1027
1027 3 1116
569 78 1028
78 953 1028
457 322 1029
322 604 1029
52 75 1030
1030 75 1023
480 395 1031
395 727 1031
1032 707 240
602 1032 240
685 189 1033
1033 189 664
347 1034 408
859 1034 347
1035 866 203
1035 203 849
507 1036 713
565 1036 507
1037 441 25
755 1037 25
1038 769 86
1038 86 827
1039 733 35
366 1039 35
1040 913 52
1040 52 919
17 1041 512
758 1041 17
32 1138 1042
1042 57 995
420 359 1043
359 879 1043
246 1044 577
576 1044 246
422 1045 493
778 1045 422
280 1046 529
771 1046 280
28 1047 582
745 1047 28
1048 108 1117
1048 123 808
790 262 1049
1049 262 846
187 1050 463
547 1050 187
1051 856 47
696 1051 47
808 123 1052
1052 123 1131
1053 528 388
1053 388 653
1054 967 348
1054 348 399
839 201 1055
1055 201 870
200 1056 369
549 1056 200
1057 576 246
818 1057 246
866 229 1058
1058 229 939
878 192 1059
1059 192 423
366 1060 1039
402 1060 366
351 166 1061
1061 166 525
221 1062 1012
221 451 1062
159 1063 649
159 747 1063
574 1064 798
590 1064 574
143 1065 521
143 815 1065
598 222 1066
1066 222 676
1067 376 10
1067 10 382
539 70 1068
1068 70 909
614 299 1069
1069 299 583
299 1070 1000
328 1070 299
1071 354 78
364 1071 78
1072 384 267
1106 1072 267
491 142 1073
1073 142 427
1074 974 43
1074 43 320
43 1075 950
43 984 1075
408 277 1076
1076 277 773
618 79 1077
1077 79 865
1078 870 202
1078 202 841
465 1079 786
538 1079 465
440 96 1080
1080 96 770
807 256 1081
1081 256 1021
459 1082 952
493 1082 459
175 1083 213
540 1083 175
816 70 1084
1084 70 539
1085 23 24
1085 24 439
460 85 1086
1086 85 1014
249 1123 1087
1087 257 406
595 1088 701
675 1088 595
1089 323 300
1089 300 554
300 1090 333
300 449 1090
1091 105 106
1091 106 650
1092 477 192
1092 192 878
1093 939 230
1093 230 882
766 284 1094
284 771 1094
463 459 1095
459 233 1095
604 251 1096
1096 251 851
340 248 1097
1097 248 451
1095 233 1098
1098 233 586
1099 730 375
1099 375 503
74 1135 1100
1100 92 562
227 1101 602
449 1101 227
381 258 1102
1102 258 610
1103 596 297
1103 297 362
1104 466 18
600 1104 18
1105 625 127
1105 127 312
245 1106 684
245 1072 1106
1107 678 395
1107 395 553
620 497 1108
497 725 1108
1109 504 79
705 1109 79
1127 1110 39
53 396 1110
100 1111 399
782 1111 100
1112 665 198
515 1112 198
509 265 1113
1113 265 609
1114 1021 263
1114 263 526
103 1115 793
103 629 1115
436 1116 481
1027 1116 436
1117 427 123
1048 1117 123
127 1118 801
127 625 1118
1119 1100 75
942 1119 75
1120 331 188
1120 188 164
542 428 1121
428 788 1121
640 527 1122
527 736 1122
424 257 1123
1123 257 1087
864 67 1124
67 903 1124
1125 478 164
1125 164 483
1126 356 152
530 1126 152
805 53 1127
53 1110 1127
841 202 1128
1128 202 866
257 1129 681
257 654 1129
662 532 1130
532 718 1130
1131 514 124
1052 1131 124
1132 552 143
774 1132 143
606 283 1133
1133 283 966
1134 456 349
1134 349 886
1135 91 92
1135 92 1100
442 381 1136
381 1102 1136
1137 635 430
1137 430 645
1138 695 57
1138 57 1042
102 1139 796
102 643 1139
1140 981 567
1140 567 586
629 548 1141
548 833 1141
111 1142 787
111 500 1142
332 1143 455
812 1143 332
155 1144 1002
713 1144 155
561 1145 605
937 1145 561
45 1146 910
45 363 1146
1147 609 251
993 1147 251
