-4.4158583214385462e-02  8.1332019532870878e-02  -1.7609917403967974e+00
7.9868885432314352e-02  4.7737633297384419e-01  -1.5463093031767754e+00
-2.5778571399776479e-01  -9.3276827829710154e-02  -1.7116428351725856e+00
-2.7676133024363070e-01  2.6942512251974393e-01  -1.6124891230211720e+00
4.1014387865655560e-01  -1.0961279927369479e-01  -1.5973218714197182e+00
-3.3429751822934258e-03  -3.6701992775599834e-01  -1.5008169245901819e+00
-3.5437175326815012e-01  -2.9563724637659156e-01  -1.5638932694145693e+00
5.8773368372573936e-02  -7.1129016865162664e-01  -1.2399115550748721e+00
-6.0838948549250016e-01  -4.7071263448510159e-01  -1.3345872353838009e+00
-6.5244141831817393e-01  5.1786537252857725e-03  -1.5014441061405561e+00
-5.2303940982626551e-01  3.4772487996789120e-01  -1.4403696506343560e+00
8.2131248409926718e-03  8.2011727111910027e-01  -1.2978955559570979e+00
2.7303430909890103e-01  7.4458694751867271e-01  -1.2493984551402346e+00
9.5395418134040055e-01  -6.5222221908254649e-02  -1.2341102619496518e+00
6.9279815406789769e-01  -2.3908018870844652e-01  -1.4533706092413339e+00
4.0784230610593231e-01  -5.1621439653088541e-01  -1.2353133580056168e+00
-2.6368305062260711e-01  -7.0271186596347746e-01  -1.4401979445349731e+00
-8.5725173229576490e-01  6.5687103915783959e-02  -1.3347561326758213e+00
-6.8760034718683660e-01  3.2018451534254760e-01  -1.2548631557378238e+00
-5.9836776978488060e-01  5.9541761979571628e-01  -1.1800306062261305e+00
-3.3602967107330067e-01  6.7481498827062847e-01  -1.3889896905098904e+00
7.8347325033421134e-01  2.3704324623805992e-01  -1.3668912227432151e+00
8.8921427483632920e-01  -5.6105078151812093e-01  -1.1239637820404744e+00
-2.6538419858376128e-01  -8.7475049805557925e-01  -1.2535311337054240e+00
-4.9440577849022654e-01  -7.8516908172507005e-01  -1.2784208274091393e+00
-8.6052966022538147e-01  -2.4581244916418338e-01  -1.3088697882415368e+00
5.2053707263624915e-01  -7.5882797585040573e-01  -1.0862400593825929e+00
2.2546107839064225e-01  -8.7287601998832687e-01  -1.1171887497737805e+00
-1.2959020043113870e-01  -9.9702889069134193e-01  -1.0605291875535885e+00
-8.2830215612273062e-01  -5.3567761098901001e-01  -1.2181664225394961e+00
-1.0898123466953926e+00  -4.0970825187859786e-02  -1.1604475486353329e+00
-6.1944539000920584e-01  9.5955920077534551e-01  -9.8053206444844176e-01
-2.0261914497604258e-01  1.0197153836390331e+00  -1.1208559857822429e+00
5.9762736135924220e-02  1.0423695104248671e+00  -1.0698276389349479e+00
6.4303996475014347e-01  6.1828051981069843e-01  -1.1760306184425011e+00
1.0782991073947048e+00  4.9112331779568896e-01  -1.0403823831105898e+00
6.4797643844025221e-01  -9.5952940794205377e-01  -9.4227915076320168e-01
-4.8255219832783869e-01  -9.9465068349532282e-01  -1.1655190442073939e+00
-6.9224697323210715e-01  -8.4935773418289517e-01  -1.0998382755056977e+00
-9.9312931735690757e-01  -7.2847810408075464e-01  -1.0017256607939695e+00
-1.0027717369140048e+00  2.7036452825793206e-01  -1.0033410510820560e+00
-7.6846462412753802e-01  5.9965144174078766e-01  -9.9141383289037921e-01
4.9516329985860508e-01  1.0893630250428614e+00  -1.0228144702346054e+00
7.8042598438757016e-01  1.0142567773128730e+00  -9.5253426553771947e-01
9.7560095295020366e-01  7.5342880298791315e-01  -9.1586177289451165e-01
1.1525106425856777e+00  -1.2638753615581541e-01  -9.5627242522119160e-01
1.0661022860735938e+00  -5.7866628582154600e-01  -8.9006282638126299e-01
8.7095309363474760e-01  -8.1670087629971666e-01  -8.7344636599404624e-01
4.1393801087453913e-01  -1.0970609537162017e+00  -9.5117326937672930e-01
1.5192619082558417e-01  -1.1839804816110344e+00  -9.6950422639702016e-01
-9.8865762397182463e-02  -1.2733782327518970e+00  -9.2945604285412764e-01
-4.2440147277901386e-01  -1.2267205811722055e+00  -9.4453881524689276e-01
-6.6566777216878759e-01  -1.1499403728521194e+00  -9.6530393614660404e-01
-8.6448489883211288e-01  -9.9270935903299229e-01  -9.5905288706005754e-01
-1.0734200911876763e+00  -4.2330136373897681e-01  -9.7672795448289762e-01
-8.4288239553286681e-01  9.4051615007061473e-01  -8.1402970862406177e-01
-4.6943251056040097e-01  1.1980338486410786e+00  -9.5654415191849118e-01
-1.3981198017954244e-01  1.1983784173848870e+00  -8.9767629978577046e-01
1.7361664506469404e-01  1.2211885616911216e+00  -9.1860854454528529e-01
1.0107060851722500e+00  9.4763844933856478e-01  -7.7488295006150343e-01
1.2560615795809507e+00  6.1432864135746990e-01  -7.7845326382165225e-01
1.3456372825407537e+00  2.5641082288970524e-01  -7.2738363553172103e-01
1.3118441769467979e+00  -3.2810973025947737e-01  -7.4977893219243286e-01
1.1602354351270774e+00  -7.5116120691701582e-01  -7.1369268425226562e-01
9.5125558966076551e-01  -9.9756456631077417e-01  -7.0984990897087974e-01
6.7497479080829603e-01  -1.1594430229104411e+00  -6.8924684372086997e-01
8.2424940696779830e-02  -1.4084791935931056e+00  -7.2136277718800756e-01
-2.4991714355007080e-01  -1.4061115178099624e+00  -7.2962340801585801e-01
-1.1505376914741106e+00  -6.6138104954636379e-01  -7.6892652795139405e-01
-1.2570070826740747e+00  -4.4568393762098490e-01  -7.7564052277186901e-01
-1.3052150166574050e+00  -2.0391586508784099e-01  -8.6703927939631975e-01
-1.2884466111137984e+00  1.2105041732039704e-01  -8.5140244173185531e-01
-1.0952508858626917e+00  3.9067943469425431e-01  -7.6633459735482901e-01
4.3361657628247474e-01  -1.4261958232821079e+00  -5.9776439718154739e-01
-5.3794348163285566e-01  -1.3429740412071893e+00  -7.3819026022229772e-01
-7.9902984467906224e-01  -1.2034925746066512e+00  -7.3878507496933588e-01
-1.4338413273278148e+00  -2.7387340862890697e-01  -5.6762675739326196e-01
-1.5064818419330734e+00  1.1192726465633820e-02  -5.8690444857796131e-01
-1.0057361238922005e+00  6.7899392065172826e-01  -7.5712771586139449e-01
-6.7891447978703245e-01  1.2409219814866985e+00  -7.4064193901100039e-01
-3.6235158506954945e-01  1.3341534138369695e+00  -7.2539959662382636e-01
-4.1386320876750433e-02  1.3887172298964208e+00  -7.3027210326690029e-01
2.8603974677330474e-01  1.3711117876119310e+00  -7.3689497626015421e-01
1.5304268493397746e+00  -1.8656415515421746e-02  -5.5653801372320111e-01
1.5234580916037053e+00  -3.6303721283501494e-01  -4.7622314304381119e-01
1.3952205338295172e+00  -6.8192259088276352e-01  -5.1453435956226290e-01
1.2266661875667086e+00  -9.8168144250889255e-01  -5.1837817400297892e-01
9.5093053392600702e-01  -1.1865918199333907e+00  -4.9978516951217289e-01
6.6451415296205396e-01  -1.3568983210953416e+00  -4.9496129591379978e-01
1.8762846006653144e-01  -1.4913997904775800e+00  -4.9071880994951228e-01
-1.4649853864661247e-01  -1.5365533225614421e+00  -5.0324404522965516e-01
-4.7437986412693178e-01  -1.4545976429787215e+00  -4.9869589820945559e-01
-7.0529127833491423e-01  -1.3533777776186704e+00  -4.9686493382943980e-01
-9.3907209701355876e-01  -1.2709728408846055e+00  -3.8212884762027782e-01
-1.1426203248006985e+00  -9.5437590571122299e-01  -5.9774076967756395e-01
-1.2867508387603519e+00  -6.6521327516703566e-01  -5.1825634279150912e-01
-1.3557017998981709e+00  7.0552691770967435e-01  -5.1063821144624477e-01
6.9478356256283502e-01  1.3610895492765074e+00  -5.8821591590524214e-01
1.2743648573142097e+00  8.8362271295862693e-01  -4.3497959694296540e-01
1.4601549845595507e+00  5.9941391129591792e-01  -4.4108047589731320e-01
1.5624934484700703e+00  2.7280805773967126e-01  -4.4131329323463619e-01
1.5725119941718364e+00  -2.2476082714180810e-02  -2.3672169658391345e-01
1.4439793399475711e+00  -6.6223505800564175e-01  -2.6155262187704803e-01
1.2964453519595303e+00  -9.6749584512882536e-01  -2.6417987518582919e-01
1.0649421831968275e+00  -1.2177759503035825e+00  -2.6228085294994802e-01
7.6496967110365244e-01  -1.3756423577384904e+00  -2.5372546845912125e-01
5.4173282279424551e-01  -1.4879053502807977e+00  -2.5383207242293054e-01
3.0513083274193187e-01  -1.5799673340773297e+00  -2.5736461496028396e-01
-3.2796549510521925e-02  -1.6133760338349441e+00  -2.5731425263912650e-01
-1.4646780914956286e+00  2.6141882592043864e-01  -4.9401020400436807e-01
-1.4655997128553706e+00  5.0317771840435332e-01  -2.3130820565016358e-01
-1.2252525044514710e+00  1.0160005926399907e+00  -4.4248257877656094e-01
-9.5071502013041220e-01  1.2208064422704217e+00  -4.3212394191552356e-01
-6.7243976141844020e-01  1.4108076166934327e+00  -4.3811203702668228e-01
-3.4750390914097989e-01  1.4982390316966414e+00  -4.3249029574817743e-01
-1.6982916268569286e-02  1.5421777938732917e+00  -4.3458336543825132e-01
3.1934613134670037e-01  1.5292647178212482e+00  -4.4066983547415606e-01
4.1038033769244081e-01  1.5542222530116596e+00  -1.8989840867447469e-01
7.2435215693958277e-01  1.4346035617064747e+00  -1.8970170549231347e-01
1.0252844198806690e+00  1.2263051515726966e+00  -2.9551689865245262e-01
1.2160430078743156e+00  9.9230654109859706e-01  -1.8392237734621922e-01
1.4538578097987669e+00  7.4776268906742527e-01  -1.8993423903541035e-01
1.5828918664792635e+00  4.3069997338247729e-01  -1.8889219672529148e-01
-3.2695292607674870e-01  -1.5719122588325858e+00  -2.5542993379913925e-01
-6.1075569134024865e-01  -1.4865555038102467e+00  -2.5597653072800219e-01
-1.5052803275625670e+00  -5.2604053447811294e-01  -2.5812515506796824e-01
-1.6382634065144464e+00  -2.0577286434122513e-01  -2.6897756456544625e-01
-1.6649298393005036e+00  8.0492398238927107e-02  -1.8394638682839570e-01
-1.1437637900457713e+00  1.1351384570917837e+00  -1.8511234691241205e-01
-8.8135423279967906e-01  1.3461229912340975e+00  -1.8655295473320979e-01
-5.8502730001800929e-01  1.5073612232732765e+00  -1.8887819110636320e-01
-2.5931874378027708e-01  1.5992169463395378e+00  -1.9033932437448992e-01
7.7549770484976743e-02  1.5904872299229362e+00  -1.8789181632683916e-01
4.7834200467976867e-01  1.4899467592995412e+00  6.1640383201280069e-02
7.6784415898553371e-01  1.3414924284228182e+00  6.0956679422490403e-02
1.0203551806317193e+00  1.1423388705615247e+00  6.0918806526739630e-02
1.2329911305517320e+00  9.0379008247252623e-01  6.1786503223760073e-02
1.4466419634453049e+00  6.5175229303156057e-01  6.6000908792922877e-02
1.5227831900604643e+00  -4.4359214704158645e-01  -5.2654821326623552e-02
1.3897018178942033e+00  -7.9306882107543530e-01  7.5391344571034191e-02
1.1797973446972476e+00  -1.0516332681701881e+00  7.6258097886384116e-02
5.9072326184501756e-01  -1.4056879547023227e+00  7.6311535485380499e-02
7.3016791675956276e-03  -1.5708267961585409e+00  3.9618495430855244e-02
-3.8376659152744969e-01  -1.5392470226564512e+00  8.2334202872892018e-02
-7.6190079229071084e-01  -1.3737815648413070e+00  3.9884784009380767e-02
-1.3287657016574925e+00  -7.6339367362539545e-01  -9.4450868841579994e-02
-1.5102004033081269e+00  -4.9607718170892096e-01  7.8397286274473565e-02
-1.6016521517007780e+00  -1.7308103998061367e-01  7.7795660445385037e-02
-1.3178399316097178e+00  8.9926302338947084e-01  -5.5710253887086086e-02
-1.0693276866085710e+00  1.1809392289817398e+00  6.7833567059390143e-02
-8.0007551027433521e-01  1.3768119143044859e+00  6.6135481275718264e-02
-4.8491022785919202e-01  1.4773198929028013e+00  6.2953359084369470e-02
-2.2761152726846051e-01  1.4926847107241126e+00  2.0028527848566943e-01
1.5965623014313349e-01  1.5688379586167374e+00  6.2406740309834619e-02
1.5735180763110872e+00  3.2084706480923053e-01  1.1116909646528057e-01
9.3133482031634285e-01  -1.3036713734324623e+00  1.2174984170201650e-01
-1.1002411252698665e+00  -1.1084843397080391e+00  1.2103360327704629e-01
-1.5057425815182737e+00  1.7398698924965125e-01  1.1049903997931056e-01
1.4647197996106584e-01  1.4930722169759469e+00  3.8208771401759611e-01
4.5920885119319210e-01  1.4142801378425482e+00  3.7817429402358016e-01
7.5866580036987197e-01  1.2945434069318003e+00  3.8196606423212109e-01
1.0089756224627064e+00  1.0912910218398382e+00  3.7876705610422839e-01
1.1830526764619242e+00  8.2388103454671302e-01  3.6785919295585351e-01
1.3651357288613997e+00  5.6446695205767439e-01  3.7885629600467424e-01
1.4727401497189103e+00  3.0272084280469513e-01  3.8696612420055609e-01
1.4794737476162334e+00  1.9782416163592789e-02  3.8261751602147104e-01
1.4762115990038118e+00  -2.6248146276023937e-01  3.8946368444755336e-01
1.2787816888483572e+00  -8.7985855860343865e-01  3.2241555700654712e-01
1.0460238640935959e+00  -1.1116113560755558e+00  3.1871651986669441e-01
6.2831405966001519e-01  -1.3509491243593246e+00  3.1316723457760476e-01
2.7138113842677736e-01  -1.5033801922628021e+00  1.9958739403235140e-01
-1.5280832476648451e-01  -1.5518584891007814e+00  3.3105130120132664e-01
-1.2659713082645190e+00  -8.2182740387512876e-01  2.5630329191287898e-01
-1.4200292265846792e+00  4.2237514545145555e-01  3.8622479902982781e-01
8.4475618288594145e-01  -1.2740242416951979e+00  4.2728127294527041e-01
5.3350533707112557e-01  -1.3130951059447853e+00  5.4133723002307721e-01
2.6380635311977646e-01  -1.3784711832713048e+00  5.3823143131455642e-01
-5.4546996890027477e-01  -1.4125338034482646e+00  4.2779378981339311e-01
-8.2201967771387630e-01  -1.2408292694117131e+00  3.9872850498631335e-01
-1.0462969011806151e+00  -1.0681124545536396e+00  3.9913399297955787e-01
-1.4319649490522430e+00  -4.9783598155131359e-01  4.0224961279068927e-01
-1.5151314460108967e+00  -1.7899749085667846e-01  4.0293858995078680e-01
-1.3503018389900436e+00  7.0094059235668194e-01  3.9570367282007840e-01
-1.1986142189124280e+00  1.0001158998535087e+00  4.0437662303518246e-01
-9.3878491362331706e-01  1.2122752388622393e+00  3.9489723388445214e-01
-6.6716182804482349e-01  1.4078203336602011e+00  3.9988224076163842e-01
2.1575599248852464e-01  1.4350933342609893e+00  6.2506054334641570e-01
8.0869110562788238e-01  1.1705353879462319e+00  6.1255307247964408e-01
1.3581188770669930e+00  3.9460270760691141e-01  6.1309296817555026e-01
1.3556571911618229e+00  1.0244880222536075e-01  7.0105609924799173e-01
1.3563963171078057e+00  -2.3752229307336564e-01  6.0075347208025875e-01
1.3075213413888640e+00  -5.9348530775013486e-01  5.3259835875258910e-01
1.1329309960170959e+00  -9.6808976145676928e-01  5.6656499358386625e-01
-1.2367343057633755e-01  -1.4072853569575543e+00  6.8797974623618408e-01
-4.7505015474968970e-01  -1.2931609260594972e+00  7.0350677203258771e-01
-7.4181921082151780e-01  -1.1130567134403553e+00  6.8203496039538958e-01
-9.8456911499360189e-01  -9.8367094570570301e-01  6.6430636062620441e-01
-1.3453430246839571e+00  -3.8087253396441467e-01  7.1014165775343441e-01
-1.3986706654035161e+00  -9.5367135541242029e-02  7.3235426761359479e-01
-1.4264111470208169e+00  1.3817954031077850e-01  5.2070820335268031e-01
-1.3666572596319773e+00  5.0163400129450786e-01  6.3790582597456080e-01
-1.1894939098295569e+00  7.7961420514250068e-01  6.2011780295772789e-01
-1.0128740218547179e+00  1.0606982274200478e+00  6.3784779830336047e-01
-7.4452301212844396e-01  1.2584002002449870e+00  6.3369442435588008e-01
-4.3528940312750619e-01  1.3763678888862703e+00  6.2359286674523606e-01
-1.1510059135572548e-01  1.4630823837212057e+00  6.3313363203713702e-01
5.4077889294930814e-01  1.2875857961011514e+00  7.1510913984111424e-01
1.0474183360817144e+00  7.8533637162534464e-01  6.0768576488440862e-01
1.2014666721069911e+00  3.8701532545212153e-01  8.0256910880971954e-01
1.3068566542338462e+00  -2.4516725671774664e-01  8.5498513627320449e-01
1.1410143493834475e+00  -8.2144166311234734e-01  8.0616457050426604e-01
8.6744342773425576e-01  -1.0197349913329081e+00  7.6892015495759836e-01
6.6008295562413322e-01  -1.1446047106415758e+00  7.5874341919790522e-01
4.3368904863283642e-01  -1.2206491898305964e+00  7.4619971710677702e-01
-1.3081567515087404e+00  3.0083892379443578e-01  8.6471286574953043e-01
-1.1059101624984800e+00  7.3034762104098694e-01  8.5316598258391219e-01
1.0739842752636809e-01  1.3037610252488838e+00  8.2935630231108215e-01
8.0448834113181911e-01  9.5160332610475618e-01  7.8847345590244711e-01
9.2595519960134787e-01  7.7943912843758867e-01  9.6007809940162459e-01
1.1839745674535085e+00  -5.8583175199585369e-01  8.7487810783098707e-01
9.0945036147275526e-01  -7.6759892251591855e-01  9.5980613490836242e-01
7.2825762184663123e-01  -9.8799423018368004e-01  9.9159470159440444e-01
1.4005510322830200e-01  -1.2368011058544530e+00  8.5843204476906332e-01
-2.5198862857433407e-01  -1.2153400152068712e+00  9.0468624021316846e-01
-4.7742782323923144e-01  -1.1100707433678558e+00  9.8441157388355172e-01
-7.5263089459267241e-01  -9.4003502593966437e-01  9.7952324369278232e-01
-9.3383137071893974e-01  -7.2546560780088021e-01  9.5774455621536769e-01
-1.1242480509107793e+00  -5.9784833749858379e-01  7.7932666593603195e-01
-1.2363516190759867e+00  -3.4364786749455389e-01  9.2859050562242129e-01
-8.3515633413043122e-01  1.0731288096115636e+00  8.6762034759831508e-01
-5.3051946314610321e-01  1.2097565254472131e+00  8.3988020459113399e-01
-2.1412197041852582e-01  1.2812520225269870e+00  8.2423166411843651e-01
3.1300132872150738e-01  1.1055356902783602e+00  1.0115902479122190e+00
5.8483005131050902e-01  9.4660926963821712e-01  9.7888593649342037e-01
1.0681161226276166e+00  5.3840909220792055e-01  9.4850557084309206e-01
1.1257026679818189e+00  2.1499467467181865e-01  1.1308914098556151e+00
1.2432871277135396e+00  -3.0760652633991175e-02  1.1053870711964067e+00
4.6183861064796849e-01  -1.0909846243346111e+00  9.6022634804556006e-01
1.3912876576791133e-01  -1.0549015272288262e+00  1.0695337227070996e+00
-1.4403333550007796e-01  -1.1037785601845111e+00  1.1182295169051972e+00
-1.0210629760427354e+00  -4.7657931032086825e-01  1.1314754222917098e+00
-1.0785405783105320e+00  -1.9235943756574181e-01  1.0928061383651715e+00
-8.1393369096539570e-01  8.0091526471268859e-01  1.0763453311725941e+00
-5.0315864113606612e-01  9.3584148799838596e-01  1.0891588106786476e+00
-1.9387703590375241e-03  1.2011403299808754e+00  1.0596836333421833e+00
2.6977389547405466e-02  1.0501228240260936e+00  1.2136435352920649e+00
9.2691147079090264e-01  5.1418660946057226e-01  1.1578079577125351e+00
1.0839414095352167e+00  -3.3145010171652223e-01  1.1554656259548881e+00
8.4577542253173665e-01  -6.4747613516282754e-01  1.2508453571417046e+00
5.4258677887093432e-01  -9.7564933433142809e-01  1.2452830799779284e+00
-3.7208746296879858e-01  -8.7888967591020128e-01  1.2606251359878062e+00
-1.1201964103447666e+00  9.3500249095259183e-02  1.1212940715967741e+00
-1.0265562118701004e+00  4.0920470654445479e-01  1.0984703301254626e+00
3.5601641659391808e-01  9.1003741338390365e-01  1.1860847128047711e+00
6.5793132080043870e-01  7.7298905258705375e-01  1.2327756105930845e+00
6.9837177141130635e-01  5.3832260939862020e-01  1.3766859741505209e+00
1.0554119018153942e+00  -5.3308569404082087e-02  1.2903931081862337e+00
5.2370367637551962e-01  -7.2498511953714551e-01  1.3902694572581062e+00
9.0291504573782433e-02  -8.8831416336611380e-01  1.3263047240691286e+00
-7.4230503941152215e-01  -6.6829578520870503e-01  1.2465039290871169e+00
-7.5134876222315305e-01  5.3504991995007978e-01  1.2584047860573997e+00
-3.7849574343989012e-01  7.8181381267128769e-01  1.2898178685015962e+00
4.0740134467957867e-01  7.1551128280683018e-01  1.4016969565935775e+00
8.1281352584245459e-01  -2.9343070070213878e-01  1.2491476707737854e+00
5.8107282788544712e-01  -3.4425321070585452e-01  1.3701009145147014e+00
-8.5522677161836325e-01  -1.2605066566197404e-01  1.2711373696797170e+00
-8.3884151499590587e-01  2.9366519822139758e-01  1.3697910702941665e+00
8.1739195254398572e-02  7.8467050460707555e-01  1.3416031347367912e+00
8.7561836985610583e-02  6.1329715246704630e-01  1.5097893262759969e+00
7.7389978070364296e-01  2.0869336623512344e-01  1.3289452386803691e+00
6.7676976562838664e-01  -5.1342971489463936e-02  1.3183676669936688e+00
2.3573230853561844e-01  -5.4157217255544243e-01  1.5292057871723508e+00
-2.3478637866972393e-01  -6.1851379702976961e-01  1.4579594577771251e+00
-4.7727084516107743e-01  -5.2893858936689631e-01  1.4136386922997402e+00
-6.4016933839818491e-01  -3.3259189647843806e-01  1.3834456897911294e+00
-5.4319187188565243e-01  2.2652691090722765e-02  1.4313250468800582e+00
-5.0032454404469873e-01  2.5998926304311654e-01  1.4537156113346297e+00
-4.6676074406804668e-01  5.4842589278024501e-01  1.5002599908227372e+00
4.1026855715705818e-01  4.1135186948297636e-01  1.4957914525911644e+00
4.4210972698234652e-01  -2.0376664832312888e-01  1.5114733261188178e+00
1.3068294806094474e-01  2.3933747247648518e-01  1.4513648796867771e+00
4.3745554874217013e-01  9.0082821849908748e-02  1.4946096410615379e+00
2.0074641202064522e-01  -1.4284784954352045e-01  1.5000612837908476e+00
-2.9593038765609808e-01  -1.6556759251273276e-01  1.3852553008573318e+00
-2.9451719615920524e-01  7.1446391137037199e-02  1.4184421642783993e+00
-1.7335824041170483e-01  3.4213203238096679e-01  1.4990253357321390e+00
-4.1935842910414058e-02  -2.0856282080026400e-01  1.3917529856888611e+00
-6.0760701643022393e-02  2.2828693940139963e-02  1.4323358209574191e+00
4.2798464934219055e-01  3.5537521902054664e-01  -1.4478287657211601e+00
-1.1749068496401063e+00  -1.0494713286565382e+00  -2.4461554044292902e-01
3.5832066400232715e-01  5.4863563192444353e-01  -1.3689245576197646e+00
1.5334743009558092e+00  -1.4201957651125502e-01  7.3533690701371848e-02
2.4807827708012298e-01  1.9530927074404034e-01  -1.6146641353357227e+00
-1.4159128922146629e+00  6.0372308498225924e-01  7.8176035597411014e-02
1.4719442155516413e+00  -5.3975464995300559e-01  2.5105791780453701e-01
7.5656668561018797e-02  -1.4901506673581684e+00  4.5464677206494325e-01
1.5329515168700663e+00  -1.4347315589035171e-03  7.2009828848244570e-02
-1.4361726037175957e+00  4.6091903403295681e-01  7.4432053107218940e-02
1.1413913719573727e+00  1.8715451830476670e-01  -1.0220094620336215e+00
1.0263766729888391e+00  2.1356919425750209e-01  -1.1498647692034465e+00
-1.2266947799851942e+00  -7.2694646326325763e-01  5.3993793291004100e-01
1.3055997606206469e+00  -3.5832965096616119e-02  -7.2564184753331562e-01
-1.2592357698635257e+00  -8.7400682410846486e-01  -3.5017624313788975e-01
-4.5980326364830715e-01  7.8572172883132985e-01  -1.1362555917251231e+00
-2.6499278955952876e-01  1.0944678495770435e+00  1.1047208049165020e+00
8.8100633552950403e-01  1.1911650050031897e+00  -7.0412572763025494e-01
1.0390607936700815e+00  1.1080051835661040e+00  -5.4933648238364985e-01
-2.5141349497489446e-01  1.0264102737042293e+00  1.1912962024640954e+00
6.0488781023161264e-01  1.2458364225638190e+00  -8.1945015959468392e-01
-1.0292904517317412e+00  -1.2025438547310832e+00  -1.3397362916256000e-01
-8.2618491105300873e-01  -4.0626639361644701e-01  1.3021108000812656e+00
6.1733844149873585e-01  6.8806059407486020e-02  -1.5229576511974900e+00
-1.6045993130241105e+00  3.1711494500266273e-02  -3.9622497600506040e-01
-1.8718841643743706e-01  5.8499764029781331e-01  1.5149301279428489e+00
-3.6663711343151095e-01  1.1325449950040296e+00  9.7843192085625774e-01
-1.5437854911663904e-01  7.2516504479654909e-01  1.4523347344681834e+00
-1.0426502041395387e+00  9.8673243898092899e-01  -6.3416389367079562e-01
1.0162053321084896e+00  -3.4096516248655717e-01  -1.0343140825422303e+00
5.5885554929396375e-01  1.4713037695875879e+00  -3.9409054169912144e-01
4.0864621397737083e-01  -1.5032182821995710e+00  -2.7311568821881335e-02
5.8697297469434717e-01  8.8594456426851464e-01  -1.1353449826486404e+00
2.0366172023664514e-01  -4.4141312102572206e-01  -1.3641886623184936e+00
-1.2595394445593304e+00  -1.7970561418864852e-03  9.2412974816049809e-01
-1.1414386036268815e+00  -9.1543396135092781e-01  4.6666996701611657e-01
2.9213844681709461e-01  -1.3038700138588903e+00  -7.8374783698270434e-01
9.1729526286885532e-01  -3.0862437126521181e-01  -1.1736169757037729e+00
7.3800632777233555e-01  1.1926366980280187e+00  -7.6828586904034724e-01
1.2698883200985547e+00  1.6267359151891589e-01  9.3898689338069752e-01
9.4489287085874907e-01  3.6938359533769388e-01  -1.2231679312923021e+00
1.3767843656604331e+00  -7.0706833016113790e-01  3.1318028321454733e-01
-1.5680673217533554e+00  -3.4293473316851336e-01  2.4468676608529114e-01
1.2375386570163409e+00  6.0585295368583669e-01  6.2839397744797310e-01
4.0454048909872997e-01  -3.1687871809268253e-01  -1.3942208555975266e+00
-1.3194491624770381e+00  -5.6880958567964912e-01  6.1762516781811627e-01
-1.3697474732962216e+00  8.2244865143309054e-01  -2.8965515852594492e-01
-1.1453167581005581e+00  8.6967661542791042e-01  -6.1743947380878850e-01
-7.7842335240695310e-02  1.5630614001789294e+00  8.7481749659811901e-03
-6.2855050769891740e-01  -2.3310201461961300e-01  -1.4136192279215243e+00
-3.3113869132622636e-01  -1.3879583414668599e+00  5.4776683599496612e-01
7.8992066208248279e-01  -3.9910463694626352e-01  -1.2880678287071743e+00
1.0044755133634309e+00  -6.0767646444084766e-01  1.0443389320930447e+00
-1.2586895195946997e+00  -1.4536661007401397e-01  9.2384845668214710e-01
-1.3408066093632578e+00  8.0588326421036294e-01  1.6733567272803501e-01
7.5831446943407999e-01  -7.5300874090164327e-01  -1.0197493827223243e+00
1.8677989314168633e-01  -1.5183905943680954e-02  -1.6936979186821972e+00
7.3450418739009427e-01  3.0580438844873305e-04  -1.4023490627619781e+00
-1.2443418747322921e-01  5.6615503725986993e-01  -1.4446776243226327e+00
-6.1119478054920906e-01  8.1107358780926564e-01  1.2132181591778941e+00
1.5849793971880468e+00  1.5007379096363732e-01  -6.3453623745279394e-02
-1.3011116447234250e+00  3.3081737496531177e-01  -6.3940343527988530e-01
-1.7805320019349186e-01  9.1574852816924779e-01  1.2537607665077588e+00
1.5377586613070451e+00  -3.6359590417811166e-01  1.6904611917770099e-01
6.5923097282170251e-01  -5.5268673655888034e-01  -1.2136564502249994e+00
-1.0861019313526306e+00  -8.5624154488720894e-01  -8.1186853522310065e-01
-1.2392745428343632e+00  5.5430515230408683e-01  -6.4569147442978758e-01
-1.2752064482261869e+00  9.6151946424261914e-01  1.7423370975243785e-01
-4.4747333080351021e-01  1.4585812783361365e+00  3.0072447862922719e-01
-9.1227609588775527e-01  1.0995520337884370e+00  -6.3351519998774153e-01
1.9948507076194083e-01  -2.4413841555561538e-01  -1.5621100014258154e+00
-3.3139411577082828e-01  1.4395793610841527e+00  4.1103720327403959e-01
-5.7179098977993581e-01  -9.2607202496911378e-01  1.1418418092879414e+00
1.1497069804971396e+00  5.9739138323633389e-01  7.2203305600119128e-01
-1.4827298972758554e+00  3.3896653439975793e-01  -6.1386706622556034e-02
1.2277623623757983e+00  6.2406149587201309e-02  -8.2873595836696323e-01
-9.7278481605805212e-01  4.6058158042799802e-01  -8.5179684630199104e-01
-2.4639062589694841e-02  -1.6151860133037960e-01  -1.7372043217894191e+00
8.7266015266528685e-01  5.6055534598835211e-01  -1.1205123623552453e+00
4.3116762096283745e-01  1.3185143557080606e-01  -1.5647506273718772e+00
4.2558595855536935e-01  -1.2650498010852373e+00  -7.8081138690714358e-01
-1.2589697795673234e+00  5.4099098060273265e-01  8.9805818268545923e-01
1.3281651847254776e+00  -4.2968529303089387e-01  7.0200389876346347e-01
4.0214952751519356e-01  9.6044105062674090e-01  -1.1907815857880568e+00
-1.4730198991703175e-03  -5.8168677755243647e-01  1.4967600058348260e+00
1.2102530407804066e+00  3.7473868917948600e-01  -8.8505770978174481e-01
4.0005554064622223e-01  -1.3993201086355362e+00  3.6816352927744822e-01
-8.4830861402461155e-01  -1.3189663514626098e+00  -1.7070648108971642e-01
-4.6276985768000711e-01  1.3746055891039383e-01  -1.5533110788127888e+00
-1.5730529611436228e+00  -3.5018765578110694e-01  -9.5734627699845254e-02
1.5904520109937677e+00  -2.4100903162128445e-01  -1.4783119630164687e-01
-1.2541262561093562e+00  -9.6157116634303041e-01  1.1871898278904348e-02
-1.4211763515981654e-01  -8.7148496946496823e-01  1.2749601711037564e+00
3.1896471247262270e-01  -9.3606110626232031e-01  1.2909831889077232e+00
-3.0874081110010321e-01  4.7593439770249268e-01  -1.5120793263226366e+00
-1.4173313096660698e+00  7.1456768169358620e-01  -1.4586572566217798e-01
-1.5477697931879780e-01  8.0150725082564522e-01  1.3468697087835060e+00
-1.4459688738395569e+00  4.9446707157756420e-01  -5.1492970886890888e-01
8.6914936250829866e-01  1.3100920687703552e+00  -4.4844416510405305e-01
1.1157668645202590e+00  -3.5318218180833494e-01  -9.2860176133780115e-01
-1.5945198330203425e+00  3.0008005317461217e-01  -2.1184033687309184e-01
1.4269541599640860e+00  4.3649467416806459e-01  -5.9300543800947325e-01
7.0697535452052518e-01  8.1022912379347556e-01  -1.0580819949006892e+00
3.1193774953362102e-01  1.4919472646256138e+00  2.2248486194754222e-01
7.1439167394721270e-01  4.2540959208858398e-01  -1.2731403025360735e+00
1.3495686601840867e-01  1.4614592637708823e+00  -5.8764837167156014e-01
2.8583944528503280e-01  -1.5288610822912421e+00  -2.7155486287880795e-02
-1.5146072492550362e+00  -2.2586995957669634e-03  2.5725391467957770e-01
-1.0023874121585303e+00  -9.7113160446084335e-01  -7.7508038888317066e-01
-2.6750497712179921e-01  8.4168975181882932e-01  -1.2463943176412076e+00
3.9720133999124385e-01  1.2469911858229155e+00  -8.9404055365856661e-01
1.5926468544519461e+00  2.0473601179650985e-01  -2.1491168123367818e-01
-9.4225965109077503e-01  6.1851917648263377e-01  1.1138095991060402e+00
1.2305396426275830e+00  6.8873197967452948e-01  5.0377616196850028e-01
8.2225648771337001e-01  6.9567588750526188e-01  -1.0570349463950635e+00
-6.5617883091285556e-01  -6.6588532514258436e-01  -1.2284995553465989e+00
8.9811854466176200e-01  1.2864163559429194e+00  -1.1727771389096779e-01
-6.6523225692760846e-01  -1.4194848212425950e+00  2.3978429466558601e-01
3.0552080947160842e-01  -8.1255710242852308e-01  1.3658629352745935e+00
1.8293603340918649e-01  6.3356207041895485e-01  -1.4499651890533911e+00
-5.7334883598891262e-01  6.7166374518385352e-01  1.2981383026655364e+00
-6.2816549767820840e-01  4.0546305182345860e-01  1.3799736840210506e+00
9.0829719605483639e-01  9.5432107172350988e-01  5.9589896405935738e-01
2.7709613345305424e-02  -5.3848978292097349e-01  -1.3679799969261650e+00
-9.9877845057441572e-01  -1.1085883923623119e+00  -6.8659186046102283e-01
-6.5501911080301789e-01  -1.2887616561896593e+00  5.6465619718814708e-01
5.2180723821722741e-01  4.7370471916856544e-01  -1.2846190059926312e+00
-2.6639906853086931e-01  -3.8617169262116618e-01  1.4218487950507381e+00
2.8440152938891344e-01  1.0888328652916643e+00  -1.0687735426412674e+00
1.2502628941418241e+00  -5.4641688607099437e-01  -7.4029860952242932e-01
6.1796201080650581e-01  1.3872665839492815e+00  2.2090191588620409e-01
-4.2616004798748836e-01  1.0231990862727509e+00  -1.0863604136793603e+00
-1.7175817611184271e-01  1.4764857940733860e+00  4.1397271790823975e-01
1.1475416289351186e+00  1.0512367690833275e+00  -3.6471017530193006e-01
3.2359954459453610e-01  1.2986125641420803e+00  7.7433744784237568e-01
9.9879309592303755e-01  -1.1295071988242771e+00  5.0211772657003773e-01
6.8357627697078283e-01  -8.0370562928343992e-01  1.2321330208278769e+00
-1.3423907679600886e+00  -7.3419576059333502e-01  -3.0979395197094028e-01
-1.9558096050266896e-01  1.4561212642280654e+00  -5.8711037214770878e-01
-1.6061680569202133e-01  -1.5790189160340373e+00  -1.0838833708104627e-01
1.2948023058238542e+00  7.6589116684420389e-01  -6.2199820268995754e-01
6.0193862228917749e-01  3.1431986059405220e-01  1.4341777301012084e+00
-1.4063529847682914e+00  -6.6846266976867830e-01  1.7010281191578516e-01
6.0742766265016797e-02  -1.5195504723799476e+00  2.6332514970577670e-01
4.9713862737848086e-01  1.3805728230965773e+00  -6.6900658667291490e-01
-4.4580168669259795e-01  -4.2213141553913633e-02  -1.5627827190413892e+00
1.1601365024610031e+00  9.3073982454026449e-01  -6.1585853966890536e-01
5.1616413886542456e-01  1.4658895784511015e+00  -5.2267110719127707e-01
1.9694821847791887e-02  2.8451666441175405e-01  -1.6449390812320157e+00
9.0000986315325515e-01  1.2331367954751047e+00  2.2441429754695089e-01
-7.5443467341139880e-02  -7.7907833872926469e-01  1.4418444657290086e+00
-4.3717676693716939e-01  -5.9138125271015263e-01  -1.3964820995896419e+00
-1.2058461658014994e+00  7.0667881609431671e-01  -6.4656279674340400e-01
-9.8565030068959381e-01  -3.4103378576847798e-01  -1.1655580460901998e+00
3.4349584331980448e-01  -1.0321901943019052e+00  1.1752888072619103e+00
-3.1573962336725497e-01  -5.1514303023235086e-01  -1.5378514327985371e+00
-1.3669662046600864e-01  -4.1147345959898934e-01  1.4421321563624769e+00
-9.3961305606510170e-01  -1.2556472779601564e+00  8.1102976620910039e-02
-1.0669376250887814e+00  -1.1401474717444595e+00  -5.0232954586928003e-01
4.4966541781697261e-02  6.6183759059043334e-01  -1.4514909867517165e+00
-1.3522084465142900e-01  -5.4390139231496581e-01  -1.4986390538671999e+00
-1.0598566338365376e+00  -7.8808320949539212e-01  7.2594885907964146e-01
1.3228816600957403e+00  7.4371417443855925e-01  2.1984408089620486e-01
7.8380737406777246e-01  -8.1800712594358338e-01  1.1157900135650261e+00
1.5585642226401655e+00  -4.1332601152301596e-01  -2.6738716646357841e-01
-9.7606089994171608e-01  8.9925682633080106e-01  8.6210833041324519e-01
3.0694790950707068e-01  -6.6941962476625294e-01  -1.1367302277979392e+00
5.6244517464589572e-01  -3.9190968580990043e-01  -1.3805262929904083e+00
-1.3894008307251964e+00  1.9398956680420443e-01  -6.7519105187006545e-01
-1.3440203238336896e+00  9.8914235440424117e-02  7.9132014814643614e-01
9.5387810719913813e-01  1.2092336439450504e+00  -4.9875499023862091e-01
5.5262694076556740e-01  1.0925411104071567e+00  8.3313938025437928e-01
1.3640900297372800e+00  -5.0919847266047291e-01  -6.3693188535992795e-01
-3.5150081095368940e-01  -1.4776186954317361e+00  3.7930288000853185e-01
1.1280095142654856e+00  1.0033650672476133e+00  2.2130343596968971e-01
6.7033534475186429e-01  1.1142403487426313e+00  7.4868422217574648e-01
1.0835436614779652e+00  6.7802036876240412e-01  7.9794404575446309e-01
-5.4041220220332564e-01  -7.5492767205868661e-01  1.2204638982787019e+00
-8.5888141462047352e-01  3.0213907642202426e-01  -1.1565400378892885e+00
8.4629440799488120e-01  -1.1318892198387940e+00  5.9293339526793487e-01
-5.1827359833155096e-01  1.3759893540608681e+00  -5.8374249201091399e-01
-1.0890045892828057e+00  -2.3458882563692890e-01  -1.0756019819889377e+00
1.4125668052965037e+00  -1.7189791195553134e-01  -6.4880648922401740e-01
-4.8941459913140428e-01  -1.4022095979548155e-01  -1.4872659443664169e+00
3.0704384006658580e-01  -2.8436791116695043e-01  -1.4945458581944435e+00
1.1355362309006491e+00  7.8266242362363658e-01  -7.7821195767609097e-01
-5.9897617143782544e-01  7.6440418496827001e-01  -1.0626276554334806e+00
-1.3892494243662004e+00  -4.7806078489970183e-01  -5.5449053760501699e-01
-7.4251052081626812e-01  4.6666967653353664e-01  -1.1499418678022173e+00
1.2578348320772501e+00  -8.0308951098685200e-01  5.6681966597573663e-01
1.4797205755809373e+00  4.4617941624672863e-01  2.4722589999856084e-01
-4.3214196026870343e-02  1.5559527941022893e+00  3.0366165850578286e-01
-1.4492306729891076e+00  1.5433038400966420e-01  3.1153380716646506e-01
-9.6867792139192249e-02  3.7452792930887363e-01  -1.5798281442227304e+00
-1.0834735786648064e+00  5.7823642346962578e-01  9.9303706553804338e-01
1.5596420708364116e+00  1.7446639673760958e-01  2.5223001512202448e-01
1.2979901472368058e+00  3.7453794583074879e-02  8.9595481691551226e-01
1.6660120605458761e-01  -7.3329778323262063e-01  1.4631084953850735e+00
1.5713120643335523e+00  -1.9440113512088111e-01  -3.6087656611112773e-01
-3.6042197461603892e-02  1.5443091283614765e+00  1.3330618609466230e-01
7.4615811949638372e-02  -1.4200063591140877e+00  6.2427213561848827e-01
9.6861009988765445e-01  2.1552985021858101e-01  1.2499060845440508e+00
4.2462670408339265e-01  -4.5251407600536947e-01  1.4889551226475315e+00
1.5238170975006876e-01  -1.5387261227270583e+00  -1.0624312122460068e-01
-8.4031283043635496e-01  7.6656129156674899e-02  1.3077368218556442e+00
4.2862719029000340e-01  1.2044786929348583e+00  8.7212608136709147e-01
-5.8092222185953402e-01  -1.4747330558418195e+00  6.1945757091229715e-02
2.2801983541256884e-01  -5.9539568974822665e-01  -1.2017815505176257e+00
-9.7088760083521775e-01  1.8898093761371029e-01  1.2272104329403530e+00
8.4146676381060936e-01  -1.3304930781093436e+00  -6.7300740263550207e-02
-9.6606977516767500e-01  -1.1829745864498622e+00  2.6301606858604831e-01
7.1678999065836502e-01  -6.7485788356050436e-01  -1.1277721864969927e+00
-1.2871332980946282e+00  9.6825900008905097e-01  -2.4951784764856866e-01
9.0269223430300763e-02  -2.0233955711337218e-01  -1.6319155301214494e+00
9.2706062916912829e-02  -3.7524934711749297e-01  1.4874917208114076e+00
-7.7936233209110040e-01  -1.3842929209735237e+00  -3.2084327910549498e-01
-8.2582488741073767e-01  1.2481030313200496e+00  -5.9492801956522057e-01
-6.6766815407118851e-01  1.0085498666174071e+00  9.8880216885898919e-01
1.6742351643206346e-01  8.9474944306801540e-01  -1.1629675831432451e+00
9.8843962833419607e-01  -1.2479273884316515e+00  -7.0314284368020924e-02
-1.2601684882709179e+00  6.2948105300112789e-01  7.6213619449606784e-01
-9.4289270245039580e-01  -3.0070122124061582e-01  1.2101963600206413e+00
7.1453434840069352e-01  1.4076240085130778e+00  -3.9332053616387341e-01
-1.3557942799087221e+00  5.2983532309771419e-01  -5.8650080300889751e-01
-9.3942741805907604e-01  1.7010612870806094e-01  -1.1799070895919770e+00
-1.5632071829036187e+00  -9.7834804358665456e-02  -4.2350652978187814e-01
-4.9360287327993752e-01  -1.5024084860405114e+00  -8.5977405736511386e-02
-1.4551756795367894e+00  -2.8588989946249938e-01  5.6824383685478419e-01
4.4967422573912874e-01  -1.4217419813161973e+00  2.5588871311197603e-01
-6.0717016252811930e-02  -1.2468416311926624e+00  8.9750037796075910e-01
-1.0498354429001913e+00  8.8565328351362160e-01  7.3916830087915564e-01
7.4225726722828123e-01  -5.1412501183996173e-01  1.3754757442175505e+00
-6.2005289365776439e-01  -1.1319021102322777e+00  8.4967922122953599e-01
-4.6750132319596693e-01  -1.4816634016778307e+00  2.5811383904058133e-01
-8.9383737643668604e-01  -1.1018230242838860e+00  5.2523766910460434e-01
-2.0917308055903956e-03  -1.1869866455751428e+00  1.0028455899220732e+00
-8.7307249676483678e-01  4.2990963636080437e-01  -9.8366068198028078e-01
1.4033118047603617e+00  -4.3532844920628910e-01  4.6703048074089337e-01
9.6615347022428499e-01  -4.8607587328838320e-01  1.2011070496857934e+00
-1.4856901799464350e+00  -4.0390653814094168e-01  -4.1811100981661953e-01
-1.5875775372477523e+00  1.7518061229716439e-01  -3.4698712152157990e-01
1.6359809998215963e-01  4.9932033051081459e-02  1.4595388676283811e+00
-2.4820584235465754e-01  1.5769012140863696e+00  7.1516565160918769e-03
-1.1506624096019986e+00  1.1070908993632089e+00  2.3939248398142385e-01
-1.1803656932599271e+00  3.9339415443084086e-02  -9.9974128123969075e-01
4.6165192314864995e-01  6.9222635584582437e-01  -1.2308691624180252e+00
1.4962644555155717e+00  -6.3385668234829406e-01  1.1479956296017859e-02
-1.3841807592838877e+00  -9.6130664052250375e-02  -7.1792117443643910e-01
-1.2318781280677928e+00  1.0715668779528362e+00  6.0806249162068679e-03
-3.6672363993378372e-02  -8.8045467377092523e-01  -1.1854812257977425e+00
-4.3237987006806444e-01  -7.1931595150322736e-01  1.3628971018008051e+00
-1.1924078691600888e+00  -1.2187562400477715e-01  -1.0094742422309486e+00
7.3869214724189214e-01  -1.1870335252942679e+00  5.8177782600197814e-01
1.4217041828205181e+00  2.0335104649575306e-01  5.4767081553192520e-01
1.3608229805616201e+00  6.0857647579990248e-01  -6.1296048981635354e-01
-6.8213070837780665e-01  7.6692298010660731e-01  -9.6918659121654527e-01
1.2470025013672479e+00  -7.1937370669927603e-01  6.8080327020880294e-01
-8.8635378065842885e-01  -9.8220803054131378e-01  8.4070820655056300e-01
1.1590119864468964e+00  -4.6897522039729445e-01  1.0381464840692038e+00
6.5561595019972529e-01  1.3019809472492854e+00  5.5264705367118760e-01
1.3619589761289039e+00  -8.9229473666407577e-01  -9.4914191071774887e-02
-1.3798880781833742e+00  2.2106724545895723e-01  6.9832544031667354e-01
-9.7690955034132199e-01  -8.7020134111356395e-01  8.2695482976568624e-01
4.8784794800149370e-02  -9.6432839370223689e-01  -1.1229429915720599e+00
-1.9269572511988395e-01  -1.5880228302414263e+00  6.2568467446270121e-02
-1.6182484218932700e+00  -3.5074415987410962e-03  9.8163713724437329e-02
-1.3560393872371734e+00  -6.6325789889495590e-01  3.3111596773181046e-01
-1.3088121764203867e-01  -2.4290105232434070e-01  -1.6594403202086527e+00
7.8896651429772635e-01  4.8999442519304892e-01  -1.1912721397306494e+00
-3.8421098407695337e-01  -3.4239992675556213e-01  1.3992371464437638e+00
-6.8522469380493101e-01  1.5299931155040308e-01  1.4012144766573005e+00
6.0793175470540695e-01  1.4991788716096743e-01  1.4180416310579251e+00
1.3573426949268956e+00  -8.3257643964252548e-01  -3.9217527542248187e-01
-7.1263003372371847e-01  -5.2311862009994971e-02  1.3805768507785745e+00
-8.7421694959334162e-01  -1.2444450924161390e+00  -5.6315640942747225e-01
3.6511538857205583e-01  -1.4860127572911290e+00  -4.2244987843112380e-01
-8.6021785079264934e-01  1.2796649621870944e+00  2.2874163670384745e-01
1.1263147808094556e+00  -1.1381039730597904e+00  -9.2528965796137577e-02
-7.8501747680281897e-01  -1.2956711451610725e+00  2.1741860074089636e-01
8.0240516359191583e-01  7.8703836043321551e-01  1.1126498854537412e+00
1.2074960480410917e+00  -2.9197491281976551e-01  1.0183559516047915e+00
-8.1277251605901857e-01  7.7617544225706425e-01  -9.1149686318036383e-01
3.4045206292332791e-01  -3.7265994606709629e-01  1.5245104710366864e+00
6.1262077485695365e-01  3.0028583695216948e-01  -1.4257599843524833e+00
2.5913959246240498e-01  4.2442916462045632e-01  -1.5265766956613807e+00
-5.7973666213453445e-01  1.4539738332505028e+00  2.3198644366156515e-01
-4.3428123366615889e-01  5.1295123053284009e-01  -1.4264042763776750e+00
6.1163420610366814e-01  -4.7287453935786333e-01  -1.2990175533846278e+00
8.1053199641419338e-01  6.5846049753588254e-01  1.2235265717810648e+00
8.6114258199978844e-01  3.6745766274742536e-01  1.2572077241219166e+00
1.1019734293074466e+00  3.7760334192998851e-01  1.0449763838736916e+00
2.1876410203732638e-01  -3.3926252716066241e-01  1.5208141734496035e+00
1.1913896408194213e+00  3.0848114417359823e-01  9.9010721347296604e-01
-1.6491500920399429e-01  7.5829289690928714e-01  -1.3617922256596009e+00
-2.8358427791804586e-01  -1.1450553833485564e+00  -1.0349086100331875e+00
1.0509350764688161e+00  5.8952046138999625e-02  -1.1354468857613653e+00
4.6510041595153340e-01  -9.2326640652973968e-01  -1.0138864776898449e+00
-1.3828581235556405e+00  3.1647404408618018e-01  5.7327666415646805e-01
7.8010521641904029e-01  8.9426437096452871e-01  1.0046525573449985e+00
-1.1614860107258498e+00  3.5490558239475628e-01  9.8062414496073558e-01
1.2959278926214131e+00  4.3689460655711931e-01  -7.5089191543935385e-01
-1.3726663114124563e-01  -1.4699221066769497e+00  5.0765089984922196e-01
-5.6971460915794059e-01  4.7859032944251600e-01  -1.3329521989005020e+00
1.1438471587189141e+00  -1.0971767702475994e+00  -3.9001047322188859e-01
8.1943285833939661e-01  -1.5051571210480488e-01  -1.3345608742834185e+00
7.8863237526013941e-01  -9.6648787913130874e-01  -8.1707357447877216e-01
1.3212155750701766e+00  -6.8013044328026559e-02  7.7043804516383596e-01
-4.3637313236690234e-01  -1.0217864265451191e+00  1.1550995173694678e+00
-1.4652065583989102e+00  2.9837312040384001e-01  2.4847247385171103e-01
-9.8217277728210184e-01  7.8370368753282538e-01  9.8831903900096418e-01
1.9663052800856051e-01  -1.2656428998682767e+00  6.7109158701592031e-01
8.7495473525397116e-01  1.3307612333805814e+00  -2.4264185321916526e-01
-6.9539939814180540e-01  1.7344718687325730e-01  -1.4262693203201298e+00
1.0241636806446059e+00  9.3282608380467191e-01  4.9232188736037197e-01
-1.0952649257893488e+00  -5.4975628250169872e-01  9.6912592338295622e-01
5.5341601497793602e-01  -1.1490657155954507e+00  -8.3667736754344035e-01
-1.1685486010854675e+00  1.8926480160103040e-01  9.5574331118875211e-01
-5.9072354569987462e-01  -1.5302621809083011e-01  1.4065041485660350e+00
-4.6889783205488583e-01  -2.4969643629543753e-01  1.3970635403847935e+00
-1.0200841535928826e-01  -7.1214101400732799e-01  -1.3490438972782406e+00
-7.3261923368944248e-01  -7.8922717309260570e-01  1.0889804624581545e+00
-1.0014595870751029e+00  -1.7457306079172900e-02  1.2153607073876664e+00
-2.6927105875004305e-02  -9.8861589338870315e-01  1.2123583376522551e+00
-7.6409124840568377e-01  -1.2278411686873267e-01  -1.4161728914835849e+00
9.7561030682840821e-01  7.7347583740374215e-01  7.7446568175397779e-01
1.3461636280446136e+00  -4.2063922616362953e-01  5.7289991711722177e-01
8.9134286920219818e-01  8.7753898935413951e-02  -1.3343795499340521e+00
2.5211629788538853e-01  5.1912064774142908e-01  1.5230754886327951e+00
1.4904582734519418e+00  -5.1533554620699074e-01  -3.7033624957160810e-01
-7.0743217463485430e-01  -5.1072613720877225e-01  1.3486690966203418e+00
-6.4685915620223522e-01  1.0959115119067211e+00  -8.5813156398547397e-01
-4.7555643067388775e-01  -3.7837785591967033e-01  -1.4270605380905561e+00
6.7709147684916737e-01  -1.3891976877886452e+00  -8.8536723625501787e-02
1.1988638082352616e+00  -4.5720416291895671e-01  -8.2684020553388837e-01
-5.2192497361436174e-01  1.0802617385497655e+00  9.7881220109600064e-01
-1.1182615535063298e+00  -8.6491031091023185e-01  6.0912332149652026e-01
1.4543247529713510e+00  1.1956194546778205e-01  -6.4867164172971681e-01
-1.6729487597978405e+00  -5.1048409274671136e-02  -5.0468782078468936e-02
-1.1435262599462748e+00  -1.0848636448877635e+00  -6.1506116653849141e-02
-2.9766565208804874e-01  -1.3400138092593443e+00  6.9043981904409157e-01
1.1666779332495900e+00  8.7022319717091579e-01  -7.0945452468860570e-01
1.2377759101430938e+00  -1.0091850462099619e+00  -9.4116009428997519e-02
-1.1939266268101862e+00  -1.0320947892942989e+00  -4.3651287473186901e-01
1.0173532140846648e+00  3.6073162993529106e-01  1.1335908584018490e+00
-4.4712812195844803e-02  4.8293252800367020e-01  1.5253543117051713e+00
-5.9715760664698436e-01  1.8301248977098467e-01  -1.4974202426287035e+00
2.5447239607984873e-01  -1.4031937018835359e+00  -6.5338847252187882e-01
-1.3246057795612727e+00  -8.0874560190289957e-01  8.0398639504052793e-02
2.9333143690115443e-01  -1.1295043034502974e+00  8.8241445958526032e-01
-2.0081340015313237e-01  4.2232562366924337e-01  -1.5369242152269555e+00
3.3765392326436450e-01  1.1628536708183848e+00  -9.7776090569491869e-01
1.2705827323538452e+00  -6.0127128873062075e-01  7.1647259511507699e-01
-1.5249599829767930e+00  -2.3809719305436619e-01  -4.1544810958466516e-01
-1.4506492213395241e+00  6.2152464781106664e-01  -3.8141879248381433e-01
1.3576189276821637e+00  8.3467336633929357e-01  -6.4565793550192249e-02
1.4520865501755020e+00  -7.4623234057115762e-01  -9.4425471044621359e-02
2.6650093505011735e-01  -1.4342456065556473e+00  3.7011168076240891e-01
-1.4180936909916961e+00  -6.3204504796458738e-01  -9.5068086400480582e-03
3.6996946240804235e-01  1.3335877686312883e+00  6.5570255810371691e-01
-1.4660679342214076e+00  -1.3766545182519863e-01  5.7350016384689351e-01
-1.3776645234775831e+00  -5.8738163670667898e-01  -3.8266744517302559e-01
4.9598406101037429e-01  1.3405095208769688e+00  5.4174341728828745e-01
4.8973343211546205e-01  -1.4621064587397978e+00  -4.2561219871415501e-01
1.2611021975932755e+00  -4.2300619696137898e-01  8.7686377144300454e-01
1.0251619081969150e+00  1.1870523507173483e+00  -1.1755033806447593e-01
-1.5159677945522849e+00  3.9489115149366760e-01  -3.7586202461976531e-01
5.6737631746845030e-01  -5.4072173180077177e-01  1.4156378365627813e+00
5.5772697831411377e-01  -1.2980584069515142e+00  -6.4688870830927125e-01
1.5194458713700609e+00  5.4287332811956268e-01  -6.1643271610132944e-02
8.0883059683434055e-01  -2.7513277859920765e-01  -1.3181839192307878e+00
1.4546879380993387e+00  -1.1301870325188001e-01  5.0637111826571712e-01
8.9592918314365011e-01  7.9042338451186939e-02  1.2867179948953977e+00
-2.7140983618334413e-01  9.2513433276029483e-02  -1.6862281890483970e+00
1.6415265328995288e-02  1.4829045827799743e+00  5.0864203489823645e-01
-1.0740889681835102e+00  1.1738180008164079e-01  -1.1110728779870087e+00
-1.0444561051415380e-01  -8.1389736340020491e-01  -1.2810677170952913e+00
1.3745724286024492e+00  -6.8533250982232910e-02  6.6015083263074248e-01
-1.3421519182136876e+00  -2.2258668496687023e-01  8.4532285649537209e-01
-9.0124306097910112e-01  -1.2989204109694348e+00  -4.6505949314888245e-02
-7.7758319059494507e-01  -7.0855612010675539e-01  -1.1857080471786412e+00
-9.6313347701135488e-01  -4.8488871681357093e-01  -1.1098530927086836e+00
-1.1618909606490153e+00  -9.4989504332351593e-01  3.2952859348698932e-01
8.6245013618847666e-01  -1.2900037501996839e+00  -3.7797075059450713e-01
1.1242323454841911e-01  4.3100343788546641e-01  1.5168349830121695e+00
1.5160677248105014e+00  4.8738428444859327e-01  8.9075868169708056e-02
1.2915333049928019e+00  -7.3404134659381159e-01  4.2808793498149916e-01
1.2204659055725406e+00  2.1766711728599411e-01  -8.5767968762513713e-01
-3.1850931402446198e-01  -1.1299509411074713e+00  1.0731578718752117e+00
7.6930150798169760e-03  -1.3513364009283817e+00  7.9019264439377590e-01
2.2959140303391207e-01  1.0096379039038006e+00  -1.1377135572749126e+00
-1.6047439411889495e+00  -1.8122645661627257e-01  2.4397387703459028e-01
-3.7412813901837960e-01  1.5433398308268191e+00  -6.3069636035925830e-02
-7.3229144061516560e-01  1.3903551049846881e+00  2.3333751839931841e-01
3.8107486050848072e-01  -6.3714222486230032e-01  1.4718441269293776e+00
4.5592727599432580e-02  -7.5472380084019619e-01  1.4496526912382279e+00
1.4623802441249125e+00  2.6610886183518057e-01  -5.8716793830143010e-01
1.9621371937860732e-01  9.8512734572062521e-01  1.2077574925183849e+00
1.4451785562136528e+00  6.2761129275631031e-02  5.5463071074623760e-01
-6.8687696253382902e-01  1.4315383713907903e+00  -6.1593567383806183e-02
4.3243634933519254e-01  -1.4594309376183479e+00  1.3847280269924198e-01
-1.5796976393939848e+00  -3.3537949268421918e-01  7.9407597467259255e-02
-1.4146807245115847e+00  5.1174616195244427e-01  2.3181262283664672e-01
-9.6870610604981289e-01  1.2544205996873909e+00  -5.8722031304399791e-02
1.5733685005988423e+00  1.2423893037982660e-01  -3.3927962284254592e-01
-3.0580255544437829e-01  -7.5415614628310335e-01  1.3659230609977058e+00
2.8393588109127582e-01  1.5551900559941370e+00  -6.3602090352434151e-02
-1.8178428337279154e-01  -3.4580904619209646e-01  -1.5946621956057740e+00
-3.3247268636489952e-01  1.0992592186449974e+00  -1.0306898692068489e+00
8.8448420348963774e-01  -6.9340744305011925e-01  -1.0028711430239521e+00
-1.0866145866119672e+00  -1.1958050188938654e+00  -3.2325421438168628e-01
-1.2717840925708017e+00  -9.1652054609324718e-01  -1.7017198485985630e-01
1.5579456844265651e+00  -3.0243136326628933e-01  -3.1277510311760698e-01
1.0434123229199426e+00  -9.4755694911485500e-02  -1.0865982908555556e+00
-2.5999021535452443e-01  -9.9243863292626100e-01  1.1932085207393175e+00
6.1139366926810768e-01  1.4873319121546213e+00  -6.4754157903495008e-02
-1.1755971962492209e+00  -9.5778041784503409e-01  1.8768648011373262e-01
9.8595373182031931e-01  -2.0236005073199223e-01  -1.1361831987307869e+00
-7.4608196587728270e-01  1.0703618745554886e+00  -7.6222032586829536e-01
-1.0266473805494689e+00  1.2235619285478720e+00  2.3668194963702496e-01
-8.7848786458230299e-01  -5.7020974117578893e-01  1.1843725279567656e+00
-1.6472780635439435e+00  -1.9237846874814865e-01  -9.3075705479572599e-02
7.8862072819387352e-01  -1.3474331097585510e+00  2.2261285261943625e-01
-6.0895044751339311e-01  5.3929270496956860e-01  1.3711085745286815e+00
-2.2644807144346954e-02  -3.8987789135395623e-01  1.4508642095393587e+00
1.9752458301442863e-01  1.5519348387243967e+00  -3.1280736942150827e-01
1.0515467428906322e+00  -1.1710665107862728e+00  9.8293939013370468e-02
-8.1357891780916802e-01  4.5126551197959913e-01  -1.0737922788233698e+00
4.3179223314554538e-01  8.2440599692362204e-01  -1.2099562758264750e+00
1.5198581919803533e+00  -6.1341474839712369e-02  2.3087898426236428e-01
1.5312943250188329e+00  -1.9146437828164772e-01  -5.1783788597694891e-01
-1.1447099973845452e+00  1.9591412807724146e-01  -9.2733957634325570e-01
-3.0470929036044608e-01  -1.0041434564498084e+00  -1.1211517419607313e+00
-1.4063616580330027e+00  6.6920188505827649e-02  -7.2502549008265471e-01
4.4472502449753865e-01  1.3064572488529296e+00  -7.7694829797374720e-01
4.9555577893643371e-01  5.7823948821216287e-01  -1.2620700179235353e+00
2.1983868613145333e-01  5.1754895722111349e-01  -1.4724909682823395e+00
5.6316435308056745e-01  3.8555082579560152e-01  -1.3457951758116689e+00
7.5357243121109874e-01  -1.3446310241378587e+00  9.7945460950764035e-02
1.7641670608113821e-01  1.1090133121990933e+00  1.1441885217707615e+00
-1.4793485538809961e+00  -2.0483148909163890e-02  4.6467296741536512e-01
-3.4048776819071208e-01  9.1731298796086558e-01  -1.1505813156705720e+00
-1.3983106850427198e+00  7.7084244942215052e-01  1.0981230857616580e-02
-6.7715376191838916e-01  -1.4097052420884648e+00  -1.0576309082437432e-01
-9.8089498994341651e-01  -1.2062482760766580e+00  -5.3898525082209070e-01
2.9417211268353377e-01  -1.0558260092618639e+00  9.9901024721614229e-01
1.1306955501586500e+00  6.9308873719771635e-01  -8.5857769557146302e-01
-1.3896091188242093e-01  1.5793108616563352e+00  -3.1406813929604960e-01
-9.1445772527192792e-01  4.8366686569521389e-01  1.2093136398037319e+00
-1.5718801303774008e+00  -3.6532790260024361e-01  -2.6355056847223784e-01
1.4249048644957096e+00  -3.4732422911649874e-01  -6.1558897657429590e-01
-7.5282977697339282e-01  -1.0338955439657083e+00  8.3782837126645127e-01
2.4712056695083245e-01  6.6414064348697099e-01  1.4554742869025072e+00
1.1214897270247082e+00  1.0702544097231699e+00  -6.1818474000180895e-02
6.9070994671082886e-01  -6.9093305324182841e-01  1.3298604286442735e+00
2.2422088851538788e-01  8.5710992553951737e-01  1.2746251274958449e+00
1.3102528945604821e+00  2.5165022447862639e-01  7.7165810541866420e-01
-1.1571620532449838e+00  -8.1663413240404314e-01  -6.8897045573025673e-01
8.2085803407996732e-03  -1.0890741256093388e+00  -1.0165203654975894e+00
-6.7927882350418789e-01  1.3325099481604352e+00  -5.9331633089500169e-01
3.3776763464640941e-01  1.4262890299240285e+00  5.0229551990109578e-01
1.1625970216677326e+00  5.5067124192023409e-01  -9.0439466622030273e-01
9.2245204511484924e-01  8.6362770410129619e-01  6.9388511555876198e-01
-8.3573563971193099e-01  -6.9460247521362128e-01  1.0972153640364082e+00
5.6233857222925576e-01  -1.4367988978645758e+00  -8.8330024959957593e-02
-8.8192455277813353e-01  6.3561124109476164e-01  -8.6929095566154535e-01
-6.5926014105561359e-01  8.7137757332819765e-01  1.0859899312072112e+00
1.1540087222615016e+00  9.9135296948948659e-01  -4.8994078624247595e-01
-7.4201920404691446e-01  -3.6076795924861732e-01  -1.3338058845777072e+00
1.0822884975220615e+00  -1.0760182559445326e+00  -5.0566746388303940e-01
-1.3886933357610576e+00  -4.3904653962531154e-01  5.5745398036750127e-01
-9.7696923052232520e-01  -1.4434687716114558e-01  -1.2382290281639148e+00
1.9121424801645723e-01  -1.0358768120857762e+00  -1.0552445020633605e+00
-9.5645072989244004e-02  9.1090122764449533e-01  -1.1988829142315807e+00
1.2988762693745770e-01  -5.6843717761248203e-01  -1.2855876438111198e+00
1.4555541796403140e+00  -5.2080628305600596e-01  -4.9402218219489424e-01
1.0665427683873083e+00  -6.8985597071124860e-01  9.3556633981057036e-01
-3.9631043695737717e-01  -4.4517199718307310e-01  -1.4797059310452356e+00
7.8005484143418388e-02  -1.5646188934623553e+00  -3.7693336152757911e-01
-3.4173153568269982e-01  3.0488090066814344e-01  1.4961746439404726e+00
1.0237196664532269e+00  -9.3936551736798990e-01  8.0373321164396205e-01
-5.2111020605077141e-01  -1.4706220745069130e+00  1.5986914930298060e-01
1.3187563117313890e+00  -8.3726056080793487e-01  -5.1962144980542335e-01
-1.3118532891840857e+00  8.7291898733888051e-01  -4.8456486986183184e-01
-1.1683916438438034e-01  1.8154217126078925e-01  1.4683788996691998e+00
1.0070930485459535e+00  -1.0013185464431937e+00  6.7313803121978244e-01
-2.9289944561817383e-01  7.0458959877596861e-01  1.4390033869379824e+00
-3.5105766313471348e-01  -1.5364752585362513e+00  -8.5243875320675691e-02
-1.2298123780612011e+00  -8.2224317857508733e-01  -5.6581959973318319e-01
2.7625226923764584e-01  1.6402724864509810e-01  1.4499863269505506e+00
1.1732180190350971e-01  -1.2993137197521134e+00  -8.4689672746590472e-01
2.1468284762797832e-01  1.2251253635266546e+00  9.3787342124989348e-01
1.5347439168463608e+00  5.9538085249512207e-01  -1.9136799962647577e-01
-2.3941289430963428e-01  1.1921926501672964e+00  9.6304992761538344e-01
-8.3173762256132822e-01  9.4182967645434956e-01  9.8402181524592391e-01
1.5237508502870134e+00  4.4056681032838035e-01  -4.4488221482877793e-01
3.2379790516001777e-01  -9.9897744837089075e-01  -1.0502870111331239e+00
-1.1660443337846504e-01  -6.1851165497816563e-01  -1.4004894792991196e+00
-3.2729771548273209e-02  -1.5015626348586311e+00  -6.2433964096777450e-01
-6.1842385420675527e-01  -6.0739412478383026e-01  1.3509283314633875e+00
-1.0906153028413033e+00  1.1220469753922977e+00  -4.3854652322764165e-01
1.3810437196012171e+00  7.4971734202615026e-01  -4.4252087525687583e-01
8.4223080000459760e-01  -5.1166154281835199e-02  1.2754156645633548e+00
5.1142586220144370e-01  8.5188595937135447e-01  1.2235600574457570e+00
1.5746320281430330e+00  -8.2886304395377239e-02  -8.3878385820477283e-02
1.5109589678956632e+00  -2.0291830674598899e-01  2.3210763000387630e-01
1.1732784784612498e+00  -1.0844511084660899e+00  -2.6147502161516933e-01
-4.6785561824207145e-01  1.5090309408994436e+00  -3.1229512059426479e-01
1.5637595173773748e+00  -3.0197492675557425e-01  9.9706213506818558e-03
1.3850343759571120e+00  -8.2384049554683969e-01  -2.6566635493460289e-01
1.3377293568601130e+00  8.7216791391921156e-01  -1.8732238850875321e-01
-4.7023285879265903e-01  6.3747154719311916e-01  -1.2891268689465134e+00
-9.3507819360574662e-01  3.5309449982968671e-01  1.2284569209207232e+00
-5.4058696689742058e-01  -6.1537420624689065e-01  -1.2805211712737277e+00
-1.5876511709719920e+00  1.2772919725244272e-01  -3.5903830149943528e-02
1.3374839524456336e-01  -1.5783744109518167e+00  -2.5445798739306486e-01
8.5047590415023278e-01  -4.8040180019701406e-01  1.2833244806447182e+00
-6.5966083122452590e-01  2.7413164221523284e-01  1.4010601614429874e+00
-8.6616354082265212e-01  -8.1097586111622899e-01  -1.0802384321265752e+00
-4.8136717882757402e-01  -1.2145489185679763e+00  8.5338057295059944e-01
1.1817787287032626e+00  -1.8718599822085139e-01  1.1507506603800310e+00
-3.1198198997326310e-01  -1.5008325516893093e+00  -5.0274688986393157e-01
-4.2394805035425798e-01  1.5603898003461028e+00  -1.9043437233825578e-01
-9.9022506952845302e-01  8.5913759771518189e-02  1.2264102740546252e+00
-1.3483837110455001e+00  -6.2106293448733085e-01  4.7801454365936175e-01
5.5187751687390307e-01  -1.7472524631148076e-01  -1.5205874054596724e+00
-8.8154877925844499e-01  -1.2500824614204205e+00  2.4201004386821362e-01
-1.2750763731880277e+00  -5.5644034839405776e-01  -6.4914948070510814e-01
-2.6789283129712438e-01  -1.5395165718012471e+00  2.0511894444114090e-01
-1.1988717107159461e+00  -3.1683811067478840e-01  -9.3006193882600896e-01
-3.6040357735508838e-01  1.4383322266099232e+00  -5.8786082384094640e-01
9.4768076717248340e-01  6.6127766731389603e-01  1.0844078399886905e+00
2.0856323268107029e-02  -1.5229491047017756e+00  -4.9990637770092827e-01
-1.2630268585704851e+00  8.9817097196091467e-01  2.8420839918067703e-01
-3.2182686228972684e-01  4.5003228013585467e-01  1.5241530085543797e+00
5.2591364736891666e-01  2.1853080511103026e-01  -1.5013668936313844e+00
1.6177710282369817e-01  3.3931745124888862e-01  -1.5777240022280699e+00
3.3561295576434746e-01  4.3232937028692194e-02  -1.6371429708817105e+00
-8.9770262790295027e-02  1.5677990965086586e+00  -1.8604779844777153e-01
-7.2635215501460915e-01  1.4132502181000659e+00  -1.8601794624293250e-01
1.0927130842742510e+00  -9.9280901317716164e-01  -6.1591168561342313e-01
-8.1278516463442907e-01  1.3168482537776309e+00  -4.3554046430164356e-01
9.1875381699644065e-01  -1.3038076631893141e+00  -2.5926634365830764e-01
3.0162845651222764e-01  1.4450766178071535e+00  -5.8689630686127436e-01
-1.4870781308469450e+00  -5.0395866426262470e-01  -8.8673838807295985e-02
-1.0246914081244693e+00  1.2558141836173959e+00  -1.8799771496659984e-01
1.2991597043051459e+00  -9.3176176006803335e-01  7.6782158201308418e-02
-5.1058810264971866e-01  1.4581747898824751e+00  -4.3632509360471644e-01
5.7309047755213727e-01  1.5103133530912052e+00  -1.9171949948775038e-01
-1.4249514303444613e+00  6.6413205338324754e-01  -2.6135488033276866e-01
-3.5582755596595440e-03  1.3639185684049211e+00  7.2094745766683954e-01
1.5102890463746466e-01  1.5360574336327208e+00  -4.3771530894777755e-01
-1.2649100338156942e+00  8.4511321191879363e-01  3.9703409560607245e-01
6.6694169962898592e-02  1.3244629778776373e+00  -8.3623785913244608e-01
-1.0560360502332971e+00  1.0933236293136419e+00  3.9471798311821904e-01
-8.5977408095707364e-02  -1.4313346651033991e+00  -7.3790001265932370e-01
-1.4423507910779165e+00  5.5349191735611747e-01  -7.8130057086066060e-02
-1.3809349736183472e+00  6.5101439717635534e-01  2.3578510988764734e-01
2.4176274350045293e-01  1.5549843573009658e+00  -1.8690786575987520e-01
5.5179855004253242e-01  6.2696056610540840e-01  1.3883406532814253e+00
-2.9837400577748280e-02  1.4954560801537125e+00  -5.9547886756214241e-01
-1.3631405167097250e+00  -2.3776125592512143e-01  -7.1393297934691180e-01
-8.0318496950559071e-01  1.3098414605294861e+00  3.9737433666714395e-01
-6.9132463236285147e-01  -1.3433880505030689e+00  4.1860238844135222e-01
-1.0869010493538138e+00  2.5635755492224477e-01  1.1247396190412251e+00
3.2061448989446678e-01  -2.8116242711126619e-02  1.5119543073081614e+00
-1.8554573160242299e-01  1.5444822995033256e+00  -4.4040656840830167e-01
1.3866727523511806e+00  5.9953974390339593e-01  2.2030098455862082e-01
-1.4422022807099859e+00  -6.5911050427023177e-01  -1.7800911223000115e-01
1.0100431113415709e+00  -7.8062870768625259e-01  -7.9055375042778087e-01
5.7200330066747307e-01  -1.2966033564751719e-01  1.4446982031407500e+00
-9.1920186337462317e-01  -6.3806433697645215e-01  -1.1201671636111277e+00
-7.9959387496748602e-01  6.8367935877744113e-01  1.1919584125822738e+00
-2.6554586221657456e-01  -1.2735990403224922e+00  -9.5453803192824482e-01
-4.4286796708372250e-01  1.4223480165278548e+00  4.6338477524082317e-01
-1.6007710148963114e-01  -4.5250428644727364e-01  -1.5655780133541937e+00
-7.0015391855519915e-01  4.9939136270302227e-02  1.3932268972669244e+00
-3.4136326997583649e-01  -1.3327958933677229e+00  -8.4751638812913754e-01
-5.2533467429307124e-01  1.2983478764116940e+00  -7.3925726058576291e-01
-8.7778834118029858e-01  1.1582518235099417e+00  6.3505355229479588e-01
-7.7936168151594698e-01  1.3826238660629380e+00  -3.1311955499054511e-01
-9.2000806094508236e-01  1.2566304352056969e+00  6.5655274097123850e-02
-1.4610694118777541e+00  -4.9358162678605561e-01  2.3920048429655388e-01
-1.1164065565578816e+00  9.3044920091996786e-01  6.3732523818525433e-01
1.3706136465060927e+00  8.2032901731108920e-01  -3.1477604358172451e-01
2.4169616485591847e-01  7.4313150468135625e-01  1.3582862982038439e+00
9.1822749626590616e-01  2.2888637566213649e-01  -1.2787263051464393e+00
6.7909632007379062e-01  -1.2760341231803130e+00  4.7774184545407034e-01
4.9606674046421037e-02  1.4277712970899026e+00  6.1953261819936678e-01
1.5608116504501979e+00  1.6094126158339078e-01  9.2152087520958936e-02
-1.2852558849275493e+00  6.4632692078447063e-01  6.3310298349906446e-01
1.1864947103542749e+00  -1.0149192081851246e+00  3.2736638255682038e-01
-2.7075826672383524e-01  1.3965464181935667e+00  6.1775636709230519e-01
-5.9104226657665154e-02  7.0050967023223221e-01  -1.3876387706073614e+00
1.3448475976548011e+00  7.8063109862407987e-01  6.4179341385792399e-02
-5.7865155088407150e-01  1.2920743035800530e+00  6.1614839406060695e-01
-3.6544243133956689e-01  1.2376815342683583e+00  8.2578564002741395e-01
-1.4870655812702942e+00  -3.4175936747011326e-01  4.0648236452479131e-01
-1.0338934740206378e+00  6.8093502380771720e-01  9.9147975205095062e-01
-1.1740545271005682e+00  2.5383536554392327e-01  -7.9693387252275572e-01
7.2586821567709658e-01  3.6623894971521753e-01  1.3323305677513033e+00
1.5156409813227483e+00  -4.9663666901797110e-01  9.7613700929426103e-02
1.3850069877370523e+00  -5.6595509694431534e-01  3.9394787394726627e-01
-7.2880850695068750e-02  -1.5698839102722102e+00  1.8588989409329304e-01
1.2222455645706673e-01  1.3906179538805219e+00  -7.3922765663169210e-01
1.5550013822077444e-01  1.5553493558760745e+00  2.2669418083253010e-01
8.0167723471710595e-01  -1.2630437306976374e+00  -4.9388727920258330e-01
-5.5683741039897469e-02  1.2938518567268924e+00  8.2775031879038752e-01
5.5433897135060961e-01  4.7524776418772191e-01  1.4392115215233590e+00
-6.4508847854808193e-01  1.4376496142646442e+00  6.5062393538857094e-02
6.3183647360667361e-01  -2.0105075922464852e-01  1.3525631734338126e+00
3.3381256816552171e-02  9.1773189450192127e-01  -1.1678314934368261e+00
-1.9882943617100521e-01  1.3454408513348468e+00  -7.1922021465539565e-01
-1.4340547547840139e+00  2.0418743293389892e-02  6.3769003012004788e-01
3.1705610705812332e-01  1.5196345079652147e+00  6.1551412398490116e-02
-3.5905874451059372e-01  2.3808684192248311e-02  -1.6179848256707798e+00
-3.6729790711624377e-01  -1.4514786385186604e+00  -6.2344025464970243e-01
8.2389867604720046e-01  -1.1905009584259250e+00  -6.0419604257915482e-01
1.5277564866246514e+00  5.1729768040068980e-01  -3.1640733696606377e-01
5.6932126370652181e-01  1.9484416599710324e-02  1.4366434019913765e+00
-3.0417693998838680e-01  1.2029806157891150e+00  -9.3052333031978307e-01
1.6016088375147947e-01  1.1704581585763996e+00  1.0517045231409532e+00
-1.2926032168040187e+00  -4.2106952849022272e-02  -8.5640283015322660e-01
1.2270128457309712e+00  -2.2578149323392244e-01  -8.5036032994822941e-01
1.0125634677516632e-01  1.3642668916840123e-01  -1.6592541418600142e+00
3.6969704084685667e-01  -8.1043113530855804e-01  -1.0940303378664062e+00
-4.6488012603531714e-01  -1.1402692965404173e+00  -1.0813411505658117e+00
-1.5999212032950394e+00  2.1459093936465035e-01  -1.2400521319860240e-01
-6.1268490005611465e-01  -1.0213948426922395e+00  9.7830543295954353e-01
-6.1181182615202745e-01  -1.2114564749432506e+00  6.9752334190137377e-01
4.7044286115039435e-01  1.4573178611488498e+00  2.2035776222254866e-01
-1.1110336400867800e+00  -5.4105158056922409e-01  -8.7319805047001575e-01
-6.7580951326324001e-01  -9.9431777221248785e-01  -1.0279368622933314e+00
6.6949555049143594e-01  -1.0720144631637845e+00  -8.2666998458068053e-01
6.2758541111650779e-01  1.4262547997719428e+00  6.1842019886323943e-02
-1.8112593606810227e-02  2.8798372510637227e-01  1.4658518977217492e+00
9.0378182900886883e-01  -9.0965320437570740e-01  8.7964850747090595e-01
6.9107206617463515e-02  -5.9193262900765431e-02  1.4440678791129775e+00
-1.1276527293482757e+00  4.6822834192043161e-01  9.9137147105597978e-01
-1.0533921459215598e+00  1.1853296084125264e+00  -3.1080845954456743e-01
-7.9111586515615706e-01  -1.1908833680983995e+00  5.4615365797219462e-01
3.0314899840981119e-01  1.4596755124717813e+00  3.8172077250967240e-01
-9.9695389732477058e-01  1.1052607144327034e+00  -5.3273667104641120e-01
-1.9212985358619217e-01  -7.6266932661639475e-01  1.3961802662123712e+00
7.6287393011480209e-01  1.3173613246706519e+00  2.2128991596441383e-01
4.1258409052542366e-01  1.4706493332042045e+00  -5.6073392344142381e-01
4.7997977222264182e-01  9.4797664370352208e-01  1.1064180210939027e+00
-1.1110422926485655e+00  -4.0282307794416955e-01  1.0118720556277925e+00
-6.4016491664110153e-01  -7.7706049094374152e-01  1.1628391136580551e+00
-1.3624364083050502e+00  -3.6405956617650032e-01  -6.7971233317104285e-01
-7.6289635036705916e-01  -2.3354606695766147e-01  1.3541385187765569e+00
-1.0871274779618943e-01  1.2249529994799728e+00  9.2622339262820597e-01
-6.6960104181517810e-01  1.1210281832802369e+00  8.3764042669982297e-01
-1.2900953327112226e-02  1.5071697643837698e+00  4.0430942012192733e-01
-5.4237709628254516e-01  1.3696148935138299e+00  5.0318174691044026e-01
-5.9682636493074959e-01  -1.2373613295127690e+00  -8.4452908946403515e-01
1.2628524485766570e+00  -1.3758972385726939e-01  9.6908820171219101e-01
-1.4343203501033761e+00  -4.9753829898336899e-01  -4.0109786901796146e-01
-1.2513994289991874e+00  1.0321492372287107e+00  -1.2145065730130482e-01
1.4451220914200338e+00  -6.7476886736294928e-01  1.6405355747932773e-01
3.4324492507065485e-01  -1.2837869758982146e+00  6.3230359420675275e-01
6.1634189743197909e-01  1.3704430367666420e+00  3.8479737026805799e-01
1.5595049402555987e+00  -2.0678248521192048e-02  -3.9739523048006092e-01
8.7557990080578962e-01  8.7656855208010298e-01  -9.2900752299400302e-01
8.7551024278224421e-01  1.1823723169480733e+00  3.7676481878168916e-01
4.5664388031435754e-01  1.0410584183784581e+00  1.0106155689466647e+00
-1.0186240688580004e+00  8.2693352702124989e-01  -6.9258026618098290e-01
1.0671558267398173e+00  -8.8380927721937841e-01  -7.1951331193193702e-01
1.2498129577922070e+00  -3.6198378800996195e-01  9.5998064912481385e-01
-2.4356272227691400e-01  -1.4672844524702213e+00  4.4128562191011839e-01
1.2994400148139880e+00  7.0837141556636407e-01  3.8121659524268309e-01
8.9040560501766219e-01  1.2370665609133928e+00  6.0645895155673993e-02
6.5480212554410422e-01  -8.7731159599330880e-02  -1.4854181934537605e+00
-1.8857364481335395e-01  -1.3087433968042781e+00  7.9717427795814799e-01
1.1246546143271574e+00  1.1129962137160809e+00  -2.4044707520002720e-01
1.0026304461880451e+00  1.1035084166942641e+00  2.1672916738805370e-01
-1.2376828649227629e+00  -4.9329534654053364e-01  7.4843324478299289e-01
1.2364272596328594e+00  8.8412291160171652e-01  2.2170531397625728e-01
8.0573791404877659e-01  1.3883509666704033e+00  -3.2238194755202382e-01
-4.1820535720106367e-01  -7.2255002373510374e-02  1.4071944003214227e+00
1.5873787988162016e+00  3.7774807573466995e-01  -3.8365156245047327e-02
8.0265110605880985e-01  -1.0653403449424348e+00  -6.9079936108531814e-01
-1.0430086868224224e+00  -1.9124238135040353e-01  -1.1687007338467441e+00
-2.4917996372451963e-02  -1.4366796909465529e+00  5.6794488525723030e-01
1.7400920190497768e-01  -1.4907883907987698e+00  3.2416585932134045e-01
1.1210345485685873e+00  1.0177960945287672e+00  6.0978770700823651e-02
-1.1907162939723959e+00  1.0889642987656230e+00  1.2299571468243545e-01
6.8211990255140587e-01  1.1152973104278232e+00  -8.7283713999605006e-01
-1.7771044804294345e-01  -7.1790565664279979e-02  1.3894951779093281e+00
-5.7841979975527391e-01  -1.4371530472127310e+00  -9.4820882683690724e-02
8.5801918983972536e-01  7.9505223032001371e-01  -1.0031493257581572e+00
4.1793359255344120e-01  2.4614215497473049e-01  1.4733377715035214e+00
-3.6794894301524245e-01  -1.2734921249466862e+00  8.1824955578242942e-01
2.7411107138661639e-01  -6.8563073826165066e-01  1.4684748534692351e+00
6.2076624612508802e-01  8.5975434831401709e-01  1.1043330059264345e+00
1.2414159920894148e+00  -9.7490380287096834e-01  2.0187899407721682e-01
1.0842817568883500e+00  9.4491705769954004e-01  3.6869846619475050e-01
8.2322544195617375e-01  1.0927829050612692e+00  -8.2014558506658697e-01
9.3865032415424454e-01  -1.0813053843077955e+00  6.4164167672865369e-01
-3.2146165923178527e-01  1.3220693891189705e+00  7.2223244765407346e-01
1.5539402186499074e+00  -1.2009497143399229e-02  -8.3084839638951330e-02
1.5229342686404082e+00  9.2955414980872460e-03  2.3004400758243623e-01
8.9967943790659066e-01  1.1197679081242840e+00  4.9079178459782380e-01
4.5501203238898541e-01  -6.2412586199623932e-01  -1.1404555611973746e+00
1.1117401848884541e+00  8.7301550728737368e-02  1.2304518827436242e+00
9.5120920555589794e-01  3.6816682734180595e-01  1.2081311311373013e+00
-1.1802910895068939e+00  -9.7113978058743292e-02  1.0169944383901262e+00
1.5070936654728422e+00  -5.6030749209237651e-01  -1.5817003394651061e-01
1.6361144407335469e-02  1.2102266960700252e+00  -9.0847007455982542e-01
-6.5403423571327568e-01  4.6291799240384118e-01  -1.2379048975488853e+00
-8.6891225019267571e-01  -9.3029720209441641e-02  -1.3372438957028911e+00
-1.4496035008226726e+00  4.8165008728875952e-01  -7.8646558747401840e-02
-1.4492727211552099e+00  4.4830666829485588e-01  2.3292307762671124e-01
1.1049532155301554e+00  3.3962067368597487e-01  -1.0270646123939191e+00
1.1435763138078578e+00  2.8589015244324410e-02  -9.8578457131231934e-01
8.8341201820167981e-01  -1.2823247811092995e+00  2.7393851041977962e-01
-5.1530347220516426e-01  -1.3660642256222681e+00  5.7042439406302481e-01
2.8178142333540118e-01  -1.2013523599245848e+00  7.8350637090683295e-01
1.3804257060551942e-01  -1.5151278116773277e+00  1.1810646505262926e-01
-1.4321358242479383e+00  2.8187821127948187e-01  4.5651233991827261e-01
1.3413743713114645e+00  5.2795097543974689e-01  -6.8858022735426883e-01
-1.0255922976108942e+00  -5.7050574031782098e-01  -9.8148980636671346e-01
5.1644251070499014e-01  -1.0634180585965352e+00  1.1350051494695568e+00
-1.1790836316911003e-01  1.0694649772503619e+00  1.1564851827669944e+00
9.4417822413775709e-01  -1.2629129179384606e+00  -1.6292040580619702e-01
6.4243107582688597e-01  -9.9249827333229201e-01  1.1306357826272917e+00
4.1528392874064807e-01  5.7214501799099171e-01  1.4723463888945481e+00
1.2746920690371759e+00  -7.1490543389668637e-01  -6.1276758955055388e-01
-1.3433023988567405e+00  5.9403098589636449e-01  5.1138022602465572e-01
2.6704603101423058e-01  3.2369417198597533e-01  1.4774607758746421e+00
1.5573284041938573e+00  1.2771485345812456e-01  -5.0255372898713779e-01
5.9597687853031329e-02  1.5612125364312519e+00  1.8114054939174065e-01
-2.4939824012303757e-01  1.2597011530423083e+00  -8.0785263646391925e-01
1.3841097531822089e+00  2.5373716182154488e-01  6.7074422855204774e-01
9.1656703027513442e-01  -1.7323225192604502e-01  1.2484328441569974e+00
-9.3325341611331658e-03  -1.3572503629073269e+00  -8.3705817799155802e-01
-9.0478337490709482e-01  -1.0917712234817090e+00  -7.6023688398176514e-01
1.0678616746413201e+00  -4.8000234983616968e-01  1.1256902346835573e+00
-1.1796314892841850e+00  -4.7394725530431991e-01  8.5267261052750265e-01
-4.8841673544996789e-01  -2.6184627855629106e-01  -1.4753537701407531e+00
-1.6309281549244090e-01  1.7756061031275769e-01  -1.6866545178490955e+00
-9.3534151119441489e-01  8.1854219909447112e-01  -7.9460758865007963e-01
-1.2624129010614971e+00  1.4537316620796900e-01  8.7950861197529395e-01
-8.3187463819716723e-01  -1.0987401141489090e+00  -8.4878300347618718e-01
-1.4749736018492652e+00  6.8234326286466654e-02  3.9037858424985894e-01
-9.8073784086797866e-01  -6.0392364340482385e-01  1.0480101592537090e+00
1.4113042358393209e+00  -3.4107231512359977e-03  6.0858535018326887e-01
-6.8948111455978078e-01  6.8076429225336188e-01  1.2509499550423633e+00
-8.5601446074433674e-01  1.2562919835498894e+00  5.2317756221785516e-01
1.0948758012469160e+00  -1.1610808988881960e+00  3.1899907213881916e-03
-8.5313333153597004e-01  -3.9350371201610340e-01  -1.2769134774355906e+00
1.1951285622920815e+00  -8.6778557737211959e-01  -6.1673447773337919e-01
1.0397347889216146e+00  6.3126161988185059e-01  -9.9033775312721894e-01
-5.7561156760289844e-01  -1.0751503491795151e+00  -1.0683307211770989e+00
-9.5519827049780592e-01  1.1839483432437958e-02  -1.2223446491044012e+00
-4.0311390592572424e-02  1.1228071668976862e+00  -9.8557088106335278e-01
-2.2268199153580509e-01  1.4449648086900233e+00  5.1931164861449175e-01
8.2375717835065110e-01  5.3153759449910898e-01  1.2783895793090325e+00
3.1978606571061519e-01  1.2068273415061692e+00  8.9883711954143064e-01
3.6288184900809491e-02  1.3293593499974249e-01  1.4474754193001342e+00
-1.1435299428614622e-01  -1.1342036309893719e+00  -9.9558682651191055e-01
-2.3680755251463501e-01  -1.5560452535502418e+00  -3.8006572723947629e-01
5.3047017851374079e-01  7.3857191299565239e-01  1.3045083425153525e+00
6.7707490994577024e-01  1.2323679626581812e+00  6.6561105866983605e-01
9.6767210019147587e-01  -6.9878702641248869e-01  -8.8170356442845421e-01
-4.0204492957267374e-01  -1.5168271266307840e+00  -3.7861252424480840e-01
-1.5524815422000406e+00  2.8476931734039090e-01  -3.6151073975383552e-01
1.5821008717483520e+00  2.8986595772121615e-01  -1.2595452256273712e-01
-1.2073672381785576e+00  8.9858840433241782e-01  5.1951587019749934e-01
-1.3445318828940913e+00  4.0367383808188206e-01  7.5502759119117258e-01
8.7993097648238061e-01  6.6058935071519631e-01  1.1553985113804004e+00
-7.8518798858691330e-01  1.1615088465422039e+00  7.4483565524515727e-01
1.1122381751769013e+00  -1.0605102866665508e+00  4.5354344405726116e-01
9.3180304092467880e-01  6.6355211688535098e-01  -1.0238853036494251e+00
1.4841214084700338e+00  -4.0366500060613231e-01  3.2267133189634717e-01
7.0714663999792093e-01  -8.9758856507299256e-01  1.1134700052321798e+00
4.1927413254673773e-01  1.3905455276869378e+00  5.2491931663243963e-01
-5.1701021026990690e-01  5.5469581602330242e-01  -1.3033407653889628e+00
-3.7227025200863179e-01  -1.5275726739353692e+00  2.3450968281934795e-01
1.0639206233758909e-01  -1.3178914239344324e+00  7.3476854543908243e-01
-4.0365383017057027e-01  3.1060659003707203e-01  -1.5321964296657065e+00
-1.2484636843024040e+00  -8.2542129821252697e-02  -9.3783085818754353e-01
1.0097166934333905e+00  7.4527548015666523e-02  -1.2165904432197012e+00
1.0592128954717948e+00  3.5497474049642141e-01  -1.1021774053363720e+00
-1.0310176138556870e+00  5.2426348622329522e-01  -7.4734363557118699e-01
-4.8653396064337710e-02  8.4364938717045024e-01  1.2864097102951706e+00
-1.2674684363602515e-02  -1.5785135336000835e+00  -1.0848889321646195e-01
6.3963676724626006e-01  1.0600695374080462e+00  -9.9547475760441650e-01
8.9548687135527805e-01  9.7740784774276923e-01  -8.5926386463453674e-01
-4.2450930849944640e-01  6.7325472178007595e-01  1.4026585242890337e+00
-5.7161491557591293e-01  1.2124098262306726e+00  -8.4267121324892003e-01
-1.1002881713452486e+00  1.0253006614355935e+00  5.1843273814480340e-01
-5.2067337673674874e-01  -6.5815190763384690e-01  1.3455393828130922e+00
-1.2595594581659058e+00  7.9019591521439791e-01  -5.6599091722539852e-01
1.0696262054918293e+00  -1.9622561428279592e-01  1.2204864307385952e+00
4.3868073449230466e-01  1.1119473022386526e+00  9.3293502887714908e-01
5.9379999199583677e-01  -1.2235968762378269e+00  6.4645109527281619e-01
-1.1984777205105024e+00  -2.1947794655114239e-01  -9.7227590716011225e-01
-3.7722462716727767e-01  -7.4214392546041219e-01  -1.3575410967002033e+00
1.3390283660126472e+00  -6.2199508063642572e-01  -6.3426725781824034e-01
4.2569505605075725e-01  -8.4412163156384945e-01  1.3595155917501258e+00
-2.9173618103703008e-01  -1.0707342511806797e+00  1.1451120514243229e+00
-1.2406694139028529e+00  -7.7086426433017963e-01  3.9608706254295983e-01
-1.1848418474071487e+00  -6.6677981635555605e-01  6.6914806618604294e-01
6.0764382311222420e-01  -1.4347231067061159e+00  -3.7658951279743230e-01
1.2192182675844405e+00  -9.3464867167604526e-01  4.5019233985682428e-01
-6.3204226922783391e-01  1.2214326348257536e+00  7.2771321633579922e-01
-2.3537344178186148e-01  2.0397036582302600e-01  1.4586949132549638e+00
6.7877771905669915e-01  1.0265395345714601e+00  8.1390094891560316e-01
-1.1303304226427482e+00  2.2261787579337183e-01  1.0406217991902034e+00
8.7607991462221246e-01  -7.0701203322894812e-01  1.0994060010750741e+00
7.0421799072594105e-01  9.6469947909388054e-01  9.0025834599330767e-01
-7.3448811140031600e-01  -1.4100392838498397e+00  -2.1417883430018023e-01
-7.5522401048719157e-01  -1.2839068277188461e+00  -6.2021246205460456e-01
-1.0532805669550676e+00  -6.7418602725848620e-01  8.8525955300446790e-01
1.1535227184504404e-01  -9.7478533931242684e-01  1.1974287430406032e+00
-1.4794377248364801e+00  3.1995673800205404e-01  9.3004139118913615e-02
-7.7908816609171394e-01  1.9909072830777588e-01  -1.3092918088981802e+00
-1.6575739278210906e+00  -6.3556078538472935e-02  -2.2747038320119520e-01
5.3522860313099864e-02  9.0474140906830602e-01  1.2589606096774097e+00
-1.5956926443469805e+00  -9.1862538920270492e-02  1.6961626463891702e-01
7.1892914138364417e-01  -1.3739771074116032e+00  4.6784178825064731e-03
-7.8958107362285546e-01  1.1641408458074403e+00  -6.8364133676306282e-01
-9.8069848833125761e-01  -9.3016304541287553e-01  -8.9093788788479422e-01
1.5627458316973264e+00  3.4977750521897760e-01  -3.1267204211557353e-01
-1.3957182056970689e+00  -2.4188283853391779e-01  7.3416665264427683e-01
-9.7527916567745032e-01  -1.6043878949148271e-01  1.1953469904464358e+00
9.5230355059295413e-01  -3.1358907988269674e-01  1.2061130508954967e+00
1.2130376539314434e+00  -1.0534667523085586e+00  -1.7895852525197664e-01
-1.3003631609696475e-01  2.7878377939503035e-01  -1.6396402614887171e+00
-1.8057595378306571e-01  -1.6030918808271306e+00  -2.5799949503568320e-01
-1.6452456810715226e+00  3.8721979304511024e-02  -4.3485138550369624e-02
-6.6400217619373370e-01  -1.2646893941572461e+00  -7.3353416420028528e-01
1.3777086012527184e+00  4.8479840519886547e-01  5.0276114426769436e-01
1.3729961320882116e+00  6.7974060896099253e-01  -5.2914047741104187e-01
-1.5692547019390974e+00  -3.0550155818315283e-01  -3.4449434362783055e-01
5.3362965400142470e-01  -8.5335617954413334e-01  1.3170307029032322e+00
-3.9134474005215103e-01  -1.3671087072585744e+00  -7.2987794480054058e-01
1.5398557878976196e+00  3.1525431617605293e-01  2.5246278585647736e-01
-3.6336328868919088e-01  1.5165088783167613e+00  1.3489455381184012e-01
-9.3017282061575279e-01  -8.6144031318904624e-01  -9.8174192005902317e-01
-9.7779721753500171e-01  1.1389437578549546e+00  5.1732968083195663e-01
4.7466250142501354e-01  -5.8857691898022735e-01  1.4433631492990568e+00
-1.1052461504646784e+00  1.5642947565208268e-01  -1.0140231282901757e+00
-4.7118885831724155e-01  -1.5366868569038805e+00  -2.5691627948144230e-01
-2.7299035305056996e-01  -1.5607070965727294e+00  -1.2587345128159011e-02
-4.4060950504888413e-01  -1.5911749719821808e-01  1.3934116262829799e+00
-1.2903430906684943e+00  2.2582490385426421e-01  -7.4212207894676441e-01
-6.2882459511489253e-01  -1.3636119296918781e+00  -6.2438977965004683e-01
2.3101883664177983e-01  -1.0127453573775824e+00  1.1977735588667002e+00
-1.3628713887443158e+00  -7.1493112581951934e-01  3.4750961610943459e-02
-1.7232004984101401e-01  1.1173750155906710e+00  -1.0161690536261594e+00
1.4031612599814105e+00  -7.7674140514750345e-01  -1.7862035947102359e-01
6.9939080474676008e-01  8.7730149353300479e-01  1.0562620300282490e+00
1.2680488857650678e+00  -9.7037993265978917e-01  -8.9852411409367186e-03
-1.1804758971764440e+00  1.0720032160619291e+00  -3.1260218355325703e-01
5.5841910450175802e-01  -2.8428576673755512e-01  -1.4536346295170635e+00
9.8565377125782661e-01  -1.2032541089634723e+00  2.1984881008390242e-01
-6.8080680132638693e-01  -1.9423221686830439e-01  1.3915338114491096e+00
1.2166203311195223e+00  -8.0200673640244455e-02  -8.3203449975146071e-01
-1.1144018713623984e+00  -4.9576445231812594e-02  1.1226440527174550e+00
