-8.38026e-02 3.39093e-01 1.43438e+00
-8.41214e-02 3.35046e-01 1.43574e+00
-7.00315e-02 2.93407e-01 1.44435e+00
-2.69451e-02 1.74969e-01 1.46789e+00
1.59451e-02 1.71211e-01 1.45558e+00
4.68717e-02 1.96471e-01 1.43793e+00
-2.56743e-02 1.19990e-01 1.47302e+00
-2.55961e-02 1.19205e-01 1.47307e+00
1.29648e-02 1.54164e-01 1.45816e+00
8.78046e-01 9.46611e-01 7.22607e-01
7.36816e-01 1.02488e+00 7.74684e-01
4.12142e-01 9.33601e-01 9.87599e-01
2.61761e-01 7.99070e-01 1.11791e+00
9.65980e-02 2.15119e-01 1.41090e+00
1.05753e+00 8.49133e-02 9.18315e-01
1.18926e+00 1.24745e-01 8.30969e-01
8.97635e-03 6.61822e-01 1.27185e+00
-3.35937e-02 5.76735e-01 1.32190e+00
-8.33107e-02 4.68402e-01 1.38384e+00
-8.53094e-02 4.00799e-01 1.41095e+00
-8.55604e-02 3.87840e-01 1.41610e+00
8.66524e-02 7.68365e-01 1.19949e+00
3.13748e-02 7.03123e-01 1.24687e+00
9.29943e-02 7.83262e-01 1.18886e+00
3.14179e-01 9.81018e-01 9.97256e-01
2.25337e-01 9.23853e-01 1.06181e+00
-1.68426e-02 6.16957e-01 1.29852e+00
1.00243e-01 -2.82138e-01 1.43920e+00
8.59056e-02 -2.76313e-01 1.44420e+00
9.38312e-02 -3.12614e-01 1.43795e+00
9.81333e-02 -3.19108e-01 1.43594e+00
1.09902e-01 -3.30570e-01 1.43113e+00
1.31895e-01 -3.23025e-01 1.42520e+00
-2.84447e-02 2.52874e-02 1.47679e+00
1.82608e-02 -1.10665e-01 1.46385e+00
-2.77310e-02 5.52530e-02 1.47568e+00
2.92338e-01 -4.17226e-01 1.34735e+00
4.75784e-01 -4.78106e-01 1.25550e+00
8.52602e-01 -3.65754e-01 1.05242e+00
1.33464e+00 1.00333e-01 7.34257e-01
1.43969e+00 4.41327e-02 6.64204e-01
1.54919e+00 2.28156e-02 5.77570e-01
1.54912e+00 2.39593e-02 5.77219e-01
1.51157e+00 1.81692e-01 5.52012e-01
1.50825e+00 1.89871e-01 5.51888e-01
1.41891e+00 3.41743e-01 5.73474e-01
1.24001e+00 6.90062e-01 5.62049e-01
1.05454e+00 9.09466e-01 6.08277e-01
1.00747e+00 9.29506e-01 6.34616e-01
1.25101e+00 6.75477e-01 5.59952e-01
7.34827e-01 1.09740e+00 7.22780e-01
8.59747e-01 1.09074e+00 6.30592e-01
7.76768e-01 1.12269e+00 6.71539e-01
6.90256e-01 1.10442e+00 7.37767e-01
3.52579e-01 1.02586e+00 9.47279e-01
4.02776e-01 1.11214e+00 8.51641e-01
4.84100e-01 1.17356e+00 7.64438e-01
4.69066e-01 1.17597e+00 7.68653e-01
4.55975e-02 8.40697e-01 1.14443e+00
5.19431e-02 7.96939e-01 1.18047e+00
7.84968e-02 8.94534e-01 1.09708e+00
-1.28777e-01 5.15478e-01 1.34180e+00
-8.59553e-02 3.88797e-01 1.41562e+00
-9.99031e-02 3.42433e-01 1.42800e+00
-2.76514e-02 1.15378e-01 1.47280e+00
-6.55918e-02 -1.91452e-02 1.46156e+00
9.30405e-02 -3.17401e-01 1.43660e+00
1.26697e-01 -3.60431e-01 1.41836e+00
1.44785e-01 -4.09034e-01 1.39740e+00
1.55990e-01 -4.26247e-01 1.38852e+00
1.69471e-01 -4.26490e-01 1.38435e+00
2.29547e-01 -4.14494e-01 1.36992e+00
5.86413e-01 -6.05258e-01 1.15579e+00
1.03638e+00 -5.60850e-01 8.90812e-01
1.17744e+00 -4.32964e-01 8.36271e-01
1.50696e+00 -3.97158e-01 6.17489e-01
1.53954e+00 -3.68551e-01 5.95971e-01
1.55213e+00 -3.62700e-01 5.85783e-01
1.55292e+00 -3.61680e-01 5.85127e-01
1.58069e+00 -2.69363e-01 5.60482e-01
1.58519e+00 -2.43862e-01 5.56205e-01
1.59955e+00 -1.19546e-01 5.41362e-01
1.59178e+00 -7.90742e-02 5.46444e-01
1.58415e+00 -4.66704e-02 5.51629e-01
1.56944e+00 -4.30983e-03 5.62187e-01
1.56902e+00 1.70891e-03 5.60360e-01
1.55983e+00 5.55594e-02 5.51034e-01
1.55877e+00 6.98383e-02 5.46043e-01
1.05471e+00 9.70030e-01 5.54739e-01
1.07680e+00 9.54744e-01 5.39675e-01
9.50813e-01 1.08106e+00 5.53991e-01
9.54338e-01 1.07957e+00 5.52005e-01
7.58127e-01 1.22461e+00 5.62569e-01
7.53436e-01 1.23230e+00 5.56062e-01
4.45473e-01 1.32285e+00 5.88946e-01
7.49496e-01 1.24211e+00 5.45217e-01
1.31140e-02 1.30473e+00 6.38853e-01
5.06139e-02 1.22057e+00 7.40298e-01
4.08143e-01 1.35672e+00 5.49536e-01
-4.75957e-01 1.06121e+00 7.48004e-01
-4.45734e-01 1.00598e+00 8.16315e-01
-2.10951e-01 8.49266e-01 1.05611e+00
-2.86322e-02 1.32490e+00 6.04434e-01
-1.50027e-01 5.25818e-01 1.32700e+00
-7.49845e-01 5.89004e-01 9.63158e-01
-7.00321e-01 5.42526e-01 1.02364e+00
-3.45914e-01 5.04845e-01 1.23888e+00
-2.66140e-01 3.30455e-01 1.35080e+00
-7.59444e-01 2.84591e-01 1.08883e+00
-2.80927e-01 3.26088e-01 1.34409e+00
-8.89554e-01 1.86513e-01 1.02644e+00
-8.27580e-01 -1.76434e-01 1.08930e+00
-4.57900e-01 -6.93102e-02 1.28044e+00
-1.24686e-01 -5.78957e-02 1.43579e+00
-9.21253e-01 -2.91487e-01 1.02340e+00
-6.83355e-01 -6.77294e-01 1.05602e+00
-4.07187e-01 -5.78360e-01 1.20256e+00
-1.87709e-01 -3.73739e-01 1.34406e+00
7.36629e-02 -3.42642e-01 1.42522e+00
-2.23774e-01 -7.15005e-01 1.19439e+00
2.55609e-02 -5.39909e-01 1.33157e+00
6.32495e-02 -4.37756e-01 1.38341e+00
1.33197e-01 -5.68494e-01 1.31609e+00
1.71189e-01 -6.50684e-01 1.25892e+00
4.86572e-01 -6.09182e-01 1.18762e+00
5.85236e-01 -6.11674e-01 1.15304e+00
8.11992e-01 -8.98703e-01 8.50598e-01
8.97780e-01 -8.90140e-01 8.00131e-01
1.31562e+00 -6.43827e-01 6.66025e-01
1.43264e+00 -6.31748e-01 5.88104e-01
1.46679e+00 -6.00792e-01 5.74902e-01
1.50273e+00 -4.90315e-01 5.88081e-01
1.52021e+00 -4.66353e-01 5.79642e-01
1.52205e+00 -4.61975e-01 5.79417e-01
1.55666e+00 -3.58005e-01 5.81411e-01
1.57365e+00 -3.26687e-01 5.65182e-01
1.58674e+00 -2.37108e-01 5.54497e-01
1.58803e+00 -2.29049e-01 5.53105e-01
1.60061e+00 -1.23952e-01 5.40048e-01
1.57500e+00 2.32468e-02 5.38967e-01
1.57343e+00 4.14803e-02 5.32975e-01
1.48000e+00 2.85197e-01 5.05762e-01
1.24859e+00 7.78725e-01 4.49544e-01
1.19219e+00 9.11636e-01 3.95883e-01
1.21394e+00 8.82846e-01 3.91678e-01
9.16056e-01 1.22977e+00 3.58646e-01
1.15870e+00 9.70857e-01 3.54750e-01
9.18137e-01 1.23342e+00 3.48197e-01
7.53848e-01 1.25190e+00 5.24124e-01
6.96278e-01 1.40798e+00 2.69246e-01
8.99439e-01 1.29246e+00 2.47760e-01
6.96006e-01 1.41076e+00 2.63704e-01
4.06581e-01 1.36296e+00 5.38876e-01
3.56355e-01 1.52208e+00 2.43797e-01
3.95492e-01 1.38297e+00 5.04678e-01
6.57507e-01 1.45440e+00 1.97934e-01
-1.00355e-01 1.50776e+00 2.91374e-01
-9.84987e-02 1.50389e+00 2.98607e-01
3.21053e-01 1.54197e+00 2.07825e-01
2.45549e-01 1.53942e+00 2.16037e-01
-8.45205e-02 1.38325e+00 5.04769e-01
-3.87163e-01 1.45374e+00 2.56532e-01
-5.36424e-01 1.38867e+00 2.99690e-01
-1.23042e-01 1.51430e+00 2.70685e-01
-6.72730e-01 1.35387e+00 2.84751e-01
-6.54550e-01 1.16680e+00 5.33692e-01
-9.09780e-01 1.24856e+00 2.38601e-01
-1.06904e+00 1.10417e+00 3.00177e-01
-6.80912e-01 1.35457e+00 2.77716e-01
-8.59098e-01 1.27715e+00 2.40820e-01
-1.10271e+00 1.08707e+00 2.91511e-01
-1.00473e+00 6.60122e-01 7.25546e-01
-1.10035e+00 1.08947e+00 2.91090e-01
-1.41652e+00 6.23105e-01 3.89605e-01
-1.42350e+00 5.93676e-01 4.07320e-01
-1.29944e+00 5.97974e-01 5.14093e-01
-1.18352e+00 1.03251e+00 2.64023e-01
-1.19370e+00 1.02339e+00 2.62383e-01
-1.09710e+00 1.58897e-01 8.70456e-01
-1.47522e+00 5.42106e-01 3.83133e-01
-1.54550e+00 1.67312e-01 4.74743e-01
-1.54844e+00 1.35558e-01 4.85142e-01
-1.51534e+00 1.02813e-01 5.27468e-01
-1.50771e+00 9.73138e-02 5.36393e-01
-1.10518e+00 1.56296e-01 8.64452e-01
-1.45787e+00 -2.83259e-01 6.05316e-01
-1.43196e+00 -3.17341e-01 6.29197e-01
-1.33922e+00 -3.92327e-01 7.11244e-01
-1.33196e+00 -4.00179e-01 7.17088e-01
-1.09172e+00 -3.88548e-01 8.98539e-01
-1.32815e+00 -4.24997e-01 7.14091e-01
-1.20176e+00 -6.94561e-01 7.44797e-01
-1.20033e+00 -6.96548e-01 7.45392e-01
-1.19080e+00 -7.04562e-01 7.50603e-01
-1.16488e+00 -7.18722e-01 7.66561e-01
-1.10024e+00 -7.90542e-01 7.84390e-01
-1.07159e+00 -8.01129e-01 7.98065e-01
-8.04019e-01 -7.90357e-01 9.55579e-01
-9.66920e-01 -9.15368e-01 8.00916e-01
-8.73050e-01 -9.50193e-01 8.37025e-01
-8.21338e-01 -9.30988e-01 8.75962e-01
-8.19516e-01 -9.28600e-01 8.78184e-01
-3.16836e-01 -8.56306e-01 1.08873e+00
-5.82047e-01 -1.07015e+00 8.57208e-01
-4.48382e-01 -1.10241e+00 8.77905e-01
-3.65404e-01 -1.05516e+00 9.36866e-01
-3.26270e-01 -9.37904e-01 1.02977e+00
1.41680e-01 -7.80363e-01 1.16456e+00
1.48824e-01 -7.62253e-01 1.17788e+00
2.78053e-02 -1.14352e+00 8.76983e-01
6.36810e-02 -1.14806e+00 8.74288e-01
9.64410e-02 -1.18741e+00 8.31061e-01
2.57713e-01 -1.18798e+00 7.82876e-01
7.48852e-01 -1.14303e+00 6.75907e-01
7.51809e-01 -1.11319e+00 7.00461e-01
7.75693e-01 -1.17323e+00 6.30861e-01
8.77032e-01 -1.16019e+00 5.73849e-01
1.23300e+00 -1.00501e+00 4.70925e-01
1.23314e+00 -1.00499e+00 4.70831e-01
1.31568e+00 -9.37470e-01 4.57714e-01
1.31949e+00 -9.33383e-01 4.57797e-01
1.39453e+00 -8.01521e-01 4.95865e-01
1.40496e+00 -7.92063e-01 4.91831e-01
1.44430e+00 -7.18468e-01 5.06634e-01
1.47314e+00 -6.06364e-01 5.63487e-01
1.47307e+00 -6.02143e-01 5.66909e-01
1.52476e+00 -4.57107e-01 5.77870e-01
1.57396e+00 -3.26311e-01 5.64740e-01
1.57507e+00 -3.23795e-01 5.63249e-01
1.59047e+00 -2.16044e-01 5.49927e-01
1.60164e+00 -1.26812e-01 5.37971e-01
1.60469e+00 -2.51021e-03 4.57556e-01
1.60642e+00 -1.30161e-01 5.22805e-01
1.60952e+00 -1.23382e-01 5.07953e-01
1.61548e+00 -1.05683e-01 4.76782e-01
1.60303e+00 1.53608e-02 4.52085e-01
1.60887e+00 8.18655e-02 3.10591e-01
1.55437e+00 2.59166e-01 2.33141e-01
1.45284e+00 5.27292e-01 1.97789e-01
1.38564e+00 7.19414e-01 1.01628e-01
1.35071e+00 7.79691e-01 1.16392e-01
1.07799e+00 1.18661e+00 2.23140e-02
1.28144e+00 8.99026e-01 4.14298e-02
1.05904e+00 1.21532e+00 1.01972e-03
1.04000e+00 1.23611e+00 5.00399e-04
9.07300e-01 1.30253e+00 1.99720e-01
9.93533e-01 1.28590e+00 -4.26540e-02
8.36092e-01 1.41938e+00 -3.89995e-02
8.31059e-01 1.42402e+00 -4.41213e-02
6.59405e-01 1.46334e+00 1.65266e-01
8.29564e-01 1.42551e+00 -4.73648e-02
7.69507e-01 1.46720e+00 -9.69529e-02
7.69223e-01 1.46738e+00 -9.70827e-02
5.95600e-01 1.55142e+00 -7.99673e-02
3.20932e-01 1.54274e+00 2.05271e-01
5.88294e-01 1.55549e+00 -8.72364e-02
2.98300e-01 1.59990e+00 7.92967e-03
2.90789e-01 1.59777e+00 2.29020e-02
5.87417e-01 1.55599e+00 -8.83620e-02
5.49462e-01 1.57245e+00 -1.16523e-01
3.80183e-01 1.60594e+00 -8.98002e-02
3.54300e-01 1.61043e+00 -8.32871e-02
-8.96680e-03 1.57828e+00 8.65442e-02
-1.26646e-01 1.53210e+00 2.17521e-01
-1.18492e-02 1.57813e+00 8.68233e-02
-3.22851e-01 1.48444e+00 2.14611e-01
-4.16781e-01 1.45221e+00 2.39964e-01
-6.43284e-01 1.38704e+00 2.31380e-01
-6.81241e-01 1.36297e+00 2.58947e-01
-6.27559e-01 1.39426e+00 2.26032e-01
-8.46405e-01 1.28585e+00 2.36496e-01
-8.24267e-01 1.29772e+00 2.36143e-01
-1.05263e+00 1.16160e+00 2.27929e-01
-1.10244e+00 1.11644e+00 2.47190e-01
-9.85728e-01 1.21031e+00 2.20554e-01
-1.13082e+00 1.09531e+00 2.40535e-01
-1.12084e+00 1.10369e+00 2.41426e-01
-1.21211e+00 1.00913e+00 2.54468e-01
-1.31283e+00 8.86716e-01 2.54652e-01
-1.38418e+00 7.89725e-01 2.64832e-01
-1.43454e+00 7.04550e-01 2.88403e-01
-1.21086e+00 1.01043e+00 2.54678e-01
-1.45752e+00 6.67933e-01 2.90456e-01
-1.52195e+00 5.26228e-01 3.32622e-01
-1.53779e+00 5.09604e-01 3.20872e-01
-1.61374e+00 3.94474e-01 2.81424e-01
-1.62897e+00 3.63301e-01 2.77376e-01
-1.64336e+00 3.35138e-01 2.71153e-01
-1.67256e+00 1.52786e-01 3.14731e-01
-1.67326e+00 1.45877e-01 3.16917e-01
-1.65971e+00 1.27953e-01 3.42716e-01
-1.64535e+00 1.13278e-01 3.68128e-01
-1.62473e+00 -8.38079e-02 4.04855e-01
-1.59663e+00 -1.14095e-01 4.40942e-01
-1.48187e+00 -2.65454e-01 5.77240e-01
-1.36144e+00 -5.03584e-01 6.53753e-01
-1.34647e+00 -5.15293e-01 6.67109e-01
-1.12044e+00 -8.04011e-01 7.57213e-01
-1.10245e+00 -8.14349e-01 7.67979e-01
-1.02346e+00 -9.00565e-01 7.70130e-01
-9.87363e-01 -9.15874e-01 7.86133e-01
-9.22240e-01 -9.71092e-01 7.84621e-01
-8.75565e-01 -9.90308e-01 8.00948e-01
-7.97726e-01 -1.06537e+00 7.68856e-01
-7.17749e-01 -1.08768e+00 7.83702e-01
-5.68537e-01 -1.15991e+00 7.68993e-01
-4.60088e-01 -1.18921e+00 7.82520e-01
-4.07061e-01 -1.23747e+00 7.34950e-01
-3.30401e-01 -1.24800e+00 7.30556e-01
-1.20389e-01 -1.28954e+00 6.97403e-01
5.24189e-02 -1.31286e+00 6.82711e-01
6.21216e-02 -1.30823e+00 6.88757e-01
2.39646e-01 -1.30735e+00 6.37606e-01
4.50730e-01 -1.29363e+00 5.92790e-01
5.28748e-01 -1.29300e+00 5.67990e-01
7.28865e-01 -1.23216e+00 5.75450e-01
7.58700e-01 -1.21562e+00 5.85532e-01
8.36008e-01 -1.20347e+00 5.45041e-01
9.19897e-01 -1.17469e+00 5.22399e-01
9.33534e-01 -1.17235e+00 5.14224e-01
1.08400e+00 -1.10180e+00 4.76535e-01
1.14449e+00 -1.06892e+00 4.66710e-01
1.18183e+00 -1.04634e+00 4.63335e-01
1.22432e+00 -1.01720e+00 4.63541e-01
1.23156e+00 -1.00896e+00 4.67424e-01
1.27384e+00 -9.80006e-01 4.53017e-01
1.27736e+00 -9.77361e-01 4.52135e-01
1.28544e+00 -9.70368e-01 4.51378e-01
1.30426e+00 -9.51480e-01 4.53157e-01
1.33641e+00 -9.18050e-01 4.51258e-01
1.33651e+00 -9.17928e-01 4.51243e-01
1.39464e+00 -8.22380e-01 4.73798e-01
1.39823e+00 -8.15251e-01 4.76481e-01
1.44110e+00 -7.38707e-01 4.88183e-01
1.52298e+00 -4.71475e-01 5.70228e-01
1.53067e+00 -4.54552e-01 5.65192e-01
1.57790e+00 -3.18672e-01 5.56907e-01
1.59117e+00 -2.25363e-01 5.45556e-01
1.61996e+00 5.56764e-02 2.31223e-01
1.61851e+00 -1.09018e-01 4.50397e-01
1.63028e+00 -1.33192e-01 3.38077e-01
1.63259e+00 -9.25514e-02 2.60426e-01
1.63272e+00 -8.87757e-02 2.54289e-01
1.62040e+00 5.47311e-02 2.27011e-01
1.52387e+00 3.71279e-01 6.56082e-02
1.60912e+00 9.87381e-02 1.40683e-01
1.56351e+00 2.46321e-01 8.36114e-02
1.46131e+00 5.47628e-01 -1.14978e-02
1.40311e+00 6.89114e-01 2.89442e-02
1.34939e+00 7.81674e-01 -2.09082e-02
1.25722e+00 9.40641e-01 -3.55100e-02
1.08239e+00 1.18850e+00 -5.92471e-02
1.21464e+00 1.00442e+00 -7.58303e-02
9.84461e-01 1.29527e+00 -6.67639e-02
1.07611e+00 1.19525e+00 -6.42674e-02
9.67018e-01 1.31111e+00 -8.15253e-02
8.57057e-01 1.40563e+00 -9.74743e-02
8.51540e-01 1.40946e+00 -1.01304e-01
8.52162e-01 1.40903e+00 -1.01053e-01
7.65373e-01 1.46948e+00 -1.00233e-01
6.88163e-01 1.50909e+00 -1.26410e-01
6.21800e-01 1.54242e+00 -1.38086e-01
6.14120e-01 1.54570e+00 -1.40813e-01
6.04377e-01 1.54979e+00 -1.40712e-01
5.48401e-01 1.57322e+00 -1.34434e-01
5.44684e-01 1.57476e+00 -1.33101e-01
4.38021e-01 1.59953e+00 -1.62987e-01
5.28082e-01 1.57895e+00 -1.42006e-01
5.17649e-01 1.58140e+00 -1.45331e-01
4.84039e-01 1.58915e+00 -1.53973e-01
3.43661e-01 1.61609e+00 -1.42753e-01
4.09042e-01 1.60541e+00 -1.69710e-01
3.70812e-01 1.61224e+00 -1.63524e-01
3.54675e-01 1.61505e+00 -1.59694e-01
2.93853e-01 1.61415e+00 -1.36048e-01
1.52586e-01 1.60763e+00 -1.06606e-01
1.38100e-01 1.60528e+00 -8.68195e-02
-1.21499e-02 1.57865e+00 8.24962e-02
-6.78442e-02 1.56480e+00 8.40381e-02
-3.93792e-01 1.47348e+00 1.67767e-01
-5.50721e-01 1.42869e+00 1.65494e-01
-7.71311e-01 1.32690e+00 2.19568e-01
-9.76255e-01 1.21733e+00 2.15617e-01
-1.07338e+00 1.14672e+00 2.23076e-01
-1.13909e+00 1.08866e+00 2.37644e-01
-1.26721e+00 9.53254e-01 2.31797e-01
-1.54225e+00 5.38311e-01 2.77008e-01
-1.58651e+00 4.64891e-01 2.61423e-01
-1.55237e+00 5.24117e-01 2.70412e-01
-1.69894e+00 2.28739e-01 2.21032e-01
-1.66342e+00 3.02770e-01 2.49745e-01
-1.71498e+00 1.97111e-01 2.04766e-01
-1.72486e+00 1.26930e-01 2.21267e-01
-1.72676e+00 1.22322e-01 2.17865e-01
-1.72887e+00 1.16415e-01 2.14095e-01
-1.72848e+00 1.08603e-01 2.15069e-01
-1.72204e+00 3.36275e-02 2.29321e-01
-1.69847e+00 -3.64965e-03 2.74394e-01
-1.68932e+00 -2.01358e-02 2.90596e-01
-1.63406e+00 -8.50278e-02 3.88367e-01
-1.57250e+00 -2.79125e-01 4.16332e-01
-1.49651e+00 -3.65804e-01 5.12000e-01
-1.44943e+00 -4.36343e-01 5.51669e-01
-1.37438e+00 -5.03181e-01 6.34629e-01
-1.22771e+00 -7.56140e-01 6.57864e-01
-1.21761e+00 -7.64730e-01 6.66344e-01
-1.20308e+00 -7.68792e-01 6.84999e-01
-1.15408e+00 -8.01516e-01 7.18471e-01
-1.02282e+00 -9.44771e-01 7.22046e-01
-1.02017e+00 -9.49564e-01 7.19186e-01
-9.78433e-01 -9.69581e-01 7.35137e-01
-7.98316e-01 -1.09635e+00 7.25583e-01
-7.86038e-01 -1.11274e+00 7.09907e-01
-7.56441e-01 -1.13659e+00 6.93782e-01
-6.58982e-01 -1.16683e+00 7.07644e-01
-4.42148e-01 -1.25759e+00 6.83327e-01
-4.11943e-01 -1.26644e+00 6.85979e-01
-3.77429e-01 -1.29012e+00 6.52547e-01
-2.25700e-01 -1.31256e+00 6.41172e-01
-9.41442e-02 -1.33608e+00 6.19885e-01
-5.61634e-03 -1.34862e+00 6.11305e-01
4.36817e-02 -1.33462e+00 6.43280e-01
1.12027e-01 -1.33383e+00 6.24455e-01
2.79665e-01 -1.32609e+00 5.89516e-01
4.18801e-01 -1.32351e+00 5.47960e-01
5.14171e-01 -1.29869e+00 5.62278e-01
7.58969e-01 -1.22680e+00 5.61055e-01
8.39132e-01 -1.20434e+00 5.40463e-01
9.23225e-01 -1.17791e+00 5.13100e-01
8.87410e-01 -1.19462e+00 5.14232e-01
1.22264e+00 -1.01905e+00 4.61890e-01
1.22476e+00 -1.01726e+00 4.62694e-01
1.19451e+00 -1.03935e+00 4.59369e-01
1.32078e+00 -9.36510e-01 4.46773e-01
1.34468e+00 -9.08997e-01 4.46127e-01
1.38577e+00 -8.44609e-01 4.56256e-01
1.44690e+00 -7.39589e-01 4.63147e-01
1.40831e+00 -8.11735e-01 4.44964e-01
1.44149e+00 -7.54282e-01 4.49769e-01
1.49463e+00 -6.14779e-01 4.62807e-01
1.60075e+00 -3.36314e-01 3.92582e-01
1.58783e+00 -3.73739e-01 3.94344e-01
1.60132e+00 -3.34478e-01 3.90368e-01
1.60252e+00 -3.30447e-01 3.84456e-01
1.59888e+00 5.28236e-02 2.99707e-03
1.59943e+00 5.42949e-02 8.79778e-03
1.63052e+00 -9.23530e-02 2.28915e-01
1.61113e+00 -1.34525e-01 2.79692e-02
1.59855e+00 4.06496e-02 -5.81742e-03
1.52727e+00 3.15784e-01 -3.72346e-02
1.46155e+00 5.28978e-01 -5.30912e-02
1.49590e+00 4.06428e-01 -7.07082e-02
1.47235e+00 4.80678e-01 -8.14057e-02
1.32330e+00 8.09778e-01 -8.37674e-02
1.31288e+00 8.25860e-01 -9.20089e-02
1.22985e+00 9.69055e-01 -1.05162e-01
1.21635e+00 9.97660e-01 -8.88090e-02
1.06565e+00 1.20180e+00 -8.62810e-02
1.08164e+00 1.17589e+00 -9.89411e-02
9.69129e-01 1.30715e+00 -8.89109e-02
9.45934e-01 1.32431e+00 -1.02150e-01
7.67560e-01 1.46706e+00 -1.05159e-01
8.39703e-01 1.41628e+00 -1.08986e-01
6.95035e-01 1.50492e+00 -1.26912e-01
5.65377e-01 1.56535e+00 -1.41474e-01
5.51616e-01 1.57110e+00 -1.39931e-01
3.94267e-01 1.60709e+00 -1.75234e-01
3.76972e-01 1.61019e+00 -1.72436e-01
3.67292e-01 1.61169e+00 -1.71505e-01
3.52863e-01 1.61406e+00 -1.69127e-01
2.44971e-01 1.60590e+00 -1.96538e-01
2.12816e-01 1.60486e+00 -1.89930e-01
3.48751e-01 1.61359e+00 -1.71861e-01
2.82733e-01 1.60837e+00 -1.90986e-01
1.47357e-01 1.60151e+00 -1.80525e-01
1.51373e-01 1.60169e+00 -1.81362e-01
1.03843e-01 1.58896e+00 -2.05773e-01
-3.14193e-01 1.49094e+00 -1.02346e-01
-5.12221e-01 1.43532e+00 -5.90758e-02
-5.45553e-01 1.42666e+00 -1.53340e-02
-3.49772e-01 1.48083e+00 -1.00805e-01
-9.09999e-01 1.25894e+00 9.18755e-02
-9.36500e-01 1.24484e+00 8.99988e-02
-9.68498e-01 1.22569e+00 1.30703e-01
-1.10942e+00 1.12198e+00 1.80208e-01
-1.13228e+00 1.10321e+00 1.75130e-01
-1.13380e+00 1.10177e+00 1.73559e-01
-1.26768e+00 9.52837e-01 2.31031e-01
-1.33277e+00 8.74986e-01 2.02027e-01
-1.38121e+00 8.04336e-01 2.26294e-01
-1.45894e+00 6.84197e-01 2.18676e-01
-1.66371e+00 3.29897e-01 1.98250e-01
-1.67446e+00 3.10942e-01 1.83207e-01
-1.69719e+00 2.51635e-01 1.86903e-01
-1.71591e+00 1.96216e-01 2.02105e-01
-1.73268e+00 1.50281e-01 1.75898e-01
-1.73820e+00 1.35304e-01 1.65762e-01
-1.74167e+00 1.07843e-01 1.72140e-01
-1.74315e+00 9.98321e-02 1.67012e-01
-1.74009e+00 5.72586e-02 1.75223e-01
-1.73938e+00 4.95131e-02 1.77242e-01
-1.73769e+00 2.98678e-02 1.80976e-01
-1.73316e+00 -1.08170e-02 1.67974e-01
-1.70582e+00 -1.11237e-01 1.83338e-01
-1.70236e+00 -1.21232e-01 1.87029e-01
-1.69460e+00 -1.28256e-01 2.05256e-01
-1.73759e+00 1.66235e-02 1.72710e-01
-1.73475e+00 -2.96880e-03 1.68386e-01
-1.58883e+00 -2.77898e-01 3.75512e-01
-1.43327e+00 -6.95998e-01 2.91055e-01
-1.52281e+00 -5.25595e-01 2.57823e-01
-1.45676e+00 -6.59750e-01 2.72479e-01
-1.41936e+00 -7.17453e-01 2.96138e-01
-1.42296e+00 -7.13783e-01 2.92689e-01
-1.25358e+00 -9.36768e-01 3.08605e-01
-1.21878e+00 -9.54575e-01 3.56875e-01
-1.19475e+00 -9.30253e-01 4.49383e-01
-1.03271e+00 -9.62432e-01 6.77743e-01
-1.07841e+00 -1.08140e+00 3.55233e-01
-1.02616e+00 -1.09855e+00 4.15195e-01
-1.01440e+00 -1.08396e+00 4.65877e-01
-8.07710e-01 -1.23026e+00 4.01447e-01
-7.51669e-01 -1.24028e+00 4.54307e-01
-8.10801e-01 -1.22932e+00 3.99460e-01
-7.13754e-01 -1.25292e+00 4.57650e-01
-4.50721e-01 -1.35057e+00 4.25575e-01
-3.92280e-01 -1.35300e+00 4.70279e-01
-3.28400e-01 -1.36293e+00 4.64135e-01
-2.62552e-02 -1.38010e+00 5.11063e-01
-1.42828e-01 -1.39346e+00 4.33559e-01
2.26297e-01 -1.37199e+00 4.59164e-01
2.53044e-01 -1.37131e+00 4.51783e-01
7.92884e-01 -1.23166e+00 5.00204e-01
7.59160e-01 -1.24124e+00 5.01665e-01
8.34314e-01 -1.22005e+00 4.89561e-01
1.05460e+00 -1.11745e+00 4.74454e-01
1.18210e+00 -1.04820e+00 4.54938e-01
1.26085e+00 -9.90925e-01 4.48467e-01
1.31620e+00 -9.42481e-01 4.39485e-01
1.32022e+00 -9.38343e-01 4.34356e-01
1.34777e+00 -9.07692e-01 4.22527e-01
1.37022e+00 -8.79149e-01 3.82353e-01
1.44380e+00 -7.53954e-01 3.07023e-01
1.37257e+00 -8.75378e-01 3.71404e-01
1.40398e+00 -8.22190e-01 3.29076e-01
1.48050e+00 -6.63134e-01 1.78290e-01
1.58381e+00 -3.56963e-01 9.11600e-02
1.48305e+00 -6.53841e-01 1.57824e-01
1.50055e+00 -6.00808e-01 1.30552e-01
1.58143e+00 -3.61362e-01 6.48696e-02
1.58176e+00 -3.49187e-01 4.38853e-02
1.60395e+00 -1.73428e-01 3.06549e-03
1.52688e+00 -2.25042e-01 -2.49553e-01
1.52377e+00 -2.26390e-01 -2.59731e-01
1.57031e+00 2.58637e-02 -9.82464e-02
1.47621e+00 3.25569e-03 -3.88939e-01
1.49648e+00 -2.43743e-01 -3.44835e-01
1.48693e+00 -2.27327e-01 -3.72950e-01
1.46778e+00 -4.17370e-03 -4.15368e-01
1.34707e+00 4.90076e-01 -3.94631e-01
1.46487e+00 -1.30819e-03 -4.20874e-01
1.33735e+00 4.00736e-01 -4.78798e-01
1.33095e+00 5.35426e-01 -3.83515e-01
1.14526e+00 9.86134e-01 -2.64829e-01
1.14995e+00 8.47607e-01 -4.12190e-01
1.09436e+00 1.08375e+00 -2.19714e-01
8.96169e-01 1.33420e+00 -1.72282e-01
9.44056e-01 1.24780e+00 -2.23808e-01
8.42364e-01 1.39861e+00 -1.39793e-01
8.69958e-01 1.35996e+00 -1.67778e-01
6.90521e-01 1.50548e+00 -1.31738e-01
6.30007e-01 1.53289e+00 -1.49470e-01
5.13391e-01 1.58147e+00 -1.48870e-01
4.97676e-01 1.58514e+00 -1.52774e-01
3.64463e-01 1.61137e+00 -1.73384e-01
3.93727e-01 1.60700e+00 -1.75686e-01
3.65701e-01 1.61114e+00 -1.73584e-01
1.74981e-01 1.59381e+00 -2.15509e-01
1.29047e-01 1.58440e+00 -2.29670e-01
9.79172e-02 1.58297e+00 -2.23182e-01
-2.15601e-01 1.46162e+00 -3.41533e-01
-1.05218e-02 1.53737e+00 -2.78962e-01
-1.52063e-01 1.48210e+00 -3.34405e-01
-3.35490e-01 1.41205e+00 -3.68778e-01
-3.38016e-01 1.41106e+00 -3.69131e-01
-6.23292e-01 1.33114e+00 -2.95850e-01
-6.81779e-01 1.29562e+00 -3.22325e-01
-7.63031e-01 1.25177e+00 -3.31187e-01
-9.36631e-01 1.24462e+00 8.92610e-02
-8.05627e-01 1.21974e+00 -3.53290e-01
-1.06827e+00 1.07501e+00 -2.71086e-01
-1.07981e+00 1.07514e+00 -2.40623e-01
-1.06869e+00 1.10610e+00 -1.41372e-01
-1.14055e+00 1.08958e+00 1.27523e-01
-1.29544e+00 8.79651e-01 -1.57252e-01
-1.29598e+00 8.79262e-01 -1.56538e-01
-1.29150e+00 8.92433e-01 -1.13133e-01
-1.30481e+00 8.65432e-01 -1.58714e-01
-1.59890e+00 4.36487e-01 -1.13831e-02
-1.62482e+00 3.91602e-01 -1.51370e-02
-1.66647e+00 3.21201e-01 4.50653e-02
-1.67247e+00 3.11225e-01 6.01100e-02
-1.73449e+00 1.50824e-01 1.05669e-01
-1.73542e+00 1.48558e-01 1.09948e-01
-1.73763e+00 1.41372e-01 1.18618e-01
-1.74037e+00 1.32214e-01 1.32050e-01
-1.73826e+00 1.35209e-01 1.65183e-01
-1.74430e+00 1.03672e-01 1.40441e-01
-1.74440e+00 1.01887e-01 1.43851e-01
-1.74405e+00 1.06066e-01 1.38198e-01
-1.74458e+00 9.67301e-02 1.52231e-01
-1.74224e+00 6.73853e-02 1.60026e-01
-1.74065e+00 4.88651e-02 1.63546e-01
-1.71384e+00 -9.58645e-02 1.56594e-01
-1.69134e+00 -1.73132e-01 1.52084e-01
-1.70353e+00 -1.34676e-01 1.46544e-01
-1.50246e+00 -6.10527e-01 1.62386e-01
-1.59157e+00 -4.26241e-01 1.50169e-01
-1.46916e+00 -6.71766e-01 1.54459e-01
-1.40607e+00 -7.80569e-01 1.64453e-01
-1.33378e+00 -8.90850e-01 1.27247e-01
-1.25610e+00 -9.39516e-01 2.90733e-01
-1.37729e+00 -8.30292e-01 1.32702e-01
-1.29955e+00 -9.35115e-01 9.73266e-02
-1.20163e+00 -1.04199e+00 9.99942e-02
-1.30582e+00 -9.27484e-01 1.00676e-01
-1.19086e+00 -1.05347e+00 9.36117e-02
-1.08473e+00 -1.08632e+00 3.17375e-01
-1.19269e+00 -1.05190e+00 9.33474e-02
-9.70990e-01 -1.21487e+00 4.55178e-02
-9.65872e-01 -1.21766e+00 4.97064e-02
-1.12625e+00 -1.10559e+00 5.37535e-02
-9.54848e-01 -1.22332e+00 5.34420e-02
-8.34779e-01 -1.27895e+00 4.09378e-03
-5.81154e-01 -1.38510e+00 -2.43490e-02
-5.77319e-01 -1.38186e+00 7.54371e-03
-4.65680e-01 -1.35685e+00 3.61864e-01
-4.87526e-01 -1.40440e+00 -6.07685e-02
-2.47334e-01 -1.44734e+00 -9.96347e-02
-2.25522e-01 -1.43703e+00 1.44828e-02
-5.73508e-01 -1.38805e+00 -3.87589e-02
-2.17288e-01 -1.43406e+00 4.59234e-02
2.37583e-01 -1.38191e+00 3.48354e-01
2.19545e-01 -1.40302e+00 9.33989e-02
-2.42946e-01 -1.44768e+00 -1.07520e-01
9.89661e-04 -1.43641e+00 -1.58359e-01
1.96771e-01 -1.41117e+00 7.47013e-03
8.39401e-01 -1.22205e+00 3.11539e-01
4.41661e-01 -1.34256e+00 -5.54369e-02
8.81916e-01 -1.20208e+00 3.15464e-01
1.18979e+00 -1.03992e+00 3.70819e-01
1.07319e+00 -1.09667e+00 2.55596e-01
1.19698e+00 -1.03477e+00 3.72501e-01
1.33268e+00 -9.11744e-01 3.20034e-01
1.33683e+00 -9.06627e-01 3.14001e-01
1.34431e+00 -8.57736e-01 1.73206e-01
1.41891e+00 -7.48929e-01 1.35833e-01
1.45064e+00 -6.86369e-01 8.65250e-02
1.49865e+00 -4.25275e-01 -2.02676e-01
1.43744e+00 -5.82357e-01 -1.59958e-01
1.49809e+00 -4.25514e-01 -2.04506e-01
1.55732e+00 -3.68613e-01 -3.40530e-02
1.47897e+00 -3.68171e-01 -3.15579e-01
1.36766e+00 -2.71121e-01 -5.94038e-01
1.31162e+00 -2.81332e-01 -6.98247e-01
1.38601e+00 -2.87459e-02 -5.67111e-01
1.28095e+00 -2.92030e-01 -7.52447e-01
1.19310e+00 -2.02284e-01 -9.07855e-01
1.17857e+00 -6.33418e-02 -9.33746e-01
1.19327e+00 -5.39680e-02 -9.07774e-01
1.25264e+00 3.52978e-01 -6.43205e-01
1.13678e+00 -4.03870e-02 -9.86115e-01
1.08869e+00 -4.71284e-03 -1.04237e+00
1.00859e+00 2.06802e-01 -1.07026e+00
1.04113e+00 3.12159e-01 -9.76178e-01
1.09923e+00 3.57758e-01 -8.69838e-01
1.11685e+00 8.20483e-01 -4.83018e-01
9.36373e-01 4.60234e-01 -9.86021e-01
9.83994e-01 8.30340e-01 -6.36044e-01
9.49011e-01 9.04694e-01 -5.97006e-01
6.97792e-01 1.36458e+00 -3.19386e-01
8.05943e-01 1.02600e+00 -5.93686e-01
7.14183e-01 1.21926e+00 -4.64445e-01
6.28803e-01 1.46977e+00 -2.37632e-01
4.05089e-01 1.57806e+00 -2.15579e-01
3.90816e-01 1.58973e+00 -2.04883e-01
4.00178e-01 1.57938e+00 -2.16191e-01
3.26191e-01 1.60251e+00 -1.94681e-01
1.01166e-02 1.52771e+00 -3.03762e-01
-5.81250e-02 1.48820e+00 -3.54349e-01
-5.91458e-01 1.27056e+00 -4.54766e-01
-6.35476e-01 1.23404e+00 -4.84196e-01
-6.51394e-01 1.22464e+00 -4.87500e-01
-8.44362e-01 1.15843e+00 -4.35416e-01
-9.26918e-01 1.08577e+00 -4.73669e-01
-9.78852e-01 1.05015e+00 -4.73919e-01
-1.06953e+00 1.06189e+00 -2.99985e-01
-1.04308e+00 9.77085e-01 -5.08373e-01
-1.15976e+00 8.97184e-01 -4.68622e-01
-1.17883e+00 8.73794e-01 -4.76230e-01
-1.21749e+00 8.02181e-01 -5.06093e-01
-1.41432e+00 5.67639e-01 -4.18372e-01
-1.42682e+00 5.59704e-01 -3.99973e-01
-1.18548e+00 8.54811e-01 -4.93668e-01
-1.50651e+00 4.60103e-01 -3.20662e-01
-1.58517e+00 3.85563e-01 -1.86167e-01
-1.63564e+00 2.74562e-01 -1.53138e-01
-1.68982e+00 2.17370e-01 -2.12830e-02
-1.69451e+00 2.08902e-01 -1.07984e-02
-1.73189e+00 1.48815e-01 8.69585e-02
-1.73477e+00 1.30805e-01 9.12627e-02
-1.73834e+00 1.22992e-01 1.08380e-01
-1.74059e+00 5.62567e-02 1.53710e-01
-1.73757e+00 2.73988e-02 1.59088e-01
-1.68667e+00 -1.85298e-01 1.29845e-01
-1.68365e+00 -1.96410e-01 1.46448e-01
-1.69651e+00 -1.55409e-01 1.36215e-01
-1.68133e+00 -1.98018e-01 1.24841e-01
-1.62775e+00 -3.39530e-01 1.43499e-01
-1.38204e+00 -8.22138e-01 1.17627e-01
-1.35437e+00 -8.58863e-01 9.61144e-02
-1.37447e+00 -8.31907e-01 1.09068e-01
-1.20043e+00 -1.04390e+00 7.27790e-02
-1.26924e+00 -9.68790e-01 7.09039e-02
-1.15018e+00 -1.08405e+00 3.61242e-02
-1.11615e+00 -1.11290e+00 3.53345e-02
-1.02207e+00 -1.17953e+00 -7.41462e-03
-9.86249e-01 -1.20460e+00 3.50707e-03
-1.05135e+00 -1.15890e+00 -4.20813e-03
-8.18888e-01 -1.28143e+00 -7.59862e-02
-7.76516e-01 -1.30194e+00 -8.01628e-02
-6.05626e-01 -1.37256e+00 -1.50239e-01
-4.11009e-01 -1.40869e+00 -2.11139e-01
-3.62660e-01 -1.41825e+00 -2.18772e-01
-6.01632e-01 -1.37277e+00 -1.58184e-01
-2.67149e-01 -1.43480e+00 -2.42807e-01
-3.70155e-03 -1.43377e+00 -1.86006e-01
-2.44572e-01 -1.43056e+00 -2.79582e-01
-2.10304e-01 -1.42683e+00 -3.08200e-01
-8.46247e-02 -1.40867e+00 -4.16325e-01
-2.06471e-02 -1.40451e+00 -4.29909e-01
-1.13342e-01 -1.41205e+00 -3.97856e-01
-7.00500e-03 -1.39840e+00 -4.50099e-01
3.12605e-03 -1.39434e+00 -4.61632e-01
4.04722e-01 -1.33229e+00 -1.96451e-01
4.06768e-01 -1.28995e+00 -4.02386e-01
2.92437e-02 -1.37608e+00 -5.14513e-01
9.38801e-02 -1.34204e+00 -5.90495e-01
1.11218e-01 -1.33369e+00 -6.07051e-01
2.58555e-01 -1.28314e+00 -6.46819e-01
3.44412e-01 -1.27485e+00 -5.65556e-01
1.01196e+00 -1.09129e+00 7.98878e-02
9.09922e-01 -9.82196e-01 -4.56367e-01
1.02267e+00 -9.97315e-01 -2.00197e-01
6.72936e-01 -1.04988e+00 -6.77483e-01
1.30966e+00 -8.60238e-01 9.19543e-02
1.31111e+00 -6.42003e-01 -3.52539e-01
1.19098e+00 -6.47285e-01 -5.81628e-01
1.20553e+00 -6.39480e-01 -5.68566e-01
1.40197e+00 -5.90347e-01 -2.32016e-01
1.37458e+00 -4.13972e-01 -5.01521e-01
1.30536e+00 -4.19941e-01 -6.33891e-01
1.41052e+00 -3.94499e-01 -4.41836e-01
1.26905e+00 -3.66329e-01 -7.34691e-01
1.12972e+00 -2.16856e-01 -9.84385e-01
1.08731e+00 -2.19112e-01 -1.03603e+00
1.07454e+00 -2.06469e-01 -1.05237e+00
1.05618e+00 -1.93239e-01 -1.07383e+00
1.03241e+00 -1.17125e-02 -1.10671e+00
1.03232e+00 -9.15101e-03 -1.10689e+00
9.62702e-01 6.61214e-02 -1.16292e+00
9.88953e-01 1.95521e-01 -1.09559e+00
9.49795e-01 7.25863e-02 -1.17298e+00
9.02021e-01 1.74476e-01 -1.18458e+00
9.01962e-01 1.74849e-01 -1.18452e+00
9.11182e-01 1.95530e-01 -1.16901e+00
9.11029e-01 1.96076e-01 -1.16883e+00
9.35541e-01 4.59440e-01 -9.87284e-01
8.13319e-01 3.02719e-01 -1.17149e+00
8.38007e-01 4.57020e-01 -1.05782e+00
7.78649e-01 5.90428e-01 -9.85384e-01
5.01894e-01 7.51379e-01 -9.63694e-01
4.57686e-01 8.60228e-01 -8.87698e-01
3.88766e-01 1.17724e+00 -6.40707e-01
3.47001e-01 1.23880e+00 -5.93425e-01
3.88131e-01 1.54377e+00 -2.58277e-01
-1.10759e-01 1.34167e+00 -5.23712e-01
-8.12276e-02 1.40687e+00 -4.50144e-01
-1.54088e-01 1.31276e+00 -5.47424e-01
-2.00105e-01 1.27388e+00 -5.79019e-01
-8.44664e-01 1.05793e+00 -5.72393e-01
-8.87630e-01 9.97744e-01 -6.08754e-01
-1.06579e+00 9.20078e-01 -5.57241e-01
-8.66974e-01 1.02312e+00 -5.95464e-01
-1.12701e+00 8.42973e-01 -5.84404e-01
-1.14485e+00 7.71687e-01 -6.35419e-01
-1.25546e+00 6.71410e-01 -5.92654e-01
-1.14394e+00 7.73294e-01 -6.34954e-01
-1.30083e+00 5.86519e-01 -6.09730e-01
-1.35424e+00 5.56961e-01 -5.44681e-01
-1.44650e+00 3.91222e-01 -4.92004e-01
-1.51753e+00 3.71310e-01 -3.67903e-01
-1.62169e+00 2.69663e-01 -1.92277e-01
-1.62434e+00 2.55544e-01 -1.88826e-01
-1.69274e+00 1.85437e-01 -2.17973e-02
-1.73120e+00 1.28303e-01 7.99340e-02
-1.72793e+00 8.45299e-02 9.27606e-02
-1.61218e+00 -3.24935e-01 5.13177e-02
-1.60392e+00 -3.98614e-01 1.45045e-01
-1.61593e+00 -3.12294e-01 4.51984e-02
-1.27565e+00 -9.51653e-01 4.44980e-02
-1.30401e+00 -9.14114e-01 4.99801e-02
-1.26115e+00 -9.62794e-01 3.27700e-02
-1.14996e+00 -1.08416e+00 3.57990e-02
-1.08165e+00 -1.13157e+00 -1.04859e-02
-8.75462e-01 -1.24433e+00 -8.51582e-02
-8.06966e-01 -1.28416e+00 -9.05267e-02
-6.06733e-01 -1.36573e+00 -1.77795e-01
-6.11081e-01 -1.36300e+00 -1.80114e-01
-3.95512e-01 -1.40417e+00 -2.41180e-01
-3.81619e-01 -1.40729e+00 -2.43296e-01
-2.90254e-02 -1.39503e+00 -4.61301e-01
1.76177e-01 -1.28265e+00 -7.06344e-01
1.84608e-01 -1.27739e+00 -7.15331e-01
2.45666e-01 -1.27425e+00 -6.81179e-01
2.42726e-01 -1.19867e+00 -8.49943e-01
2.42995e-01 -1.19802e+00 -8.51060e-01
2.53943e-01 -1.17766e+00 -8.82936e-01
2.96430e-01 -1.11956e+00 -9.60867e-01
6.48931e-01 -1.04231e+00 -7.21826e-01
6.33512e-01 -8.43922e-01 -1.04480e+00
2.95218e-01 -1.11312e+00 -9.72082e-01
2.95687e-01 -1.11150e+00 -9.74098e-01
3.17463e-01 -1.06314e+00 -1.02685e+00
4.98670e-01 -8.98860e-01 -1.09691e+00
6.05092e-01 -8.48891e-01 -1.06602e+00
7.45232e-01 -7.68490e-01 -1.00679e+00
1.12334e+00 -6.43782e-01 -6.79468e-01
1.07414e+00 -4.21372e-01 -9.55826e-01
8.74398e-01 -5.36453e-01 -1.08054e+00
1.01569e+00 -4.37541e-01 -1.00947e+00
1.04988e+00 -4.18743e-01 -9.87230e-01
1.19879e+00 -3.79014e-01 -8.21084e-01
9.74252e-01 -2.05243e-01 -1.14060e+00
9.72761e-01 -1.51533e-01 -1.14575e+00
9.34616e-01 7.18535e-02 -1.18444e+00
9.04004e-01 9.15755e-02 -1.20258e+00
8.87267e-01 1.07882e-01 -1.21120e+00
8.52194e-01 1.19915e-01 -1.22820e+00
8.20346e-01 1.71565e-01 -1.23256e+00
7.98231e-01 1.79694e-01 -1.24111e+00
8.11797e-01 3.00724e-01 -1.17335e+00
6.65959e-01 1.32308e-01 -1.31129e+00
6.02143e-01 1.45905e-01 -1.32615e+00
4.61883e-01 2.50400e-01 -1.31991e+00
4.44403e-01 2.54134e-01 -1.32295e+00
3.19461e-01 1.66393e-01 -1.39169e+00
3.11577e-01 1.67218e-01 -1.39147e+00
-2.60589e-01 3.19166e-01 -1.30917e+00
-3.43206e-01 4.97887e-01 -1.18486e+00
-3.23275e-01 5.97310e-01 -1.11264e+00
-3.20738e-01 7.05204e-01 -1.02795e+00
-8.30100e-01 4.33816e-01 -1.07477e+00
-9.38642e-01 5.71209e-01 -9.30001e-01
-9.67566e-01 7.12855e-01 -8.08165e-01
-1.14370e+00 4.50332e-01 -8.64189e-01
-1.19402e+00 5.52660e-01 -7.54420e-01
-1.29229e+00 5.73826e-01 -6.29201e-01
-1.14266e+00 4.38825e-01 -8.71135e-01
-1.24995e+00 2.91723e-01 -8.19330e-01
-1.30620e+00 3.55780e-01 -7.21745e-01
-1.44246e+00 3.88734e-01 -4.99394e-01
-1.23510e+00 2.53698e-01 -8.47519e-01
-1.26477e+00 1.24253e-01 -8.14806e-01
-1.40838e+00 1.78329e-01 -5.78238e-01
-1.44552e+00 1.82112e-01 -5.12102e-01
-1.58465e+00 -3.19476e-01 -1.38482e-02
-1.23006e+00 7.87775e-02 -8.56248e-01
-1.16432e+00 -3.06254e-01 -7.89564e-01
-1.26138e+00 -4.38859e-01 -5.47508e-01
-1.31481e+00 -4.53447e-01 -4.42647e-01
-1.03469e+00 -8.06495e-01 -5.16431e-01
-1.07094e+00 -9.85635e-01 -2.57722e-01
-1.11031e+00 -1.01915e+00 -1.55214e-01
-6.89671e-01 -1.26968e+00 -2.74695e-01
-6.38172e-01 -1.28955e+00 -3.00053e-01
-6.37443e-01 -1.28916e+00 -3.01252e-01
-2.74948e-01 -1.38543e+00 -3.53390e-01
1.73126e-01 -1.28190e+00 -7.07617e-01
2.65350e-01 -1.14810e+00 -9.27011e-01
3.01487e-01 -1.05786e+00 -1.04066e+00
3.14031e-01 -1.02783e+00 -1.07385e+00
3.18039e-01 -1.00858e+00 -1.09502e+00
3.41308e-01 -9.53990e-01 -1.14614e+00
3.71761e-01 -9.26382e-01 -1.15792e+00
4.01459e-01 -9.13551e-01 -1.15168e+00
5.83330e-01 -7.54065e-01 -1.16242e+00
4.85813e-01 -7.97892e-01 -1.19241e+00
8.19289e-01 -5.48074e-01 -1.12008e+00
7.02696e-01 -6.35438e-01 -1.15272e+00
9.29629e-01 -2.50796e-01 -1.16103e+00
8.78617e-01 -2.89249e-01 -1.18549e+00
7.27697e-01 -3.02337e-01 -1.26600e+00
6.62188e-01 1.13407e-01 -1.31678e+00
6.77282e-01 -3.17233e-01 -1.28887e+00
5.86573e-01 6.38212e-02 -1.34976e+00
4.35847e-01 5.10437e-02 -1.39536e+00
3.73820e-01 1.18740e-01 -1.39705e+00
3.15598e-01 1.31115e-01 -1.40720e+00
1.19024e-01 -8.81790e-03 -1.47186e+00
-1.38605e-01 -1.16896e-01 -1.52364e+00
-1.66630e-01 -1.14454e-01 -1.52306e+00
-3.12570e-01 -6.55139e-02 -1.50418e+00
-3.10568e-01 -5.19364e-02 -1.49820e+00
-3.13210e-01 -9.24276e-03 -1.47639e+00
-8.25260e-01 2.85766e-01 -1.15871e+00
-3.39415e-01 -1.05623e-01 -1.51476e+00
-5.65953e-01 -1.50855e-01 -1.46035e+00
-6.48090e-01 -1.47281e-01 -1.43083e+00
-7.71301e-01 -5.66795e-03 -1.31977e+00
-8.44461e-01 1.80991e-01 -1.20356e+00
-1.02969e+00 2.36033e-01 -1.05446e+00
-8.36462e-01 -6.47407e-02 -1.29458e+00
-8.38356e-01 -6.42617e-02 -1.29309e+00
-1.03343e+00 1.53594e-01 -1.08048e+00
-1.07380e+00 1.61614e-01 -1.03818e+00
-8.38601e-01 -6.50756e-02 -1.29287e+00
-9.13327e-01 -4.64142e-02 -1.21438e+00
-1.04426e+00 2.73677e-02 -1.07498e+00
-1.00195e+00 -3.07887e-01 -9.97720e-01
-7.52665e-01 -1.41394e-01 -1.35922e+00
-7.42065e-01 -1.85920e-01 -1.35211e+00
-8.13629e-01 -2.76591e-01 -1.22965e+00
-9.22539e-01 -3.31402e-01 -1.07952e+00
-9.23571e-01 -7.10375e-01 -7.44504e-01
-6.41574e-01 -4.64377e-01 -1.22496e+00
-6.37216e-01 -5.97329e-01 -1.11184e+00
-7.28343e-01 -7.31119e-01 -9.08721e-01
-6.33162e-01 -1.25154e+00 -3.52346e-01
2.45842e-01 -9.87803e-01 -1.11626e+00
2.53382e-01 -1.04305e+00 -1.05587e+00
2.50990e-01 -1.05871e+00 -1.03639e+00
1.53124e-01 -8.62369e-01 -1.21409e+00
3.15080e-01 -9.73979e-01 -1.13289e+00
3.27576e-01 -9.53531e-01 -1.15087e+00
3.60084e-01 -8.64398e-01 -1.20983e+00
3.19929e-01 -9.00803e-01 -1.19430e+00
3.67598e-01 -8.28003e-01 -1.23271e+00
4.06443e-01 -8.06389e-01 -1.22811e+00
5.91227e-01 -3.91760e-01 -1.30911e+00
5.19005e-01 -4.32197e-01 -1.32801e+00
1.65467e-01 -4.45811e-01 -1.43636e+00
1.22776e-01 -4.34777e-01 -1.45054e+00
3.09509e-01 1.20130e-03 -1.43021e+00
8.70484e-02 -4.35498e-01 -1.45841e+00
-9.42271e-02 -3.64125e-01 -1.50193e+00
-1.75115e-01 -1.50511e-01 -1.53010e+00
-2.91434e-01 -1.94516e-01 -1.53830e+00
-3.03129e-01 -1.93497e-01 -1.53806e+00
-3.44837e-01 -1.73310e-01 -1.53395e+00
-3.47380e-01 -1.73007e-01 -1.53378e+00
-3.71581e-01 -1.98636e-01 -1.53458e+00
-4.37530e-01 -1.97896e-01 -1.51432e+00
-4.43406e-01 -1.97464e-01 -1.51240e+00
-4.88728e-01 -1.91448e-01 -1.49672e+00
-5.02545e-01 -1.90371e-01 -1.49164e+00
-6.26926e-01 -1.77184e-01 -1.44514e+00
-6.31764e-01 -1.75420e-01 -1.44304e+00
-6.41726e-01 -1.69569e-01 -1.43821e+00
-6.48967e-01 -1.59511e-01 -1.43335e+00
-7.12494e-01 -1.46368e-01 -1.39108e+00
-6.41800e-01 -1.69733e-01 -1.43816e+00
-6.88269e-01 -1.61930e-01 -1.40725e+00
-7.11773e-01 -1.49355e-01 -1.39158e+00
-6.92709e-01 -1.74654e-01 -1.39877e+00
-6.35683e-01 -1.82192e-01 -1.43754e+00
-6.32694e-01 -1.75294e-01 -1.44257e+00
-6.31491e-01 -1.78469e-01 -1.44215e+00
-6.28914e-01 -4.28814e-01 -1.26101e+00
-4.50100e-01 -1.98639e-01 -1.50928e+00
-2.74408e-01 -2.83680e-01 -1.52660e+00
-2.41036e-01 -3.11923e-01 -1.52108e+00
-2.22669e-01 -3.34299e-01 -1.51307e+00
1.47848e-01 -8.01982e-01 -1.26409e+00
-1.44722e-01 -3.96956e-01 -1.49158e+00
7.67628e-02 -6.32116e-01 -1.38114e+00
2.93117e-01 -8.50384e-01 -1.23440e+00
2.89210e-01 -8.12224e-01 -1.26105e+00
7.86940e-02 -6.31455e-01 -1.38166e+00
3.16663e-01 -8.12499e-01 -1.25467e+00
3.76845e-02 -5.44062e-01 -1.42610e+00
-1.24013e-01 -3.64001e-01 -1.50508e+00
-2.38299e-01 -3.09443e-01 -1.52214e+00
-3.08391e-01 -2.44475e-01 -1.53550e+00
-3.10535e-01 -2.43863e-01 -1.53547e+00
-3.44384e-01 -2.21045e-01 -1.53572e+00
-3.57511e-01 -2.06716e-01 -1.53608e+00
-3.71719e-01 -2.04183e-01 -1.53505e+00
-3.72018e-01 -2.04036e-01 -1.53502e+00
-1.11107e-01 -4.06757e-01 -1.48899e+00
