0 1 2
0 2 3
0 3 4
0 4 5
3 6 7
3 7 8
3 8 4
9 10 11
9 11 12
9 12 13
9 13 14
9 14 15
16 17 18
16 18 19
16 19 20
16 20 0
16 0 5
16 5 13
16 13 12
16 12 21
16 21 22
23 21 12
23 12 11
23 11 24
23 24 25
26 17 16
27 28 29
27 29 30
27 30 31
27 31 32
33 34 28
33 28 27
33 27 8
33 8 7
33 7 35
5 4 8
5 8 27
5 27 32
5 32 36
5 36 37
5 37 38
5 38 14
5 14 13
39 40 41
39 41 42
39 42 43
39 43 44
39 44 45
46 47 48
46 48 9
46 9 15
46 15 39
46 39 45
46 45 49
50 10 9
50 9 48
50 48 51
50 51 52
24 11 10
24 10 50
24 50 53
24 53 54
55 54 53
55 53 56
55 56 57
58 59 23
58 23 25
58 25 60
22 21 23
22 23 59
61 18 17
61 17 26
62 20 19
63 1 0
63 0 20
63 20 62
64 6 3
64 3 2
35 7 6
35 6 64
65 34 33
66 30 29
67 68 69
67 69 70
67 70 71
32 31 67
32 67 71
32 71 36
38 37 72
38 72 73
38 73 74
15 14 38
15 38 74
15 74 75
15 75 76
15 76 40
15 40 39
76 77 78
76 78 79
76 79 80
76 80 81
76 81 82
76 82 83
76 83 84
76 84 41
76 41 40
41 84 85
41 85 86
41 86 42
43 42 86
43 86 87
88 47 46
88 46 89
90 51 48
90 48 47
90 47 88
90 88 91
92 52 51
92 51 90
56 53 50
56 50 52
56 52 92
56 92 93
94 57 56
94 56 93
94 93 95
96 97 55
96 55 57
96 57 94
96 94 98
60 25 24
60 24 54
60 54 55
60 55 97
99 100 101
99 101 58
99 58 60
99 60 97
99 97 96
99 96 102
101 103 61
101 61 26
101 26 16
101 16 22
101 22 59
101 59 58
104 105 106
104 106 103
104 103 101
104 101 100
106 107 63
106 63 62
106 62 19
106 19 18
106 18 61
106 61 103
108 109 107
108 107 106
108 106 105
110 111 112
110 112 109
110 109 108
112 113 65
112 65 33
112 33 35
112 35 64
112 64 2
112 2 1
112 1 63
112 63 107
112 107 109
114 115 116
114 116 117
114 117 113
114 113 112
114 112 111
117 118 66
117 66 29
117 29 28
117 28 34
117 34 65
117 65 113
116 119 120
116 120 121
116 121 118
116 118 117
121 68 67
121 67 31
121 31 30
121 30 66
121 66 118
120 122 69
120 69 68
120 68 121
70 69 122
70 122 123
70 123 124
36 71 70
36 70 124
36 124 125
36 125 72
36 72 37
72 125 126
72 126 127
72 127 128
72 128 73
74 73 128
74 128 129
74 129 130
74 130 131
74 131 75
75 131 132
75 132 133
75 133 77
75 77 76
78 134 135
78 135 79
81 80 136
81 136 137
81 137 138
85 84 83
85 83 139
87 86 85
87 85 139
87 139 140
49 45 44
49 44 141
49 141 142
143 89 46
143 46 49
143 49 142
143 142 144
145 91 88
145 88 89
145 89 143
145 143 146
145 146 147
95 93 92
95 92 90
95 90 91
95 91 145
95 145 148
149 148 145
149 145 147
149 147 150
149 150 151
152 98 94
152 94 95
152 95 148
152 148 149
153 154 152
153 152 149
153 149 151
153 151 155
156 157 154
156 154 153
156 153 158
156 158 159
160 102 96
160 96 98
160 98 152
160 152 154
160 154 157
161 162 160
161 160 157
161 157 156
161 156 163
164 165 99
164 99 102
164 102 160
164 160 162
166 167 165
166 165 164
166 164 168
166 168 169
170 171 104
170 104 100
170 100 99
170 99 165
170 165 167
170 167 172
173 174 175
173 175 171
173 171 170
173 170 176
173 176 177
175 178 110
175 110 108
175 108 105
175 105 104
175 104 171
179 180 181
179 181 182
179 182 183
179 183 184
179 184 178
179 178 175
179 175 174
183 185 186
183 186 187
183 187 184
184 187 188
184 188 189
184 189 114
184 114 111
184 111 110
184 110 178
188 190 191
188 191 192
188 192 193
188 193 194
188 194 189
189 194 195
189 195 196
189 196 197
189 197 115
189 115 114
196 198 199
196 199 200
196 200 201
196 201 197
197 201 202
197 202 119
197 119 116
197 116 115
200 203 204
200 204 205
200 205 206
200 206 202
200 202 201
202 206 207
202 207 208
202 208 123
202 123 122
202 122 120
202 120 119
205 209 210
205 210 207
205 207 206
207 210 211
207 211 212
207 212 213
207 213 214
207 214 208
124 123 208
124 208 214
124 214 126
124 126 125
126 214 213
126 213 215
126 215 216
126 216 217
126 217 127
128 127 217
128 217 218
128 218 219
128 219 220
128 220 221
128 221 129
129 221 222
129 222 223
129 223 224
129 224 225
129 225 130
130 225 132
130 132 131
133 226 134
133 134 78
133 78 77
79 135 227
79 227 228
79 228 136
79 136 80
138 137 229
138 229 230
231 82 81
231 81 138
231 138 230
231 230 232
231 232 233
231 233 234
140 139 83
140 83 82
140 82 231
140 231 235
141 44 43
141 43 87
141 87 140
141 140 235
141 235 236
141 236 237
141 237 238
144 142 141
144 141 238
144 238 239
144 239 240
241 146 143
241 143 144
241 144 240
241 240 242
150 147 146
150 146 241
150 241 243
150 243 244
150 244 245
245 244 246
245 246 247
155 151 150
155 150 245
155 245 247
155 247 248
155 248 249
249 248 250
249 250 251
249 251 252
249 252 253
254 158 153
254 153 155
254 155 249
254 249 253
254 253 255
256 257 254
256 254 255
256 255 258
256 258 259
256 259 260
256 260 261
262 159 158
262 158 254
262 254 257
263 163 156
263 156 159
263 159 262
263 262 264
265 266 161
265 161 163
265 163 263
267 268 168
267 168 164
267 164 162
267 162 161
267 161 266
267 266 269
270 169 168
270 168 268
270 268 271
272 273 172
272 172 167
272 167 166
272 166 274
275 176 170
275 170 172
275 172 273
275 273 276
277 278 279
277 279 280
277 280 173
277 173 177
277 177 281
280 282 283
280 283 179
280 179 174
280 174 173
283 284 285
283 285 286
283 286 180
283 180 179
287 288 289
287 289 290
287 290 291
287 291 181
287 181 180
287 180 286
181 291 292
181 292 293
181 293 182
182 293 294
182 294 185
182 185 183
186 295 296
186 296 190
186 190 188
186 188 187
296 191 190
193 297 298
193 298 195
193 195 194
195 298 299
195 299 300
195 300 198
195 198 196
300 301 302
300 302 199
300 199 198
199 302 303
199 303 304
199 304 203
199 203 200
304 305 306
304 306 204
304 204 203
204 306 307
204 307 308
204 308 209
204 209 205
308 309 310
308 310 311
308 311 211
308 211 210
308 210 209
211 311 312
211 312 313
211 313 212
213 212 313
213 313 314
213 314 315
213 315 316
213 316 215
215 316 317
215 317 318
215 318 216
217 216 318
217 318 319
217 319 320
217 320 321
217 321 322
217 322 323
217 323 324
217 324 218
218 324 325
218 325 326
218 326 327
218 327 328
218 328 219
220 329 330
220 330 331
220 331 332
220 332 222
220 222 221
222 332 333
222 333 223
132 225 224
132 224 334
132 334 226
132 226 133
227 135 134
227 134 226
227 226 334
227 334 335
136 228 336
136 336 337
136 337 229
136 229 137
230 229 337
230 337 232
338 339 340
338 340 341
338 341 342
338 342 343
236 235 231
236 231 234
236 234 339
236 339 338
344 237 236
344 236 338
344 338 343
344 343 345
344 345 346
239 238 237
239 237 344
239 344 347
239 347 348
242 240 239
242 239 348
242 348 349
242 349 350
351 243 241
351 241 242
351 242 350
351 350 352
353 246 244
353 244 243
353 243 351
353 351 354
250 248 247
250 247 246
250 246 353
250 353 355
250 355 356
357 251 250
357 250 356
357 356 358
255 253 252
255 252 359
255 359 360
255 360 361
255 361 258
259 258 361
259 361 362
259 362 363
259 363 364
259 364 365
366 260 259
366 259 365
366 365 367
366 367 368
366 368 369
370 261 260
370 260 366
370 366 371
370 371 372
370 372 373
374 375 376
374 376 256
374 256 261
374 261 370
377 264 262
377 262 257
377 257 256
377 256 376
378 379 265
378 265 263
378 263 264
378 264 377
380 269 266
380 266 265
380 265 379
271 268 267
271 267 381
382 274 166
382 166 169
382 169 270
276 273 272
276 272 383
281 177 176
281 176 275
281 275 384
385 278 277
386 284 283
386 283 282
387 285 284
387 284 386
387 386 388
389 288 287
389 287 390
391 392 289
391 289 288
391 288 389
393 394 395
393 395 396
393 396 397
393 397 290
393 290 289
393 289 392
290 397 398
290 398 399
290 399 292
290 292 291
292 399 400
292 400 401
292 401 294
292 294 293
294 401 402
294 402 403
294 403 295
294 295 186
294 186 185
403 404 405
403 405 406
403 406 192
403 192 191
403 191 296
403 296 295
192 406 407
192 407 297
192 297 193
407 408 299
407 299 298
407 298 297
299 408 409
299 409 410
299 410 301
299 301 300
410 411 303
410 303 302
410 302 301
303 411 412
303 412 413
303 413 414
303 414 305
303 305 304
414 415 416
414 416 307
414 307 306
414 306 305
307 416 417
307 417 418
307 418 309
307 309 308
418 419 420
418 420 421
418 421 310
418 310 309
312 311 310
312 310 421
312 421 422
312 422 423
314 313 312
314 312 423
314 423 424
314 424 425
317 316 315
317 315 426
317 426 427
428 319 318
428 318 317
428 317 427
428 427 429
430 431 323
430 323 322
430 322 432
323 431 325
323 325 324
219 328 433
219 433 329
219 329 220
331 330 434
331 434 435
436 333 332
436 332 331
436 331 435
436 435 437
436 437 438
335 334 224
335 224 223
335 223 333
335 333 436
335 436 439
440 336 228
440 228 227
440 227 335
440 335 439
440 439 441
232 337 336
232 336 440
232 440 442
232 442 233
234 233 442
234 442 443
234 443 340
234 340 339
444 445 446
444 446 447
444 447 448
343 342 446
343 446 445
343 445 345
346 345 445
346 445 444
346 444 449
450 347 344
450 344 346
450 346 449
450 449 451
450 451 452
349 348 347
349 347 450
349 450 453
352 350 349
352 349 453
352 453 454
352 454 455
352 455 456
457 354 351
457 351 352
457 352 456
457 456 458
459 355 353
459 353 354
459 354 457
358 356 355
358 355 459
358 459 460
461 359 252
461 252 251
461 251 357
461 357 462
360 359 461
360 461 463
464 465 364
464 364 363
365 364 465
365 465 367
466 467 372
466 372 371
373 372 467
373 467 468
373 468 469
470 471 374
470 374 370
470 370 373
470 373 469
470 469 472
470 472 473
474 375 374
474 374 471
474 471 475
476 477 378
476 378 377
476 377 376
476 376 375
476 375 474
478 479 380
478 380 379
478 379 378
478 378 477
478 477 480
481 381 267
481 267 269
481 269 380
481 380 479
482 483 382
482 382 270
482 270 271
482 271 381
482 381 481
484 383 272
484 272 274
484 274 382
484 382 483
485 384 275
485 275 276
485 276 383
485 383 484
486 487 385
486 385 277
486 277 281
486 281 384
486 384 485
488 489 279
488 279 278
488 278 385
488 385 487
490 388 386
490 386 282
490 282 280
490 280 279
490 279 489
491 390 287
491 287 286
491 286 285
491 285 387
492 493 494
492 494 391
492 391 389
492 389 390
492 390 491
494 495 393
494 393 392
494 392 391
496 497 394
496 394 393
496 393 495
498 499 500
498 500 395
498 395 394
498 394 497
396 395 500
396 500 501
502 503 504
502 504 505
502 505 398
502 398 397
502 397 396
502 396 501
502 501 506
502 506 507
508 400 399
508 399 398
508 398 505
509 402 401
509 401 400
509 400 508
509 508 510
509 510 511
512 404 403
512 403 402
512 402 509
512 509 513
514 515 516
514 516 405
514 405 404
514 404 512
516 517 409
516 409 408
516 408 407
516 407 406
516 406 405
518 519 520
518 520 517
518 517 516
518 516 515
520 412 411
520 411 410
520 410 409
520 409 517
521 522 413
521 413 412
521 412 520
521 520 519
521 519 523
524 415 414
524 414 413
524 413 522
525 526 417
525 417 416
525 416 415
525 415 524
527 419 418
527 418 417
527 417 526
528 420 419
528 419 527
528 527 529
422 421 420
422 420 528
422 528 530
424 423 422
424 422 530
424 530 531
532 426 315
532 315 314
532 314 425
532 425 533
429 427 426
429 426 532
429 532 534
320 319 428
320 428 535
432 322 321
432 321 536
326 325 431
326 431 430
326 430 537
538 433 328
538 328 327
434 330 329
434 329 433
434 433 538
434 538 539
434 539 540
437 435 434
437 434 540
437 540 541
542 438 437
542 437 541
542 541 543
542 543 544
441 439 436
441 436 438
441 438 542
441 542 545
546 443 442
546 442 440
546 440 441
546 441 545
546 545 547
546 547 548
546 548 549
340 443 546
340 546 341
446 342 341
446 341 546
446 546 549
446 549 550
446 550 551
446 551 447
448 447 551
448 551 552
448 552 553
448 553 554
555 554 553
555 553 556
555 556 557
555 557 558
451 449 444
451 444 448
451 448 554
451 554 555
559 452 451
559 451 555
559 555 558
559 558 560
559 560 561
454 453 450
454 450 452
454 452 559
454 559 562
563 455 454
563 454 562
563 562 564
458 456 455
458 455 563
458 563 565
566 460 459
566 459 457
566 457 458
566 458 565
566 565 567
568 462 357
568 357 358
568 358 460
568 460 566
568 566 569
570 463 461
570 461 462
570 462 568
362 361 360
362 360 463
362 463 570
362 570 571
367 465 464
367 464 572
367 572 368
369 368 572
369 572 573
574 468 467
574 467 466
574 466 575
574 575 576
469 468 574
469 574 472
577 475 471
577 471 470
578 579 476
578 476 474
578 474 475
578 475 577
580 480 477
580 477 476
580 476 579
580 579 581
580 581 582
583 584 585
583 585 478
583 478 480
583 480 580
585 586 587
585 587 588
585 588 482
585 482 481
585 481 479
585 479 478
589 590 591
589 591 592
589 592 588
589 588 587
588 592 593
588 593 486
588 486 485
588 485 484
588 484 483
588 483 482
591 594 595
591 595 596
591 596 593
591 593 592
593 596 488
593 488 487
593 487 486
595 597 598
595 598 490
595 490 489
595 489 488
595 488 596
598 599 600
598 600 601
598 601 492
598 492 491
598 491 387
598 387 388
598 388 490
601 602 603
601 603 493
601 493 492
603 604 605
603 605 606
603 606 496
603 496 495
603 495 494
603 494 493
607 608 606
607 606 605
607 605 609
606 608 610
606 610 498
606 498 497
606 497 496
611 499 498
611 498 610
501 500 499
501 499 611
501 611 612
501 612 506
613 503 502
614 504 503
614 503 613
614 613 615
616 511 510
616 510 617
618 619 513
618 513 509
618 509 511
618 511 616
620 621 514
620 514 512
620 512 513
620 513 619
620 619 622
623 624 621
623 621 620
623 620 625
626 627 518
626 518 515
626 515 514
626 514 621
626 621 624
626 624 628
629 630 627
629 627 626
629 626 631
632 523 519
632 519 518
632 518 627
632 627 630
633 634 635
633 635 521
633 521 523
633 523 632
635 636 525
635 525 524
635 524 522
635 522 521
637 638 639
637 639 636
637 636 635
637 635 634
637 634 640
641 529 527
641 527 526
641 526 525
641 525 636
641 636 639
531 530 528
531 528 529
531 529 641
531 641 642
643 642 641
643 641 639
643 639 638
643 638 644
643 644 645
643 645 646
533 425 424
533 424 531
533 531 642
533 642 643
647 534 532
647 532 533
647 533 643
647 643 646
647 646 648
649 535 428
649 428 429
649 429 534
649 534 647
650 536 321
650 321 320
650 320 535
650 535 649
650 649 651
652 537 430
652 430 432
652 432 536
652 536 650
653 539 538
653 538 327
653 327 326
653 326 537
653 537 652
541 540 539
541 539 653
541 653 654
541 654 543
544 543 654
544 654 655
544 655 656
547 545 542
547 542 544
547 544 656
547 656 657
658 548 547
658 547 657
658 657 659
658 659 660
661 550 549
661 549 548
661 548 658
553 552 661
553 661 658
553 658 660
553 660 662
553 662 556
551 550 661
551 661 552
558 557 663
558 663 664
558 664 665
558 665 560
665 664 666
665 666 667
665 667 668
665 668 669
561 560 665
561 665 669
561 669 670
670 669 668
670 668 671
670 671 672
670 672 673
670 673 674
670 674 675
564 562 559
564 559 561
564 561 670
564 670 675
564 675 676
676 675 674
676 674 677
676 677 678
567 565 563
567 563 564
567 564 676
567 676 678
567 678 679
680 569 566
680 566 567
680 567 679
680 679 681
680 681 682
683 571 570
683 570 568
683 568 569
683 569 680
573 572 464
573 464 363
573 363 362
573 362 571
573 571 683
573 683 684
685 575 466
685 466 371
685 371 366
685 366 369
685 369 573
685 573 684
685 684 686
687 576 575
687 575 685
473 472 574
473 574 576
473 576 687
688 581 579
688 579 578
689 582 581
689 581 688
690 586 585
690 585 584
691 692 693
691 693 589
691 589 587
691 587 586
691 586 690
693 694 695
693 695 696
693 696 590
693 590 589
697 698 696
697 696 695
696 698 699
696 699 594
696 594 591
696 591 590
700 701 702
700 702 597
700 597 595
700 595 594
700 594 699
700 699 703
702 704 705
702 705 599
702 599 598
702 598 597
705 706 707
705 707 600
705 600 599
600 707 708
600 708 709
600 709 602
600 602 601
709 710 711
709 711 604
709 604 603
709 603 602
609 605 604
609 604 711
712 612 611
712 611 610
712 610 608
712 608 607
507 506 612
507 612 712
507 712 713
714 715 614
714 614 615
714 615 716
717 718 715
717 715 714
622 619 618
622 618 719
720 625 620
720 620 622
720 622 719
720 719 721
722 628 624
722 624 623
722 623 723
724 725 631
724 631 626
724 626 628
724 628 722
726 727 629
726 629 631
726 631 725
726 725 728
729 730 633
729 633 632
729 632 630
729 630 629
729 629 727
731 640 634
731 634 633
731 633 730
732 733 637
732 637 640
732 640 731
732 731 734
644 638 637
644 637 733
644 733 735
736 645 644
736 644 735
736 735 737
736 737 738
739 740 736
739 736 738
739 738 741
648 646 645
648 645 736
648 736 740
648 740 742
648 742 743
648 743 744
745 744 743
745 743 746
745 746 747
745 747 748
745 748 749
745 749 750
751 651 649
751 649 647
751 647 648
751 648 744
751 744 745
752 753 751
752 751 745
752 745 750
752 750 754
655 654 653
655 653 652
655 652 650
655 650 651
655 651 751
655 751 753
655 753 755
756 755 753
756 753 752
756 752 757
756 757 758
657 656 655
657 655 755
657 755 756
657 756 759
657 759 659
760 759 756
760 756 758
760 758 761
660 659 759
660 759 760
660 760 762
660 762 662
663 762 760
663 760 761
663 761 763
663 763 666
663 666 664
556 662 762
556 762 663
556 663 557
668 667 764
668 764 765
668 765 766
668 766 671
671 766 767
671 767 768
671 768 769
671 769 672
673 672 769
673 769 770
673 770 771
771 770 772
771 772 773
771 773 774
771 774 775
677 674 673
677 673 771
677 771 775
677 775 776
677 776 777
777 776 778
777 778 779
679 678 677
679 677 777
679 777 779
679 779 780
679 780 681
682 681 780
682 780 781
682 781 782
682 782 783
686 684 683
686 683 680
686 680 682
686 682 783
686 783 784
686 784 785
785 784 786
785 786 787
787 689 688
787 688 578
787 578 577
787 577 470
787 470 473
787 473 687
787 687 685
787 685 686
787 686 785
787 786 788
787 788 583
787 583 580
787 580 582
787 582 689
788 789 691
788 691 690
788 690 584
788 584 583
790 694 693
790 693 692
791 792 697
791 697 695
791 695 694
791 694 790
791 790 793
794 703 699
794 699 698
794 698 697
794 697 792
795 796 700
795 700 703
795 703 794
795 794 797
798 799 701
798 701 700
798 700 796
800 801 704
800 704 702
800 702 701
800 701 799
802 706 705
802 705 704
802 704 801
803 804 708
803 708 707
803 707 706
803 706 802
805 710 709
805 709 708
805 708 804
806 713 712
806 712 607
806 607 609
806 609 711
806 711 710
806 710 805
716 615 613
716 613 502
716 502 507
716 507 713
716 713 806
807 808 718
807 718 717
807 717 809
721 719 618
721 618 616
721 616 617
721 617 808
721 808 807
810 723 623
810 623 625
810 625 720
810 720 811
812 813 724
812 724 722
812 722 723
812 723 810
728 725 724
728 724 813
728 813 814
815 816 729
815 729 727
815 727 726
817 734 731
817 731 730
817 730 729
817 729 816
817 816 818
819 820 732
819 732 734
819 734 817
737 735 733
737 733 732
737 732 820
821 742 740
821 740 739
746 743 742
746 742 821
749 748 822
749 822 823
749 823 824
824 823 825
754 750 749
754 749 824
754 824 825
754 825 826
754 826 827
754 827 828
754 828 829
830 829 828
830 828 831
830 831 832
830 832 833
830 833 834
830 834 835
836 837 757
836 757 752
836 752 754
836 754 829
836 829 830
838 837 836
838 836 839
838 839 840
838 840 841
761 758 757
761 757 837
761 837 838
761 838 842
761 842 763
764 842 838
764 838 841
764 841 765
666 763 842
666 842 764
666 764 667
767 843 844
767 844 768
769 768 844
769 844 845
769 845 772
769 772 770
772 845 846
772 846 847
772 847 773
774 773 847
774 847 848
774 848 849
778 776 775
778 775 774
778 774 849
778 849 850
778 850 851
851 850 852
851 852 853
851 853 854
780 779 778
780 778 851
780 851 854
780 854 855
780 855 781
782 781 855
782 855 856
782 856 857
782 857 858
782 858 859
782 859 860
784 783 782
784 782 860
784 860 861
784 861 789
784 789 788
784 788 786
861 793 790
861 790 692
861 692 691
861 691 789
860 859 862
860 862 863
860 863 864
860 864 791
860 791 793
860 793 861
864 797 794
864 794 792
864 792 791
863 865 866
863 866 795
863 795 797
863 797 864
866 867 798
866 798 796
866 796 795
868 869 870
868 870 867
868 867 866
868 866 865
870 871 800
870 800 799
870 799 798
870 798 867
872 873 874
872 874 871
872 871 870
872 870 869
874 875 803
874 803 802
874 802 801
874 801 800
874 800 871
876 809 717
876 717 714
876 714 716
876 716 806
876 806 805
876 805 804
876 804 803
876 803 875
877 878 879
877 879 880
877 880 876
877 876 875
877 875 874
877 874 873
880 811 720
880 720 721
880 721 807
880 807 809
880 809 876
879 881 882
879 882 883
879 883 812
879 812 810
879 810 811
879 811 880
883 814 813
883 813 812
882 884 815
882 815 726
882 726 728
882 728 814
882 814 883
885 818 816
885 816 815
885 815 884
886 887 819
886 819 817
886 817 818
886 818 885
741 738 737
741 737 820
741 820 819
741 819 887
888 822 748
888 748 747
825 823 822
825 822 888
825 888 826
828 827 889
828 889 831
832 890 891
832 891 833
834 833 891
834 891 892
834 892 893
834 893 894
834 894 895
896 835 834
896 834 895
896 895 897
898 839 836
898 836 830
898 830 835
898 835 896
898 896 899
900 840 839
900 839 898
900 898 901
765 841 840
765 840 900
765 900 843
765 843 767
765 767 766
846 845 844
846 844 843
846 843 900
846 900 901
846 901 902
903 848 847
903 847 846
903 846 902
903 902 904
903 904 905
849 848 903
849 903 852
849 852 850
853 852 903
853 903 905
853 905 906
853 906 907
855 854 853
855 853 907
855 907 908
855 908 856
856 908 909
856 909 910
856 910 911
856 911 912
856 912 913
856 913 857
857 913 914
857 914 858
858 914 915
858 915 862
858 862 859
912 916 917
912 917 918
912 918 919
912 919 920
912 920 915
912 915 914
912 914 913
862 915 920
862 920 921
862 921 868
862 868 865
862 865 863
920 919 922
920 922 923
920 923 924
920 924 921
921 924 925
921 925 872
921 872 869
921 869 868
923 926 927
923 927 928
923 928 925
923 925 924
925 928 877
925 877 873
925 873 872
927 929 878
927 878 877
927 877 928
930 931 932
930 932 933
930 933 929
930 929 927
930 927 926
933 934 881
933 881 879
933 879 878
933 878 929
932 935 936
932 936 937
932 937 934
932 934 933
937 938 886
937 886 885
937 885 884
937 884 882
937 882 881
937 881 934
939 940 941
939 941 938
939 938 937
939 937 936
939 936 942
941 889 827
941 827 826
941 826 888
941 888 747
941 747 746
941 746 821
941 821 739
941 739 741
941 741 887
941 887 886
941 886 938
831 889 941
831 941 940
831 940 890
831 890 832
943 892 891
943 891 890
943 890 940
943 940 939
893 892 943
893 943 944
945 894 893
945 893 944
945 944 946
897 895 894
897 894 945
897 945 947
897 947 948
949 899 896
949 896 897
949 897 948
949 948 950
902 901 898
902 898 899
902 899 949
902 949 904
905 904 949
905 949 950
905 950 951
905 951 952
905 952 953
905 953 906
909 953 952
909 952 954
909 954 955
909 955 956
909 956 910
907 906 953
907 953 909
907 909 908
910 956 957
910 957 958
910 958 959
910 959 911
911 959 960
911 960 916
911 916 912
960 961 962
960 962 963
960 963 964
960 964 917
960 917 916
917 964 965
917 965 966
917 966 967
917 967 968
917 968 969
917 969 918
918 969 970
918 970 922
918 922 919
968 971 972
968 972 973
968 973 970
968 970 969
922 970 973
922 973 930
922 930 926
922 926 923
973 972 974
973 974 931
973 931 930
975 974 972
975 972 971
975 971 976
975 976 977
978 935 932
978 932 931
978 931 974
978 974 975
965 979 980
965 980 981
965 981 982
965 982 978
965 978 975
965 975 977
965 977 966
983 942 936
983 936 935
983 935 978
983 978 982
983 982 984
983 984 985
946 944 943
946 943 939
946 939 942
946 942 983
946 983 986
987 986 983
987 983 985
987 985 988
989 947 945
989 945 946
989 946 986
989 986 987
952 951 989
952 989 987
952 987 988
952 988 990
952 990 954
950 948 947
950 947 989
950 989 951
955 991 992
955 992 993
955 993 957
955 957 956
957 993 994
957 994 995
957 995 996
957 996 958
958 996 997
958 997 998
958 998 961
958 961 960
958 960 959
998 962 961
967 976 971
967 971 968
966 977 976
966 976 967
963 979 965
963 965 964
994 980 979
994 979 963
994 963 962
994 962 998
994 998 997
994 997 995
988 985 984
988 984 999
988 999 990
999 984 982
999 982 981
999 981 992
999 992 991
954 990 999
954 999 991
954 991 955
995 997 996
992 981 980
992 980 994
992 994 993
617 510 508
617 508 505
617 505 504
617 504 614
617 614 715
617 715 718
617 718 808
