-1.459652561944060e-01	5.906242129184050e-01	2.498357796098490e+00
-1.465205755740890e-01	5.835747263600380e-01	2.500742073064350e+00
-1.219791416024900e-01	5.110495956385460e-01	2.515734670919570e+00
-4.693231217361470e-02	3.047565871820570e-01	2.556737919688950e+00
2.777276230292660e-02	2.982117204129870e-01	2.535284172733480e+00
8.163993907697640e-02	3.422087482952710e-01	2.504558004929490e+00
-4.471883888801250e-02	2.089953277743760e-01	2.565664526752600e+00
-4.458267313990330e-02	2.076289630272930e-01	2.565758181795020e+00
2.258179560647260e-02	2.685187892553220e-01	2.539790096614600e+00
1.529357295494030e+00	1.648783506323880e+00	1.258617764351190e+00
1.283367441570060e+00	1.785117865388990e+00	1.349325112398470e+00
7.178588800659690e-01	1.626121493448860e+00	1.720173823877230e+00
4.559287753200380e-01	1.391799747580440e+00	1.947145048121540e+00
1.682519886191270e-01	3.746882555807480e-01	2.457471370301380e+00
1.841972526338720e+00	1.478998847387900e-01	1.599497020692100e+00
2.071417107131460e+00	2.172779358786070e-01	1.447360944237870e+00
1.563477767586010e-02	1.152743819288550e+00	2.215280408782930e+00
-5.851265761512490e-02	1.004543060800710e+00	2.302454691093700e+00
-1.451084553480110e-01	8.158501751758310e-01	2.410340421288020e+00
-1.485897152412130e-01	6.981022054248980e-01	2.457564311588260e+00
-1.490268195557790e-01	6.755291318196190e-01	2.466522020716650e+00
1.509289050195330e-01	1.338319063180130e+00	2.089242188369860e+00
5.464775353846820e-02	1.224682389675190e+00	2.171763269641320e+00
1.619751091534240e-01	1.364265710186560e+00	2.070722845148350e+00
5.472290200213460e-01	1.708711308280830e+00	1.736994274292540e+00
3.924866514602240e-01	1.609143894604740e+00	1.849433210857900e+00
-2.933601941234940e-02	1.074599573536110e+00	2.261728582127340e+00
1.746012889228610e-01	-4.914199334285490e-01	2.506762385848720e+00
1.496282398127520e-01	-4.812742939569060e-01	2.515476684664780e+00
1.634327224371310e-01	-5.445025959637990e-01	2.504581931349610e+00
1.709261055591010e-01	-5.558134920405000e-01	2.501090173006100e+00
1.914249040295020e-01	-5.757775113608870e-01	2.492711868771640e+00
2.297308490025370e-01	-5.626364537546240e-01	2.482372940117680e+00
-4.954424897790390e-02	4.404495954387850e-02	2.572241624903580e+00
3.180615832372810e-02	-1.927527261778040e-01	2.549691306464280e+00
-4.830117845694990e-02	9.623820232950330e-02	2.570296906877550e+00
5.091860392977100e-01	-7.267139389886760e-01	2.346785284240170e+00
8.287083378618520e-01	-8.327520166976860e-01	2.186803006043290e+00
1.485040681496830e+00	-6.370607941075100e-01	1.833069914249800e+00
2.324646622255640e+00	1.747567643051950e-01	1.278910492404110e+00
2.507609588726720e+00	7.686918514999050e-02	1.156894141281670e+00
2.698342973737190e+00	3.973954991681140e-02	1.005997218400850e+00
2.698214104535740e+00	4.173174941474170e-02	1.005384402858160e+00
2.632810599910810e+00	3.164668006512880e-01	9.614797079289270e-01
2.627028775047890e+00	3.307122980336360e-01	9.612651325714820e-01
2.471422366572870e+00	5.952397981123860e-01	9.988626571787320e-01
2.159822448455840e+00	1.201931554728330e+00	9.789630404056020e-01
1.836771516901020e+00	1.584085077571160e+00	1.059481239568170e+00
1.754785629671220e+00	1.618990194531200e+00	1.105358555565810e+00
2.178978668370570e+00	1.176528446446920e+00	9.753097545939600e-01
1.279902122615730e+00	1.911416009672820e+00	1.258919437897340e+00
1.497484909380330e+00	1.899816288604820e+00	1.098349408888520e+00
1.352953898506130e+00	1.955468128015380e+00	1.169668790405050e+00
1.202269302066120e+00	1.923654041755900e+00	1.285022812971180e+00
6.141128123937640e-01	1.786820101828040e+00	1.649946353820650e+00
7.015452861650300e-01	1.937089642330440e+00	1.483367245066180e+00
8.431923665617830e-01	2.044074234289110e+00	1.331478170348760e+00
8.170079569310080e-01	2.048281695890490e+00	1.338819963328720e+00
7.942049277293470e-02	1.464303966465940e+00	1.993332488224170e+00
9.047316631845500e-02	1.388087644054160e+00	2.056107734384740e+00
1.367237305658980e-01	1.558077155841690e+00	1.910867840739670e+00
-2.242996228203490e-01	8.978460530694280e-01	2.337108982808180e+00
-1.497146680309470e-01	6.771966911231030e-01	2.465697448436880e+00
-1.740087265049280e-01	5.964405240798400e-01	2.487256275778450e+00
-4.816242797340300e-02	2.009619995074330e-01	2.565289526530580e+00
-1.142461921332580e-01	-3.334659990369660e-02	2.545712684306680e+00
1.620554740030800e-01	-5.528413666084560e-01	2.502238371688170e+00
2.206768821608210e-01	-6.277900182033610e-01	2.470456524169360e+00
2.521831374408600e-01	-7.124451956426720e-01	2.433953097947320e+00
2.716986126001270e-01	-7.424257541821950e-01	2.418487763422450e+00
2.951795622508430e-01	-7.428496234882780e-01	2.411220229981730e+00
3.998183067007650e-01	-7.219547901525480e-01	2.386085392687340e+00
1.021399190874890e+00	-1.054221992531760e+00	2.013123081820120e+00
1.805134423279790e+00	-9.768735492529870e-01	1.551593120554800e+00
2.050838385471960e+00	-7.541247097484230e-01	1.456595746762450e+00
2.624780979614310e+00	-6.917588882837620e-01	1.075527243589890e+00
2.681534187863540e+00	-6.419328488310610e-01	1.038046621371500e+00
2.703464927927500e+00	-6.317417517304490e-01	1.020300990468850e+00
2.704837264710000e+00	-6.299651663674960e-01	1.019159667463060e+00
2.753208750055710e+00	-4.691692962556760e-01	9.762334993900510e-01
2.761036799615740e+00	-4.247534079868080e-01	9.687828884504570e-01
2.786053414662890e+00	-2.082222734605570e-01	9.429305779085160e-01
2.772517782745920e+00	-1.377293954365810e-01	9.517822304946110e-01
2.759240351146470e+00	-8.128933788302860e-02	9.608134086278230e-01
2.733611539202780e+00	-7.506749867656810e-03	9.792027501905010e-01
2.732884045470600e+00	2.976541565563650e-03	9.760210056068160e-01
2.716870452492020e+00	9.677201130106970e-02	9.597760303217630e-01
2.715019431155890e+00	1.216426005117960e-01	9.510834929290020e-01
1.837062087468890e+00	1.689573178540950e+00	9.662294601560190e-01
1.875549550729660e+00	1.662948731399660e+00	9.399916287637030e-01
1.656101416565340e+00	1.882962423525870e+00	9.649274581220540e-01
1.662240660282830e+00	1.880374754548120e+00	9.614679713336920e-01
1.320485404612700e+00	2.133000119514630e+00	9.798683256885410e-01
1.312315458325350e+00	2.146384734725480e+00	9.685336901267170e-01
7.759131094853950e-01	2.304100036256890e+00	1.025810277340250e+00
1.305453144692410e+00	2.163472320386250e+00	9.496455211077530e-01
2.284169402387240e-02	2.272549959886030e+00	1.112737668908000e+00
8.815807188569690e-02	2.125964908351660e+00	1.289432775231500e+00
7.108936671929450e-01	2.363093902395310e+00	9.571682603534150e-01
-8.290103912490260e-01	1.848381642561180e+00	1.302854467605580e+00
-7.763678151887450e-01	1.752182062788070e+00	1.421835618794390e+00
-3.674289760844830e-01	1.479228816708370e+00	1.839505388462500e+00
-4.987090872367830e-02	2.307678768971620e+00	1.052788064881740e+00
-2.613130856355060e-01	9.158563572629850e-01	2.311326832174720e+00
-1.306060353134220e+00	1.025912416252280e+00	1.677603147958390e+00
-1.219800300149700e+00	9.449573687614520e-01	1.782956913310490e+00
-6.025047831079020e-01	8.793254809910470e-01	2.157841505479590e+00
-4.635552264481360e-01	5.755778431499820e-01	2.352788620336490e+00
-1.322779426999510e+00	4.956939753081620e-01	1.896495657222360e+00
-4.893110658516370e-01	5.679712397798570e-01	2.341104758783450e+00
-1.549402783372390e+00	3.248628765442830e-01	1.787833935082420e+00
-1.441458307901430e+00	-3.073081725080120e-01	1.897320353822010e+00
-7.975590928236050e-01	-1.207227391032660e-01	2.230229030050680e+00
-2.171746388135890e-01	-1.008412410857750e-01	2.500824066721850e+00
-1.604614476398480e+00	-5.077043625850140e-01	1.782535366802870e+00
-1.190249885778790e+00	-1.179694020559680e+00	1.839340706161630e+00
-7.092273469985050e-01	-1.007372845238600e+00	2.094583965526750e+00
-3.269460108035900e-01	-6.509692349261580e-01	2.341050126188400e+00
1.283041362520070e-01	-5.968054478469790e-01	2.482410025668760e+00
-3.897643624406560e-01	-1.245377286524130e+00	2.080362387353010e+00
4.452126589859410e-02	-9.403996978578410e-01	2.319301015203930e+00
1.101664155558190e-01	-7.624714104402230e-01	2.409589207965300e+00
2.319995101608470e-01	-9.901882847330240e-01	2.292335822170780e+00
2.981734165625380e-01	-1.133344828683160e+00	2.192762801895230e+00
8.474985794365980e-01	-1.061057044009090e+00	2.068559792280720e+00
1.019348492801270e+00	-1.065398770147460e+00	2.008340551471030e+00
1.414307462232730e+00	-1.565338349800770e+00	1.481550187835060e+00
1.563730119993640e+00	-1.550422431489500e+00	1.393647915682420e+00
2.291513368407740e+00	-1.121401232291740e+00	1.160064772900790e+00
2.495344136765780e+00	-1.100362948457890e+00	1.024344961532310e+00
2.554820351942000e+00	-1.046444077630030e+00	1.001349616308510e+00
2.617414414556300e+00	-8.540180916143340e-01	1.024304379829900e+00
2.647858701864190e+00	-8.122815959645830e-01	1.009605311859690e+00
2.651066194747710e+00	-8.046563684542160e-01	1.009213922261870e+00
2.711345525410290e+00	-6.235641728148380e-01	1.012686996747210e+00
2.740947642210330e+00	-5.690152751091700e-01	9.844200023181270e-01
2.763734399309940e+00	-4.129885411948010e-01	9.658094720221430e-01
2.765995467435000e+00	-3.989510742193710e-01	9.633843060798700e-01
2.787896717450790e+00	-2.158956211379000e-01	9.406421644286740e-01
2.743292014155380e+00	4.049069391730550e-02	9.387586280365760e-01
2.740563228140990e+00	7.224939130664750e-02	9.283216856193780e-01
2.577818307427440e+00	4.967485093867870e-01	8.809233086310920e-01
2.174764418432130e+00	1.356362973845670e+00	7.830036011569890e-01
2.076524736794390e+00	1.587864407759830e+00	6.895395352631730e-01
2.114411661663450e+00	1.537718193611110e+00	6.822151919808820e-01
1.595562106413410e+00	2.141975599535690e+00	6.246810924300270e-01
2.018200470900740e+00	1.691013850342390e+00	6.178950033512740e-01
1.599187684318030e+00	2.148336570564330e+00	6.064808555516120e-01
1.313033319150980e+00	2.180528332309680e+00	9.129060928943820e-01
1.212759656760560e+00	2.452376643375300e+00	4.689660564056860e-01
1.566619221523640e+00	2.251166933128770e+00	4.315416837030060e-01
1.212284935877630e+00	2.457232419908460e+00	4.593131068386720e-01
7.081716692375330e-01	2.373960349661800e+00	9.385998352469230e-01
6.206891337856490e-01	2.651111252922030e+00	4.246389738654860e-01
6.888585641607370e-01	2.408822204867590e+00	8.790356571370640e-01
1.145229635535990e+00	2.533233302889780e+00	3.447558621478510e-01
-1.747956130704070e-01	2.626183268939450e+00	5.075083307588530e-01
-1.715624912997790e-01	2.619432602275680e+00	5.201067619393960e-01
5.592017363911980e-01	2.685758584619340e+00	3.619848361815860e-01
4.276907501308430e-01	2.681315383511120e+00	3.762883209227440e-01
-1.472156349014620e-01	2.409314131362420e+00	8.791940769125020e-01
-6.743502909558850e-01	2.532080760991540e+00	4.468207811160420e-01
-9.343303276341230e-01	2.418744491787700e+00	5.219927013837690e-01
-2.143116674944390e-01	2.637571027983380e+00	4.714727976600590e-01
-1.171743730686830e+00	2.358141436300880e+00	4.959725012770010e-01
-1.140077639487200e+00	2.032307288843940e+00	9.295706554210760e-01
-1.584631447163990e+00	2.174701272440810e+00	4.155882410871960e-01
-1.862033106357570e+00	1.923215999844910e+00	5.228410307433060e-01
-1.185994506158170e+00	2.359351644775190e+00	4.837192656670090e-01
-1.496355202800900e+00	2.224514796265350e+00	4.194542478550120e-01
-1.920674486521270e+00	1.893428749525880e+00	5.077458974571110e-01
-1.750006422677980e+00	1.149784076259850e+00	1.263737669705350e+00
-1.916554486803850e+00	1.897615976129600e+00	5.070123221728930e-01
-2.467264737633920e+00	1.085309136200450e+00	6.786044755308110e-01
-2.479413048315750e+00	1.034049654475310e+00	7.094592907603350e-01
-2.263333409008290e+00	1.041535546591180e+00	8.954346520369950e-01
-2.061425997449490e+00	1.798396981101830e+00	4.598685453308840e-01
-2.079163930326020e+00	1.782510145259290e+00	4.570127510140800e-01
-1.910893831460310e+00	2.767621666604960e-01	1.516137712020750e+00
-2.569507563529870e+00	9.442259259114940e-01	6.673317875916530e-01
-2.691906487474010e+00	2.914198259107370e-01	8.268946251952640e-01
-2.697029242095040e+00	2.361109288581190e-01	8.450070678222450e-01
-2.639385271090820e+00	1.790777333926310e-01	9.187296319044910e-01
-2.626090800150460e+00	1.694987575785000e-01	9.342746951005030e-01
-1.924967384533260e+00	2.722325818028280e-01	1.505680131090150e+00
-2.539283455244210e+00	-4.933736341321730e-01	1.054323662039410e+00
-2.494151936259370e+00	-5.527366948384860e-01	1.095918715816280e+00
-2.332617343452490e+00	-6.833442207604840e-01	1.238826292974550e+00
-2.319967053880970e+00	-6.970217603717630e-01	1.249006117577100e+00
-1.901534781664540e+00	-6.767637363776020e-01	1.565051625494310e+00
-2.313340017354450e+00	-7.402483243752780e-01	1.243786189577000e+00
-2.093188569443900e+00	-1.209768504163170e+00	1.297268998000150e+00
-2.090707644001890e+00	-1.213229494059010e+00	1.298305165888170e+00
-2.074099867267610e+00	-1.227187607991790e+00	1.307380607220900e+00
-2.028950383713410e+00	-1.251851845102930e+00	1.335175775803110e+00
-1.916365462934110e+00	-1.376946561255000e+00	1.366230909242750e+00
-1.866468716703090e+00	-1.395385515508220e+00	1.390048870335260e+00
-1.400419546108890e+00	-1.376623602023480e+00	1.664403550433570e+00
-1.684155588451410e+00	-1.594363769551310e+00	1.395014441103300e+00
-1.520656068078560e+00	-1.655021413689610e+00	1.457907978374150e+00
-1.430585152530400e+00	-1.621571293978550e+00	1.525727741154850e+00
-1.427412284802480e+00	-1.617411812968440e+00	1.529597488059720e+00
-5.518561999499080e-01	-1.491491891569470e+00	1.896319656569500e+00
-1.013794826806680e+00	-1.863964046091140e+00	1.493062388999950e+00
-7.809806071656120e-01	-1.920144654449540e+00	1.529112619656630e+00
-6.364514420320410e-01	-1.837852005425050e+00	1.631809393137230e+00
-5.682886749687520e-01	-1.633616703185220e+00	1.793631955251660e+00
2.467746932733770e-01	-1.359215771763490e+00	2.028393003874890e+00
2.592175826417380e-01	-1.327672433046870e+00	2.051596865962390e+00
4.843059638757410e-02	-1.991758916470850e+00	1.527506790089500e+00
1.109178622510880e-01	-1.999660504639050e+00	1.522813152553130e+00
1.679784697761570e-01	-2.068202774376530e+00	1.447521270951570e+00
4.488782659250920e-01	-2.069189751981370e+00	1.363593752599760e+00
1.304331505377170e+00	-1.990908036252310e+00	1.177277947732160e+00
1.309482234117870e+00	-1.938934365667980e+00	1.220045644238180e+00
1.351082658750640e+00	-2.043500055265640e+00	1.098816635435260e+00
1.527592480814390e+00	-2.020783714167690e+00	9.995157214608870e-01
2.147600726624600e+00	-1.750501380740850e+00	8.202445788035070e-01
2.147852993456260e+00	-1.750467122093510e+00	8.200811995186230e-01
2.291625020171920e+00	-1.632860847910700e+00	7.972349710572890e-01
2.298262358801150e+00	-1.625742892174460e+00	7.973788566296800e-01
2.428959412583370e+00	-1.396069015899520e+00	8.636844350940050e-01
2.447130945840520e+00	-1.379595104574420e+00	8.566586976425200e-01
2.515640465298910e+00	-1.251408962162850e+00	8.824418271309910e-01
2.565881272827260e+00	-1.056149066466530e+00	9.814667019885910e-01
2.565747680930790e+00	-1.048796378286960e+00	9.874278392743060e-01
2.655784778520410e+00	-7.961779613004820e-01	1.006519418724010e+00
2.741475778824180e+00	-5.683607103750600e-01	9.836487898143600e-01
2.743407987757090e+00	-5.639780486232080e-01	9.810531136773140e-01
2.770241804603140e+00	-3.763006499504910e-01	9.578480590573680e-01
2.789692524825830e+00	-2.208774660414860e-01	9.370232807294680e-01
2.795006546826830e+00	-4.372216757122740e-03	7.969589418401970e-01
2.798014623277320e+00	-2.267103141883580e-01	9.106081750348230e-01
2.803415319476830e+00	-2.149039684311260e-01	8.847386527852460e-01
2.813801803977670e+00	-1.840760140249310e-01	8.304461857125170e-01
2.792118789487030e+00	2.675510119437400e-02	7.874293274359910e-01
2.802287495150020e+00	1.425912743323410e-01	5.409794897775120e-01
2.707362471760930e+00	4.514083209688980e-01	4.060791894136710e-01
2.530518719153070e+00	9.184233893913590e-01	3.445039006775720e-01
2.413465674347060e+00	1.253056200747210e+00	1.770130691561870e-01
2.352634240681560e+00	1.358045878582120e+00	2.027285588136140e-01
1.877619692187810e+00	2.066800302116970e+00	3.886593500311300e-02
2.231984909213540e+00	1.565900991000160e+00	7.216137207819960e-02
1.844615090096960e+00	2.116806416925200e+00	1.776119411636360e-03
1.811440799402440e+00	2.153017905515770e+00	8.715825297772590e-04
1.580311431107660e+00	2.268713055737360e+00	3.478666740280030e-01
1.730510417268260e+00	2.239740075295140e+00	-7.429355767747360e-02
1.456283701397030e+00	2.472248008455130e+00	-6.792829223542040e-02
1.447517975100580e+00	2.480313628801750e+00	-7.684931767647230e-02
1.148533997543620e+00	2.548802668185490e+00	2.878556151096230e-01
1.444912851705290e+00	2.482915490631820e+00	-8.249887085460270e-02
1.340308303840450e+00	2.555536242798470e+00	-1.688700539525650e-01
1.339813708263610e+00	2.555841912550870e+00	-1.690961672379710e-01
1.037400073138020e+00	2.702220870718390e+00	-1.392850652636980e-01
5.589903028942620e-01	2.687101716895630e+00	3.575360484180750e-01
1.024675841694390e+00	2.709303782435420e+00	-1.519461414729960e-01
5.195708725481110e-01	2.786668866004530e+00	1.381170177455940e-02
5.064888484862660e-01	2.782960174228790e+00	3.989015766745770e-02
1.023147915338470e+00	2.710184796667460e+00	-1.539066763423210e-01
9.570382091385560e-01	2.738860882433160e+00	-2.029571983917270e-01
6.621931591532490e-01	2.797188002058750e+00	-1.564116547667650e-01
6.171104144317120e-01	2.805000391021890e+00	-1.450673052895430e-01
-1.561814060547170e-02	2.749006078630830e+00	1.507404573408690e-01
-2.205880180348090e-01	2.668579054784760e+00	3.788733165125950e-01
-2.063857849166790e-02	2.748751015318980e+00	1.512266261775870e-01
-5.623335058430750e-01	2.585553227022050e+00	3.738040631152570e-01
-7.259386198567980e-01	2.529424246009840e+00	4.179624414832200e-01
-1.120455421012530e+00	2.415907890135020e+00	4.030116766615710e-01
-1.186567525465370e+00	2.373990777304060e+00	4.510264313806420e-01
-1.093065340378960e+00	2.428479858696840e+00	3.936960311462280e-01
-1.474247088184850e+00	2.239654548482600e+00	4.119221146296910e-01
-1.435687411945860e+00	2.260336209694720e+00	4.113080593787110e-01
-1.833437506089970e+00	2.023246538017380e+00	3.970015670315490e-01
-1.920205796785460e+00	1.944584319121520e+00	4.305491615528190e-01
-1.716915172241990e+00	2.108087849955880e+00	3.841551254552240e-01
-1.969633426420840e+00	1.907780806914090e+00	4.189581200627250e-01
-1.952250463898100e+00	1.922381346811320e+00	4.205091834536320e-01
-2.111221778236810e+00	1.757676045689410e+00	4.432266557771110e-01
-2.286646902372010e+00	1.544459008185900e+00	4.435454933113530e-01
-2.410934493579960e+00	1.375522214827090e+00	4.612781093442180e-01
-2.498646676294430e+00	1.227167771489610e+00	5.023333203470830e-01
-2.109048140036620e+00	1.759940479022970e+00	4.435915566576110e-01
-2.538666375249420e+00	1.163388117375930e+00	5.059081656153310e-01
-2.650898861686430e+00	9.165695668678800e-01	5.793516659286310e-01
-2.678481746968650e+00	8.876154964623100e-01	5.588872272005010e-01
-2.810773071877980e+00	6.870852661923610e-01	4.901764672235230e-01
-2.837301520047240e+00	6.327876877416260e-01	4.831263496984760e-01
-2.862370760666490e+00	5.837342495157690e-01	4.722870848250430e-01
-2.913224404090390e+00	2.661193277081160e-01	5.481909113730700e-01
-2.914436174843160e+00	2.540848834478640e-01	5.519973832289550e-01
-2.890843060632450e+00	2.228657093558390e-01	5.969331809391580e-01
-2.865823204296240e+00	1.973051315608170e-01	6.411965651940900e-01
-2.829920897331630e+00	-1.459744125586480e-01	7.051659135474370e-01
-2.780972931077660e+00	-1.987279561510700e-01	7.680213258763840e-01
-2.581085476135970e+00	-4.623611635786570e-01	1.005422076497310e+00
-2.371317011864710e+00	-8.771305310416760e-01	1.138690130608570e+00
-2.345245955338630e+00	-8.975242600521510e-01	1.161953295583730e+00
-1.951554431426760e+00	-1.400406026298970e+00	1.318894527914270e+00
-1.920225132075930e+00	-1.418412997298280e+00	1.337645287035340e+00
-1.782637840250020e+00	-1.568580092493180e+00	1.341393311946610e+00
-1.719764036155940e+00	-1.595245752476480e+00	1.369265486285800e+00
-1.606333339296970e+00	-1.691422463751760e+00	1.366633086931110e+00
-1.525036291439340e+00	-1.724893836501650e+00	1.395070166543330e+00
-1.389458398678580e+00	-1.855632891350360e+00	1.339173669445420e+00
-1.250156433682400e+00	-1.894492349353490e+00	1.365031457284000e+00
-9.902630529969090e-01	-2.020294368905890e+00	1.339412791424810e+00
-8.013687872166910e-01	-2.071326704279120e+00	1.362973925071260e+00
-7.090085172208030e-01	-2.155394744555030e+00	1.280116935761630e+00
-5.754838209301100e-01	-2.173726036176840e+00	1.272464269301210e+00
-2.096899136434130e-01	-2.246093280207000e+00	1.214719421977750e+00
9.130182683414170e-02	-2.286697776295440e+00	1.189128396838140e+00
1.082017858731390e-01	-2.278642492760250e+00	1.199658656172450e+00
4.174090132846390e-01	-2.277117271041920e+00	1.110565223102430e+00
7.850692256290380e-01	-2.253207477847260e+00	1.032506080279440e+00
9.209592569907430e-01	-2.252106016371730e+00	9.893098834082680e-01
1.269517696739980e+00	-2.146146855354500e+00	1.002304864828160e+00
1.321483925975550e+00	-2.117340906683470e+00	1.019863815713610e+00
1.456136870786490e+00	-2.096179678523170e+00	9.493387843737330e-01
1.602253013453460e+00	-2.046053100710840e+00	9.099013129163800e-01
1.626005420149320e+00	-2.041962158761410e+00	8.956622465452650e-01
1.888089606691200e+00	-1.919095567602850e+00	8.300166879540040e-01
1.993441287860440e+00	-1.861821717844030e+00	8.129041417489940e-01
2.058484863728310e+00	-1.822482196376090e+00	8.070252605633910e-01
2.132487814907000e+00	-1.771726959524660e+00	8.073844847249930e-01
2.145095065054470e+00	-1.757388469564450e+00	8.141468495022270e-01
2.218749104247810e+00	-1.706948419651680e+00	7.890529704616630e-01
2.224881228728850e+00	-1.702342860592370e+00	7.875174014790760e-01
2.238950012603830e+00	-1.690162734100160e+00	7.861993408155710e-01
2.271730208114610e+00	-1.657263862223630e+00	7.892976033168280e-01
2.327720971581590e+00	-1.599036363460700e+00	7.859891474537150e-01
2.327906523243800e+00	-1.598823835610050e+00	7.859633696852330e-01
2.429152218855780e+00	-1.432400285155660e+00	8.252483290870330e-01
2.435403420584540e+00	-1.419983703251230e+00	8.299230291583700e-01
2.510070480722580e+00	-1.286660909070740e+00	8.503048558981170e-01
2.652679573967140e+00	-8.212027731739870e-01	9.932083228871530e-01
2.666081779360560e+00	-7.917261690962800e-01	9.844375015094970e-01
2.748347843458690e+00	-5.550555052555680e-01	9.700065174821050e-01
2.771465432393470e+00	-3.925323238418460e-01	9.502362832648570e-01
2.821600515879450e+00	9.697577760353900e-02	4.027384166679270e-01
2.819072561771410e+00	-1.898840508663630e-01	7.844903956493680e-01
2.839579913387840e+00	-2.319895463109930e-01	5.888530862806220e-01
2.843608184383580e+00	-1.612035771163660e-01	4.536040349717040e-01
2.843826325726060e+00	-1.546271674331390e-01	4.429138041026790e-01
2.822374519944040e+00	9.532927298905950e-02	3.954023919772320e-01
2.654245630090620e+00	6.466837097429780e-01	1.142747375043420e-01
2.802726237787640e+00	1.719794124628980e-01	2.450388326786310e-01
2.723281117154270e+00	4.290347585662950e-01	1.456322069426540e-01
2.545276593377810e+00	9.538448325123170e-01	-2.002651786194480e-02
2.443904818350500e+00	1.200281020344750e+00	5.041421733743390e-02
2.350339497639740e+00	1.361499208021210e+00	-3.641730468428740e-02
2.189800059595090e+00	1.638384752413350e+00	-6.185041988827130e-02
1.885270769261440e+00	2.070102622676230e+00	-1.031951531510240e-01
2.115634323187540e+00	1.749474314737370e+00	-1.320792203819680e-01
1.714708054783820e+00	2.256074842093110e+00	-1.162876018214500e-01
1.874333919475470e+00	2.081854155715700e+00	-1.119392226258980e-01
1.684326823611070e+00	2.283663647833030e+00	-1.419986077580710e-01
1.492799363819150e+00	2.448287259079550e+00	-1.697782140873030e-01
1.483191112995390e+00	2.454969491247320e+00	-1.764494071862720e-01
1.484273080215560e+00	2.454214501254810e+00	-1.760118822776150e-01
1.333106218495640e+00	2.559495647095480e+00	-1.745827758343720e-01
1.198625284057640e+00	2.628487659293280e+00	-2.201768255292810e-01
1.083034625835020e+00	2.686544248896480e+00	-2.405150703234500e-01
1.069657859894700e+00	2.692255083698860e+00	-2.452650047269840e-01
1.052687949159740e+00	2.699390306449960e+00	-2.450884801124960e-01
9.551901330618470e-01	2.740194092969480e+00	-2.341540500033960e-01
9.487170262317740e-01	2.742873380432890e+00	-2.318311385425610e-01
7.629333269983150e-01	2.786017145708040e+00	-2.838857802665680e-01
9.197998317559820e-01	2.750171333992960e+00	-2.473419116207920e-01
9.016276856692920e-01	2.754443678273620e+00	-2.531334046020050e-01
8.430871725888420e-01	2.767932722805280e+00	-2.681854005793010e-01
5.985801404388030e-01	2.814863333737240e+00	-2.486441966058090e-01
7.124593862375160e-01	2.796259526736140e+00	-2.955962734223050e-01
6.458700980732230e-01	2.808164729403020e+00	-2.848216002841870e-01
6.177639624374860e-01	2.813056945978670e+00	-2.781509263600290e-01
5.118261245504630e-01	2.811492465414750e+00	-2.369650728373930e-01
2.657701694343280e-01	2.800123763467590e+00	-1.856838014810480e-01
2.405396696439780e-01	2.796043737547330e+00	-1.512199305461220e-01
-2.116233113633470e-02	2.749656100965630e+00	1.436898113901950e-01
-1.181692708639130e-01	2.725525737347030e+00	1.463753724720150e-01
-6.858965293223540e-01	2.566466686294680e+00	2.922116291662590e-01
-9.592313991808910e-01	2.488449114526870e+00	2.882537891149480e-01
-1.343449332078270e+00	2.311165101248870e+00	3.824383421006320e-01
-1.700416265832800e+00	2.120321517516410e+00	3.755561880022950e-01
-1.869584642852660e+00	1.997324357191730e+00	3.885477442807300e-01
-1.984035968913090e+00	1.896205778305470e+00	4.139217007524890e-01
-2.207187098806520e+00	1.660354159967650e+00	4.037385619574130e-01
-2.686246072594100e+00	9.376156465703490e-01	4.824848771400770e-01
-2.763348560214000e+00	8.097350044196350e-01	4.553403337668060e-01
-2.703869997715880e+00	9.128939740735200e-01	4.709970510506310e-01
-2.959176403846190e+00	3.984125058454810e-01	3.849873689459550e-01
-2.897294598947040e+00	5.273570132061460e-01	4.350002225831910e-01
-2.987112544081330e+00	3.433231982331950e-01	3.566553821190260e-01
-3.004312417543840e+00	2.210842207646240e-01	3.853964945594300e-01
-3.007618514338110e+00	2.130565699175630e-01	3.794715388748210e-01
-3.011305501984440e+00	2.027685733554870e-01	3.729055134534180e-01
-3.010615551439790e+00	1.891626371257580e-01	3.746024829753830e-01
-2.999406443448650e+00	5.857153082338120e-02	3.994247822396380e-01
-2.958354273551820e+00	-6.356865646854760e-03	4.779331611018050e-01
-2.942412289774380e+00	-3.507197843611410e-02	5.061524535227710e-01
-2.846165569180260e+00	-1.480993169059720e-01	6.764483301002670e-01
-2.738939988704360e+00	-4.861718824348470e-01	7.251570061686150e-01
-2.606583414451100e+00	-6.371485732289540e-01	8.917889537231050e-01
-2.524577368264410e+00	-7.600116230860440e-01	9.608833469373180e-01
-2.393864582320840e+00	-8.764268710840600e-01	1.105379611921680e+00
-2.138402133722370e+00	-1.317025717594440e+00	1.145850226184380e+00
-2.120809811834620e+00	-1.331986519845340e+00	1.160621342716550e+00
-2.095498144558390e+00	-1.339062069671320e+00	1.193114478828000e+00
-2.010138892223760e+00	-1.396060199817210e+00	1.251414136011770e+00
-1.781524041460040e+00	-1.645577634182020e+00	1.257641848937710e+00
-1.776897501644590e+00	-1.653925779729850e+00	1.252660258805200e+00
-1.704209269276290e+00	-1.688792049154110e+00	1.280442959980690e+00
-1.390486343606580e+00	-1.909602914684220e+00	1.263801204602040e+00
-1.369100155948970e+00	-1.938134266436330e+00	1.236497010443070e+00
-1.317550208651740e+00	-1.979690135184980e+00	1.208411760965850e+00
-1.147797371565870e+00	-2.032358750095510e+00	1.232555610507830e+00
-7.701211700835470e-01	-2.190429239305430e+00	1.190200960658970e+00
-7.175112051711400e-01	-2.205859081988080e+00	1.194820644382330e+00
-6.573959771458260e-01	-2.247089578463600e+00	1.136589835399060e+00
-3.931182335585150e-01	-2.286187349602440e+00	1.116777001089580e+00
-1.639780073946150e-01	-2.327147789493560e+00	1.079698950406150e+00
-9.782394134999710e-03	-2.348994209751510e+00	1.064755360730160e+00
7.608369182311360e-02	-2.324604666551200e+00	1.120447697839630e+00
1.951255603820840e-01	-2.323239133552120e+00	1.087659148944970e+00
4.871129831440910e-01	-2.309745794499710e+00	1.026804656653790e+00
7.294565302957310e-01	-2.305262356345660e+00	9.544222265945570e-01
8.955692534693450e-01	-2.262018912955180e+00	9.793606528596630e-01
1.321953318346900e+00	-2.136810560291290e+00	9.772307188967820e-01
1.461578194951810e+00	-2.097691277410660e+00	9.413640786029110e-01
1.608050423175420e+00	-2.051653556231310e+00	8.937043033010530e-01
1.545668008575170e+00	-2.080762035595200e+00	8.956768837848690e-01
2.129568142859320e+00	-1.774946699032100e+00	8.045088549438520e-01
2.133258598328110e+00	-1.771829713536040e+00	8.059093398063870e-01
2.080558981846010e+00	-1.810320012949540e+00	8.001166723121920e-01
2.300492821256410e+00	-1.631188311433790e+00	7.781769914513760e-01
2.342132993379500e+00	-1.583267317360160e+00	7.770520307611960e-01
2.413698128599780e+00	-1.471117960509750e+00	7.946949295292980e-01
2.520180116930810e+00	-1.288197442133630e+00	8.066969979378390e-01
2.452959497870760e+00	-1.413859952421810e+00	7.750274676246760e-01
2.510754462063600e+00	-1.313789398236520e+00	7.833968293085710e-01
2.603306438555110e+00	-1.070805745833310e+00	8.061044763093340e-01
2.788150825804880e+00	-5.857836645146230e-01	6.837893023833290e-01
2.765649020091080e+00	-6.509694391089650e-01	6.868574104573770e-01
2.789135459982700e+00	-5.825855512897190e-01	6.799325929910420e-01
2.791231238247100e+00	-5.755633298011190e-01	6.696360376528950e-01
2.784884343174120e+00	9.200679476613980e-02	5.220217003516600e-03
2.785839969612520e+00	9.456949118165780e-02	1.532374614892570e-02
2.839994634543840e+00	-1.608581452413600e-01	3.987182411779060e-01
2.806217344047800e+00	-2.343118143981500e-01	4.871599675060010e-02
2.784321068660820e+00	7.080239013934540e-02	-1.013262713839550e-02
2.660157701600150e+00	5.500242191336870e-01	-6.485434775714960e-02
2.545691625000050e+00	9.213602042034770e-01	-9.247283638393070e-02
2.605521229604700e+00	7.079058600027760e-01	-1.231576646985880e-01
2.564500235469770e+00	8.372332218337720e-01	-1.417903251639330e-01
2.304893098406760e+00	1.410449886454870e+00	-1.459038355391900e-01
2.286738300104830e+00	1.438461972577180e+00	-1.602587843267290e-01
2.142126927273990e+00	1.687874635297000e+00	-1.831682333158870e-01
2.118609602723740e+00	1.737698114400000e+00	-1.546851912369320e-01
1.856114009753700e+00	2.093265147613880e+00	-1.502821052983070e-01
1.883964182884890e+00	2.048136088126070e+00	-1.723330868480710e-01
1.688003157117250e+00	2.276751647714240e+00	-1.548626668106880e-01
1.647603211858450e+00	2.306654044633390e+00	-1.779225701620800e-01
1.336916272103040e+00	2.555284926097150e+00	-1.831628320802790e-01
1.462573143293140e+00	2.466842749716200e+00	-1.898284724633460e-01
1.210593995213870e+00	2.621223551666050e+00	-2.210519955920280e-01
9.847587162676570e-01	2.726477735603130e+00	-2.464165228698120e-01
9.607901504812630e-01	2.736509881504700e+00	-2.437286570337140e-01
6.867238076563450e-01	2.799196364936320e+00	-3.052181099142800e-01
6.566002867457700e-01	2.804581828454620e+00	-3.003438474425570e-01
6.397389352972870e-01	2.807203381911810e+00	-2.987222822104850e-01
6.146078977873250e-01	2.811336889357630e+00	-2.945814012814790e-01
4.266844053357690e-01	2.797109733696630e+00	-3.423241377511010e-01
3.706765994981740e-01	2.795310623157290e+00	-3.308147460849220e-01
6.074460627359980e-01	2.810515869173310e+00	-2.993431033463440e-01
4.924574480617650e-01	2.801419951871770e+00	-3.326542622686070e-01
2.566618120727430e-01	2.789464669092500e+00	-3.144341728835280e-01
2.636571746582470e-01	2.789788006136500e+00	-3.158921236554360e-01
1.808710710796660e-01	2.767614978794900e+00	-3.584107757834720e-01
-5.472536698078060e-01	2.596887119655840e+00	-1.782636043059710e-01
-8.921732048369880e-01	2.499996315279330e+00	-1.028967802085770e-01
-9.502303333972090e-01	2.484915735457560e+00	-2.670841357310570e-02
-6.092236848421250e-01	2.579268252869540e+00	-1.755797872829320e-01
-1.585013510463550e+00	2.192785004670510e+00	1.600263702979880e-01
-1.631171231604430e+00	2.168226529658460e+00	1.567576315253820e-01
-1.686904397317380e+00	2.134871637832840e+00	2.276557775160520e-01
-1.932364799950850e+00	1.954236478980910e+00	3.138811318357080e-01
-1.972168687831760e+00	1.921540394546060e+00	3.050377321956860e-01
-1.974827082852400e+00	1.919036368206620e+00	3.023000262206720e-01
-2.208018390558910e+00	1.659626328713770e+00	4.024034976562320e-01
-2.321381141304000e+00	1.524028694728680e+00	3.518856827079300e-01
-2.405750559873120e+00	1.400972501891170e+00	3.941522184028020e-01
-2.541148453560670e+00	1.191716758297710e+00	3.808847140361090e-01
-2.897806898132160e+00	5.746055733709470e-01	3.453064995202140e-01
-2.916527392203740e+00	5.415904553979520e-01	3.191060603837190e-01
-2.956118153039220e+00	4.382913276965020e-01	3.255423403331590e-01
-2.988722844557900e+00	3.417637700356550e-01	3.520206189026490e-01
-3.017943434835510e+00	2.617552125793530e-01	3.063750911525020e-01
-3.027557944577580e+00	2.356687801314040e-01	2.887196962104960e-01
-3.033598647326440e+00	1.878376764924210e-01	2.998287615166700e-01
-3.036172759438500e+00	1.738850542272210e-01	2.908967780438230e-01
-3.030852018592580e+00	9.973147611467770e-02	3.051992470250020e-01
-3.029603426966020e+00	8.624062074847430e-02	3.087162216393900e-01
-3.026666472947060e+00	5.202304017967140e-02	3.152201922042060e-01
-3.018780582869710e+00	-1.884070390705930e-02	2.925733828771000e-01
-2.971149928955500e+00	-1.937497150008310e-01	3.193337217371330e-01
-2.965125165163570e+00	-2.111588700328530e-01	3.257620762950670e-01
-2.951612364711420e+00	-2.233927498833270e-01	3.575092539451270e-01
-3.026493108322310e+00	2.895442725911510e-02	3.008217919934730e-01
-3.021545799667340e+00	-5.170987564747910e-03	2.932900802908360e-01
-2.767377179134090e+00	-4.840362931571910e-01	6.540563305888370e-01
-2.496432507069750e+00	-1.212271837092160e+00	5.069521446671070e-01
-2.652396465948980e+00	-9.154675581135180e-01	4.490695027812250e-01
-2.537354874191770e+00	-1.149136219409300e+00	4.745974000546850e-01
-2.472200641431280e+00	-1.249642055619490e+00	5.158061975751490e-01
-2.478472525961240e+00	-1.243248381233260e+00	5.097975422941580e-01
-2.183461601249470e+00	-1.631639056156490e+00	5.375210087329990e-01
-2.122838299400610e+00	-1.662653956692360e+00	6.215949765690140e-01
-2.080990309286460e+00	-1.620290026723170e+00	7.827242888463640e-01
-1.798743319740530e+00	-1.676338852484730e+00	1.180475343321400e+00
-1.878339481088310e+00	-1.883550985518360e+00	6.187357452500640e-01
-1.787346010103840e+00	-1.913418888942460e+00	7.231759909566240e-01
-1.766856751946110e+00	-1.888021860312280e+00	8.114520113579970e-01
-1.406848267692750e+00	-2.142836750012360e+00	6.992302277786400e-01
-1.309238443492250e+00	-2.160295494277680e+00	7.912998627851200e-01
-1.412231849039070e+00	-2.141193170238960e+00	6.957694941257840e-01
-1.243199209466230e+00	-2.182304351249630e+00	7.971235855673520e-01
-7.850543046110880e-01	-2.352381267034350e+00	7.412554166208670e-01
-6.832630077751140e-01	-2.356624701054280e+00	8.191200470262640e-01
-5.719986178756390e-01	-2.373922555237380e+00	8.084175582055420e-01
-4.573068158583820e-02	-2.403822885146630e+00	8.901560726194500e-01
-2.487736266692690e-01	-2.427098662793240e+00	7.551618833637920e-01
3.941584679070840e-01	-2.389693294621110e+00	7.997606756184150e-01
4.407448301786440e-01	-2.388506641706960e+00	7.869035017779360e-01
1.381024515329550e+00	-2.145268343328380e+00	8.712416119322700e-01
1.322285414789060e+00	-2.161967746740370e+00	8.737864770322910e-01
1.453187488126490e+00	-2.125050179049910e+00	8.527044973154640e-01
1.836870814327970e+00	-1.946348072939160e+00	8.263917642655850e-01
2.058956405884670e+00	-1.825723454087270e+00	7.923994366055930e-01
2.196124806631500e+00	-1.725967381122570e+00	7.811288154949020e-01
2.292529897954650e+00	-1.641588391605930e+00	7.654835210865220e-01
2.299520127059510e+00	-1.634382307098530e+00	7.565498649965520e-01
2.347515198966070e+00	-1.580994464318140e+00	7.359474550904360e-01
2.386614406606680e+00	-1.531279472961740e+00	6.659729817640130e-01
2.514778203057290e+00	-1.313217835524290e+00	5.347647112797820e-01
2.390700927728930e+00	-1.524711645694910e+00	6.469026731374990e-01
2.445417152631380e+00	-1.432069121348600e+00	5.731759289996610e-01
2.578690927322970e+00	-1.155029451219620e+00	3.105402418010520e-01
2.758642699566420e+00	-6.217481912380010e-01	1.587802254204080e-01
2.583143761981110e+00	-1.138843245920590e+00	2.748941498620350e-01
2.613625439683180e+00	-1.046471857584980e+00	2.273915736853840e-01
2.754500413461850e+00	-6.294114574559370e-01	1.129881867815690e-01
2.755066843572730e+00	-6.082056523416040e-01	7.643836789853780e-02
2.793716535030190e+00	-3.020715749512980e-01	5.339388576546370e-03
2.659483879704090e+00	-3.919722695401720e-01	-4.346647460103250e-01
2.654059959042900e+00	-3.943196620789710e-01	-4.523922613164800e-01
2.735118951427740e+00	4.504867099803200e-02	-1.711231029224400e-01
2.571217155572650e+00	5.670677180246080e-03	-6.774434641892590e-01
2.606523881671140e+00	-4.245447750370930e-01	-6.006254362294340e-01
2.589893461439460e+00	-3.959529708223350e-01	-6.495955176533250e-01
2.556540743078830e+00	-7.269648823585530e-03	-7.234769448118000e-01
2.346288126473850e+00	8.536025356702130e-01	-6.873584360713400e-01
2.551477951857550e+00	-2.278570423082460e-03	-7.330675407499960e-01
2.329364688273120e+00	6.979918579919430e-01	-8.339587500613720e-01
2.318217108200530e+00	9.325911380868120e-01	-6.679960619821100e-01
1.994781865653490e+00	1.717623196289310e+00	-4.612725378347790e-01
2.002952099623570e+00	1.476340014258850e+00	-7.179422951595040e-01
1.906129135864770e+00	1.887651295583340e+00	-3.826917591388000e-01
1.560924395179750e+00	2.323866844093030e+00	-3.000757442507720e-01
1.644332144630670e+00	2.173380736168010e+00	-3.898225553033830e-01
1.467208546205830e+00	2.436062803451000e+00	-2.434871166667570e-01
1.515270769731350e+00	2.368738182119140e+00	-2.922316231295820e-01
1.202730952992160e+00	2.622210983755420e+00	-2.294572512626470e-01
1.097329639925680e+00	2.669950042711020e+00	-2.603422849342420e-01
8.942106026594740e-01	2.754571955965010e+00	-2.592978055022840e-01
8.668387164746450e-01	2.760964210216710e+00	-2.660972661622440e-01
6.348129468645280e-01	2.806638852443870e+00	-3.019965988476100e-01
6.857842187895970e-01	2.799029463282670e+00	-3.060059021454490e-01
6.369690307594390e-01	2.806250807475430e+00	-3.023449382518970e-01
3.047780249851060e-01	2.776059464849980e+00	-3.753676846745660e-01
2.247705380390090e-01	2.759672967298020e+00	-4.000330973317600e-01
1.705496289574990e-01	2.757168291513370e+00	-3.887328627063870e-01
-3.755281183864830e-01	2.545811276534510e+00	-5.948737796635690e-01
-1.832657112750410e-02	2.677749859805270e+00	-4.858891186268140e-01
-2.648594011097640e-01	2.581475716397090e+00	-5.824583064299530e-01
-5.843486037443440e-01	2.459468782104390e+00	-6.423273800274130e-01
-5.887482762114180e-01	2.457752173121560e+00	-6.429436768573060e-01
-1.085634667485300e+00	2.318540036131880e+00	-5.153047421563770e-01
-1.187505201180600e+00	2.256679365421690e+00	-5.614178199643000e-01
-1.329027668942660e+00	2.180309402695790e+00	-5.768523664682500e-01
-1.631400115545100e+00	2.167854296072600e+00	1.554725784917440e-01
-1.403220281549990e+00	2.124504386941480e+00	-6.153522330415190e-01
-1.860685614521980e+00	1.872418207809550e+00	-4.721707068955450e-01
-1.880776694533850e+00	1.872650788392810e+00	-4.191115151920410e-01
-1.861411294323330e+00	1.926582614195680e+00	-2.462373495649740e-01
-1.986580340696530e+00	1.897805366510260e+00	2.221162163397560e-01
-2.256365593739140e+00	1.532153992039780e+00	-2.738967669152980e-01
-2.257307222607670e+00	1.531476701497330e+00	-2.726536765746290e-01
-2.249493996317700e+00	1.554416231766200e+00	-1.970519739021010e-01
-2.272680406658210e+00	1.507387334673800e+00	-2.764446256892410e-01
-2.784923186715700e+00	7.602622609576850e-01	-1.982677201247710e-02
-2.830077707013500e+00	6.820822809363540e-01	-2.636525169355830e-02
-2.902610420121300e+00	5.594598656081850e-01	7.849363664837820e-02
-2.913059488649840e+00	5.420829833575120e-01	1.046980977024090e-01
-3.021091150831100e+00	2.627022228706950e-01	1.840513579830180e-01
-3.022710760431580e+00	2.587540666386900e-01	1.915044309136760e-01
-3.026562878458650e+00	2.462379442070960e-01	2.066061065486140e-01
-3.031333529117380e+00	2.302863986572040e-01	2.300014268469580e-01
-3.027650650154950e+00	2.355030376778660e-01	2.877112473446530e-01
-3.038181092732360e+00	1.805728942494450e-01	2.446166542840720e-01
-3.038358348568600e+00	1.774634244862930e-01	2.505563057183360e-01
-3.037741953737870e+00	1.847423186006350e-01	2.407098679419190e-01
-3.038657076840450e+00	1.684819684903540e-01	2.651514377359850e-01
-3.034590745988060e+00	1.173700043026080e-01	2.787289340909640e-01
-3.031824788741750e+00	8.511203727945670e-02	2.848609841596510e-01
-2.985120019248680e+00	-1.669743253984210e-01	2.727515874597130e-01
-2.945924454799660e+00	-3.015570226811840e-01	2.648956998192970e-01
-2.967172915950930e+00	-2.345755365844770e-01	2.552459889438610e-01
-2.616950374404710e+00	-1.063399848110460e+00	2.828402408340720e-01
-2.772157687461140e+00	-7.424160840040680e-01	2.615604528677340e-01
-2.558942667092390e+00	-1.170064657799720e+00	2.690324036637170e-01
-2.449061420398550e+00	-1.359575518912740e+00	2.864393791393690e-01
-2.323141660925580e+00	-1.551659960610580e+00	2.216355982396720e-01
-2.187836709492990e+00	-1.636424602641360e+00	5.063919947476710e-01
-2.398928400849550e+00	-1.446180461758570e+00	2.311371038374480e-01
-2.263518228445610e+00	-1.628760018058410e+00	1.695209052457740e-01
-2.092971541847260e+00	-1.814903051446680e+00	1.741674046093280e-01
-2.274443250649920e+00	-1.615468370576960e+00	1.753551279072890e-01
-2.074213346592810e+00	-1.834902466249610e+00	1.630504480412520e-01
-1.889347030673520e+00	-1.892116870034740e+00	5.527960131564220e-01
-2.077390937009870e+00	-1.832170921477270e+00	1.625900185698260e-01
-1.691246207356010e+00	-2.116030204794920e+00	7.928172413918740e-02
-1.682330471436400e+00	-2.120888292856430e+00	8.657733647801650e-02
-1.961680803111130e+00	-1.925683631673530e+00	9.362642199970160e-02
-1.663129115675380e+00	-2.130740527100510e+00	9.308384655165390e-02
-1.453996826730370e+00	-2.227637690954800e+00	7.130435475569020e-03
-1.012238548735250e+00	-2.412530282455730e+00	-4.241040407987910e-02
-1.005559130119130e+00	-2.406884773581590e+00	1.313944286412860e-02
-8.111093368130830e-01	-2.363323264284510e+00	6.302857764974060e-01
-8.491602799399960e-01	-2.446154605113200e+00	-1.058449553951540e-01
-4.308000144072240e-01	-2.520941029911330e+00	-1.735410962102720e-01
-3.928078542824800e-01	-2.502986374037420e+00	2.522575546903870e-02
-9.989221874442510e-01	-2.417678446141570e+00	-6.750920932298630e-02
-3.784663908425560e-01	-2.497800928301860e+00	7.998825431564780e-02
4.138161545342600e-01	-2.406975049630590e+00	6.067545656367360e-01
3.823977240904190e-01	-2.443737390508410e+00	1.626797306509770e-01
-4.231567719539150e-01	-2.521540023674700e+00	-1.872750047679770e-01
1.723766648045850e-03	-2.501906940621770e+00	-2.758260706912300e-01
3.427308483286340e-01	-2.457947476004160e+00	1.301128036334110e-02
1.462046824455470e+00	-2.128528085345570e+00	5.426312117399270e-01
7.692745314448810e-01	-2.338441721155870e+00	-9.655849771787220e-02
1.536098044756760e+00	-2.093743750827130e+00	5.494665150982110e-01
2.072337384243440e+00	-1.811312418508430e+00	6.458835033501690e-01
1.869258602921500e+00	-1.910153085881670e+00	4.451904514151060e-01
2.084862906327290e+00	-1.802329890082280e+00	6.488119532131980e-01
2.321220783575260e+00	-1.588052096568810e+00	5.574277007906120e-01
2.328454906748860e+00	-1.579139610732230e+00	5.469195390045590e-01
2.341480067624510e+00	-1.493982088395900e+00	3.016850624485480e-01
2.471416521637640e+00	-1.304464451301320e+00	2.365907970131140e-01
2.526692415494540e+00	-1.195499110824850e+00	1.507070864262480e-01
2.610312400520610e+00	-7.407337654221790e-01	-3.530160494986660e-01
2.503701433421390e+00	-1.014334130470020e+00	-2.786103333616570e-01
2.609337954107310e+00	-7.411498121569270e-01	-3.562037835374670e-01
2.712502665535260e+00	-6.420402040348130e-01	-5.931261990528570e-02
2.576026488960810e+00	-6.412716024038140e-01	-5.496676393046520e-01
2.382161106488670e+00	-4.722317093439110e-01	-1.034680600272940e+00
2.284538074906400e+00	-4.900164453425780e-01	-1.216189387592300e+00
2.414114673628460e+00	-5.006878869907710e-02	-9.877802006086930e-01
2.231118779587010e+00	-5.086497215823890e-01	-1.310592446277660e+00
2.078115941086360e+00	-3.523332631088420e-01	-1.581277826686410e+00
2.052803951205720e+00	-1.103270391886180e-01	-1.626374832819370e+00
2.078407127563230e+00	-9.400015344566510e-02	-1.581136826018200e+00
2.181807640087570e+00	6.148078255064090e-01	-1.120317369516440e+00
1.980012960425580e+00	-7.034511226183830e-02	-1.717588947837100e+00
1.896250946541080e+00	-8.208709659327570e-03	-1.815580432888770e+00
1.756743649802900e+00	3.602028191230170e-01	-1.864154669877740e+00
1.813410012981660e+00	5.437108514348170e-01	-1.700281502717450e+00
1.914603563568930e+00	6.231343273712660e-01	-1.515062206010240e+00
1.945295367845290e+00	1.429096671631970e+00	-8.413081127877540e-01
1.630950442601180e+00	8.016229981600560e-01	-1.717425747470420e+00
1.713894631006660e+00	1.446264737311610e+00	-1.107845740544810e+00
1.652963152398250e+00	1.575771919283340e+00	-1.039850487502160e+00
1.215395911747310e+00	2.376797988414590e+00	-5.562980822654060e-01
1.403771504442650e+00	1.787052557248680e+00	-1.034066147338420e+00
1.243945850369400e+00	2.123684322410950e+00	-8.089586584696710e-01
1.095232801660690e+00	2.560002092908700e+00	-4.139008942811470e-01
7.055741640863440e-01	2.748615773211060e+00	-3.754904640244450e-01
6.807129333707440e-01	2.768944039787220e+00	-3.568597544213570e-01
6.970203558159140e-01	2.750924175085950e+00	-3.765556320190430e-01
5.681517309351550e-01	2.791207800637450e+00	-3.390896348647010e-01
1.762085673617510e-02	2.660924961275980e+00	-5.290851978408430e-01
-1.012406491694720e-01	2.592116137303260e+00	-6.171967215555820e-01
-1.030186984705350e+00	2.213037273254780e+00	-7.920994822032820e-01
-1.106855402581790e+00	2.149416816386870e+00	-8.433597118383590e-01
-1.134581337333170e+00	2.133041682472260e+00	-8.491149925822380e-01
-1.470687829847420e+00	2.017730325602470e+00	-7.583967908440000e-01
-1.614481675867860e+00	1.891165191507520e+00	-8.250236233004230e-01
-1.704939765214220e+00	1.829127833371480e+00	-8.254607140304990e-01
-1.862883025657410e+00	1.849575305718830e+00	-5.225056369181040e-01
-1.816817549661170e+00	1.701861191069840e+00	-8.854717199419910e-01
-2.020041601352200e+00	1.562692346774380e+00	-8.162342274704420e-01
-2.053254041677800e+00	1.521952026643410e+00	-8.294849547804510e-01
-2.120599746529380e+00	1.397218127010740e+00	-8.814996228123720e-01
-2.463424205451140e+00	9.886983465470460e-01	-7.287092867308600e-01
-2.485191013704130e+00	9.748774148756900e-01	-6.966618406514430e-01
-2.064829974842470e+00	1.488886977678130e+00	-8.598590125319400e-01
-2.624006727200910e+00	8.013957170493710e-01	-5.585213629062200e-01
-2.761009578747130e+00	6.715637454849570e-01	-3.242608872687340e-01
-2.848921688514930e+00	4.782248579974470e-01	-2.667312876676140e-01
-2.943292642832290e+00	3.786090239303450e-01	-3.707023453855780e-02
-2.951461053379520e+00	3.638601641083950e-01	-1.880836023485260e-02
-3.016557146696830e+00	2.592020519044070e-01	1.514620045111070e-01
-3.021580985893500e+00	2.278319495582710e-01	1.589590793752770e-01
-3.027803840269990e+00	2.142245473039930e-01	1.887735326035210e-01
-3.031709705386400e+00	9.798642176157910e-02	2.677283207932090e-01
-3.026453284274060e+00	4.772258840364740e-02	2.770949657771830e-01
-2.937804313873380e+00	-3.227479318336230e-01	2.261615196339560e-01
-2.932540292592240e+00	-3.421018316927100e-01	2.550788854060350e-01
-2.954938850651780e+00	-2.706881900705620e-01	2.372550804217750e-01
-2.928504093356250e+00	-3.449025453805910e-01	2.174444724895850e-01
-2.835169636498980e+00	-5.913854853365640e-01	2.499430637639720e-01
-2.407193681412730e+00	-1.431978948189670e+00	2.048805101786290e-01
-2.358998148588650e+00	-1.495944779893390e+00	1.674096367533290e-01
-2.394022473173760e+00	-1.448994724607460e+00	1.899710036668320e-01
-2.090877172873150e+00	-1.818235192730660e+00	1.267645356764890e-01
-2.210735688992100e+00	-1.687413815694310e+00	1.234986278279240e-01
-2.003346149364770e+00	-1.888165912501980e+00	6.292019395507240e-02
-1.944080556243740e+00	-1.938415833454720e+00	6.154465287750150e-02
-1.780210539676420e+00	-2.054475555623950e+00	-1.291459828867340e-02
-1.717822762146970e+00	-2.098141462552770e+00	6.108517571229990e-03
-1.831212695301440e+00	-2.018546516816440e+00	-7.329605901034930e-03
-1.426317665839240e+00	-2.231966576464670e+00	-1.323508552970840e-01
-1.352515233504640e+00	-2.267692215956140e+00	-1.396255493403340e-01
-1.054863168131000e+00	-2.390683773482570e+00	-2.616816101240210e-01
-7.158845789969590e-01	-2.453621041749850e+00	-3.677570713426470e-01
-6.316717492961860e-01	-2.470279428356500e+00	-3.810514560012910e-01
-1.047907691050450e+00	-2.391059964765540e+00	-2.755215509729020e-01
-4.653136209900970e-01	-2.499100850910560e+00	-4.229153496264120e-01
-6.447262972417990e-03	-2.497311513341250e+00	-3.239805820588160e-01
-4.259897226956660e-01	-2.491710454897310e+00	-4.869679974615840e-01
-3.663022941656920e-01	-2.485217803309510e+00	-5.368150638129620e-01
-1.473970594231250e-01	-2.453579200882280e+00	-7.251446571135190e-01
-3.596257957590850e-02	-2.446331034388850e+00	-7.488039506081230e-01
-1.974163569499840e-01	-2.459475132346920e+00	-6.929747057134340e-01
-1.220113558245460e-02	-2.435693544473320e+00	-7.839709474324610e-01
5.444869066356410e-03	-2.428617689616460e+00	-8.040594311228420e-01
7.049335107673770e-01	-2.320550120638650e+00	-3.421729673122130e-01
7.084988529914670e-01	-2.246803494121840e+00	-7.008650241732690e-01
5.093594825849330e-02	-2.396826450038650e+00	-8.961654574731370e-01
1.635179959454070e-01	-2.337530554637210e+00	-1.028509795833950e+00
1.937158406470300e-01	-2.322978769077300e+00	-1.057346388600700e+00
4.503445548829910e-01	-2.234933074259460e+00	-1.126613137735050e+00
5.998880590961790e-01	-2.220508458155600e+00	-9.850705740310610e-01
1.762608134948750e+00	-1.900786565116560e+00	1.391465404383460e-01
1.584878610326980e+00	-1.710763269740940e+00	-7.948890878549790e-01
1.781265891180240e+00	-1.737097744703980e+00	-3.486973219913700e-01
1.172103067929800e+00	-1.828649116205210e+00	-1.180022331337180e+00
2.281139782695230e+00	-1.498340724244520e+00	1.601637093275720e-01
2.283657346835930e+00	-1.118223476379930e+00	-6.140438067646250e-01
2.074412633846630e+00	-1.127425207528020e+00	-1.013064011162730e+00
2.099764265409360e+00	-1.113829545642840e+00	-9.903135091020800e-01
2.441918010212530e+00	-1.028250974521240e+00	-4.041199883259220e-01
2.394203700921960e+00	-7.210457060870780e-01	-8.735371530155170e-01
2.273636227451940e+00	-7.314427935622280e-01	-1.104095658109320e+00
2.456809869137190e+00	-6.871286291155420e-01	-7.695777257945440e-01
2.210399827312980e+00	-6.380620906635650e-01	-1.279665668471620e+00
1.967716639541530e+00	-3.777133804683900e-01	-1.714576203669140e+00
1.893856786312110e+00	-3.816432243974130e-01	-1.804521996420230e+00
1.871601576303400e+00	-3.596221435135920e-01	-1.832986454911070e+00
1.839624414509350e+00	-3.365782834647680e-01	-1.870375086039350e+00
1.798217136926840e+00	-2.040053350886360e-02	-1.927635844033170e+00
1.798068892571070e+00	-1.593899198583680e-02	-1.927944798478500e+00
1.676809543123560e+00	1.151686001811020e-01	-2.025539479116100e+00
1.722532600372510e+00	3.405541152529190e-01	-1.908271634087630e+00
1.654327983532830e+00	1.264289918309320e-01	-2.043062288230530e+00
1.571117022822740e+00	3.038977799485460e-01	-2.063278001593360e+00
1.571013391907760e+00	3.045481611855250e-01	-2.063161147496100e+00
1.587073984211120e+00	3.405694621195970e-01	-2.036159769792690e+00
1.586806039236730e+00	3.415194939880110e-01	-2.035837181913660e+00
1.629500975894580e+00	8.002400443698530e-01	-1.719625827487280e+00
1.416617477823990e+00	5.272686395928900e-01	-2.040473300259500e+00
1.459618368739710e+00	7.960261301136590e-01	-1.842483447270940e+00
1.356231026714990e+00	1.028391700088750e+00	-1.716316785916930e+00
8.741861097884310e-01	1.308733268613960e+00	-1.678536928914990e+00
7.971853642069760e-01	1.498323759032710e+00	-1.546168950677510e+00
6.771434771058780e-01	2.050477717966760e+00	-1.115967770169290e+00
6.043976948335760e-01	2.157702437986270e+00	-1.033612446678160e+00
6.760366627684470e-01	2.688891090322710e+00	-4.498605148499030e-01
-1.929164677577630e-01	2.336877713716660e+00	-9.121877754609370e-01
-1.414800896133200e-01	2.450458212690210e+00	-7.840494229184590e-01
-2.683872919022220e-01	2.286523938051150e+00	-9.534884638351520e-01
-3.485370432399780e-01	2.218814876188810e+00	-1.008520805946110e+00
-1.471214690607550e+00	1.842682297724230e+00	-9.969792352205290e-01
-1.546051082962610e+00	1.737845236123590e+00	-1.060311263636040e+00
-1.856357620472140e+00	1.602568751519440e+00	-9.705875292455100e-01
-1.510073832855200e+00	1.782040087943450e+00	-1.037163355127280e+00
-1.963000718850570e+00	1.468268034481290e+00	-1.017899301071230e+00
-1.994072968371190e+00	1.344103924115400e+00	-1.106756878197630e+00
-2.186730879957070e+00	1.169445464297990e+00	-1.032268925328880e+00
-1.992481790508280e+00	1.346902831704700e+00	-1.105946780478140e+00
-2.265757609695980e+00	1.021583254358550e+00	-1.062012335180460e+00
-2.358788149650530e+00	9.701011752217950e-01	-9.487109820838530e-01
-2.519484625096010e+00	6.814207976438640e-01	-8.569593745019540e-01
-2.643200195350340e+00	6.467377694610430e-01	-6.408035475281830e-01
-2.824622697813800e+00	4.696916180708570e-01	-3.349029770500950e-01
-2.829233272431750e+00	4.450992426130550e-01	-3.288920410136030e-01
-2.948378757112320e+00	3.229887612392690e-01	-3.796603904077280e-02
-3.015363591043950e+00	2.234747854802670e-01	1.392269692123420e-01
-3.009668343151250e+00	1.472319958112180e-01	1.615680224310620e-01
-2.808057035663670e+00	-5.659627902180340e-01	8.938393313959690e-02
-2.793661733379500e+00	-6.942954620019730e-01	2.526348897889940e-01
-2.814582653374100e+00	-5.439451910364620e-01	7.872547824327910e-02
-2.221901235670600e+00	-1.657564937731550e+00	7.750543532365560e-02
-2.271299124581990e+00	-1.592179563664750e+00	8.705403596684270e-02
-2.196646377436790e+00	-1.676970229335970e+00	5.707794983625160e-02
-2.002969210487070e+00	-1.888354571127980e+00	6.235371447149530e-02
-1.883997228756070e+00	-1.970936823820910e+00	-1.826415206663920e-02
-1.524857353499990e+00	-2.167340718468270e+00	-1.483263709366620e-01
-1.405553369857210e+00	-2.236722035299700e+00	-1.576771286439270e-01
-1.056792473555670e+00	-2.378792521955410e+00	-3.096795468265120e-01
-1.064364827852390e+00	-2.374039009591560e+00	-3.137175674569240e-01
-6.888933890682970e-01	-2.445742513271360e+00	-4.200803405471650e-01
-6.646934886634700e-01	-2.451180121378180e+00	-4.237659356786400e-01
-5.055568684296640e-02	-2.429834150251160e+00	-8.034830429107540e-01
3.068601664213540e-01	-2.234081654197610e+00	-1.230292643871350e+00
3.215449040001470e-01	-2.224930299599080e+00	-1.245945116272030e+00
4.278947253404340e-01	-2.219460857135390e+00	-1.186459324153030e+00
4.227731382569320e-01	-2.087817595409460e+00	-1.480408838643020e+00
4.232420170497590e-01	-2.086679756785990e+00	-1.482354560345780e+00
4.423113916434550e-01	-2.051214108187360e+00	-1.537875571765640e+00
5.163133479555350e-01	-1.950021040366370e+00	-1.673612953267430e+00
1.130291777950110e+00	-1.815468125537280e+00	-1.257257323207740e+00
1.103435105615850e+00	-1.469921935386040e+00	-1.819802297242790e+00
5.142025499786680e-01	-1.938796147533420e+00	-1.693147061739260e+00
5.150194397221690e-01	-1.935990571100310e+00	-1.696658134513360e+00
5.529489995730810e-01	-1.851749904986300e+00	-1.788545119142210e+00
8.685703348367110e-01	-1.565610745611350e+00	-1.910575933605600e+00
1.053933871779950e+00	-1.478576588712830e+00	-1.856767137327880e+00
1.298026638277930e+00	-1.338535714927690e+00	-1.753605474245820e+00
1.956597483240080e+00	-1.121323254964280e+00	-1.183480708380060e+00
1.870902247007520e+00	-7.339356116295630e-01	-1.664833752213400e+00
1.523003935427440e+00	-9.343805907117460e-01	-1.882058706246020e+00
1.769101434216070e+00	-7.620976504458760e-01	-1.758265253457410e+00
1.828662393932290e+00	-7.293565912896320e-01	-1.719531915865480e+00
2.088016578364100e+00	-6.601561949959740e-01	-1.430143114899520e+00
1.696926842323780e+00	-3.574867472898950e-01	-1.986668495709970e+00
1.694329326154100e+00	-2.639365172254950e-01	-1.995643365661450e+00
1.627890720089550e+00	1.251526159548150e-01	-2.063029982420230e+00
1.574570420054610e+00	1.595039075598430e-01	-2.094628960050060e+00
1.545418154252590e+00	1.879062980720370e-01	-2.109645479746760e+00
1.484329017590850e+00	2.088655534304220e-01	-2.139243633637580e+00
1.428858376885500e+00	2.988281906051890e-01	-2.146848933914320e+00
1.390337993606120e+00	3.129856299669130e-01	-2.161730632800160e+00
1.413967740520320e+00	5.237933647776360e-01	-2.043704450701690e+00
1.159950603038100e+00	2.304510518756040e-01	-2.283977318418010e+00
1.048797419128520e+00	2.541336201210670e-01	-2.309856001770550e+00
8.044956528373100e-01	4.361410203432450e-01	-2.298980205691200e+00
7.740492841420220e-01	4.426439035980090e-01	-2.304276727724140e+00
5.564294760142990e-01	2.898198904332100e-01	-2.424009363883460e+00
5.426961681805310e-01	2.912557488729830e-01	-2.423620431390740e+00
-4.538865577679050e-01	5.559153349328090e-01	-2.280280303046220e+00
-5.977872320779180e-01	8.672073806813960e-01	-2.063760820440650e+00
-5.630720299018050e-01	1.040378551458580e+00	-1.937960979011760e+00
-5.586535740084750e-01	1.228307006478450e+00	-1.790453933975390e+00
-1.445847425242690e+00	7.556102794766900e-01	-1.872013988487580e+00
-1.634902326816600e+00	9.949166736275260e-01	-1.619852116424400e+00
-1.685281155035830e+00	1.241632822766020e+00	-1.407641870848160e+00
-1.992059838255880e+00	7.843768744253190e-01	-1.505222097876060e+00
-2.079719980389060e+00	9.626093015919060e-01	-1.314029924588300e+00
-2.250878067716450e+00	9.994754120278910e-01	-1.095926615475970e+00
-1.990260198075200e+00	7.643347780716450e-01	-1.517320563025420e+00
-2.177130950759390e+00	5.081149443511480e-01	-1.427088405512210e+00
-2.275101735455300e+00	6.196883581425240e-01	-1.257117103431520e+00
-2.512434665921460e+00	6.770864332797300e-01	-8.698317260818360e-01
-2.151270214307210e+00	4.418854508032810e-01	-1.476187584879530e+00
-2.202950506851580e+00	2.164209739430710e-01	-1.419207782645060e+00
-2.453081788536600e+00	3.106081317313540e-01	-1.007159310642830e+00
-2.517768769508680e+00	3.171976692684770e-01	-8.919654602307290e-01
-2.760101724195940e+00	-5.564554374864720e-01	-2.412042259211500e-02
-2.142489362698240e+00	1.372125963543460e-01	-1.491391239734830e+00
-2.027976957457250e+00	-5.334257707010120e-01	-1.375242534812020e+00
-2.197044914816530e+00	-7.643929226081570e-01	-9.536357876123760e-01
-2.290093858467600e+00	-7.898015171752760e-01	-7.709920164824990e-01
-1.802195068665220e+00	-1.404731451420640e+00	-8.995064293993500e-01
-1.865328715650740e+00	-1.716753033972830e+00	-4.488934303314880e-01
-1.933903743132900e+00	-1.775127068414020e+00	-2.703478904379350e-01
-1.201251354199530e+00	-2.211500972673270e+00	-4.784560655603120e-01
-1.111552353484980e+00	-2.246113464682750e+00	-5.226254377621350e-01
-1.110281677908050e+00	-2.245430109223560e+00	-5.247134372579670e-01
-4.788980089760530e-01	-2.413108201212160e+00	-6.155256899171030e-01
3.015470048394580e-01	-2.232779872598300e+00	-1.232508433724280e+00
4.621804376759450e-01	-1.999731889993020e+00	-1.614643477569750e+00
5.251231123022100e-01	-1.842552460544660e+00	-1.812592178823840e+00
5.469715292825780e-01	-1.790239473685660e+00	-1.870398356091860e+00
5.539515739530480e-01	-1.756726543416900e+00	-1.907279130733940e+00
5.944810356348990e-01	-1.661635039102340e+00	-1.996320895192940e+00
6.475230572997090e-01	-1.613548311964670e+00	-2.016828758389700e+00
6.992507588851330e-01	-1.591199789607840e+00	-2.005968724726960e+00
1.016028655689900e+00	-1.313411890848290e+00	-2.024671842319970e+00
8.461763993269050e-01	-1.389747903863540e+00	-2.076913263973040e+00
1.427016823208790e+00	-9.546212295553800e-01	-1.950928542438110e+00
1.223937962364960e+00	-1.106790155576760e+00	-2.007776363626550e+00
1.619204107529100e+00	-4.368295806593960e-01	-2.022256233808020e+00
1.530351770612750e+00	-5.038061728926440e-01	-2.064859455978710e+00
1.267483419251950e+00	-5.266022926013500e-01	-2.205087609029660e+00
1.153382369157270e+00	1.975288375721640e-01	-2.293540642685500e+00
1.179673000115570e+00	-5.525480337908080e-01	-2.244914324048880e+00
1.021678613852400e+00	1.111620545045430e-01	-2.350981824638370e+00
7.591466471222150e-01	8.890652467008810e-02	-2.430402265316900e+00
6.511095845547680e-01	2.068175458438760e-01	-2.433344476653980e+00
5.497009904251930e-01	2.283732646879480e-01	-2.451016355778130e+00
2.073130793833610e-01	-1.535879974613410e-02	-2.563644755199020e+00
-2.414180079844250e-01	-2.036065455720140e-01	-2.653837393890870e+00
-2.902325522044070e-01	-1.993522889952780e-01	-2.652825700965780e+00
-5.444255918537350e-01	-1.141105032892000e-01	-2.619938701019390e+00
-5.409390592251440e-01	-9.046149522610760e-02	-2.609532378284550e+00
-5.455406028652140e-01	-1.609879864700140e-02	-2.571529515397490e+00
-1.437416414425810e+00	4.977395985569610e-01	-2.018207383480650e+00
-5.911834962397280e-01	-1.839715185844190e-01	-2.638373047098150e+00
-9.857627191303120e-01	-2.627549470293620e-01	-2.543594532647220e+00
-1.128825881386930e+00	-2.565300635070300e-01	-2.492178850260730e+00
-1.343432891251740e+00	-9.872289200830720e-03	-2.298749142849490e+00
-1.470861146670020e+00	3.152450637551470e-01	-2.096337377475160e+00
-1.793492843355870e+00	4.111166579614760e-01	-1.836623343039300e+00
-1.456927165176830e+00	-1.127636951206900e-01	-2.254868367377180e+00
-1.460226856451000e+00	-1.119293113342570e-01	-2.252263696919680e+00
-1.800008206922140e+00	2.675265250798780e-01	-1.881956121011150e+00
-1.870323002702570e+00	2.814953879015200e-01	-1.808266842694520e+00
-1.460652834887490e+00	-1.133470467527650e-01	-2.251885319258150e+00
-1.590809137166980e+00	-8.084306323094130e-02	-2.115176956700690e+00
-1.818870144632380e+00	4.766839400579810e-02	-1.872380852271980e+00
-1.745167719446350e+00	-5.362701108233730e-01	-1.737803681111450e+00
-1.310972039560800e+00	-2.462766215448340e-01	-2.367461865204840e+00
-1.292510340188210e+00	-3.238298725512710e-01	-2.355068152419370e+00
-1.417157410711100e+00	-4.817594433756460e-01	-2.141765878520830e+00
-1.606854472389190e+00	-5.772279542685220e-01	-1.880280891239350e+00
-1.608651784796490e+00	-1.237312847679240e+00	-1.296757532155010e+00
-1.117477905583130e+00	-8.088390753481530e-01	-2.133602288441310e+00
-1.109885658742830e+00	-1.040411960431520e+00	-1.936578465767290e+00
-1.268608306207320e+00	-1.273444894111940e+00	-1.582786382755020e+00
-1.102825886905870e+00	-2.179896076707850e+00	-6.137064202328150e-01
4.282008218536410e-01	-1.720530239357510e+00	-1.944269973234120e+00
4.413347369835380e-01	-1.816751814047250e+00	-1.839082267362250e+00
4.371686629979560e-01	-1.844041283458510e+00	-1.805148850340110e+00
2.667066969494580e-01	-1.502052055617350e+00	-2.114677257080900e+00
5.487987832198950e-01	-1.696452185522680e+00	-1.973237561325480e+00
5.705631246155660e-01	-1.660835933511220e+00	-2.004556672188800e+00
6.271858962720220e-01	-1.505586551585310e+00	-2.107248693288620e+00
5.572434723832910e-01	-1.568994810684840e+00	-2.080206555456390e+00
6.402735949405730e-01	-1.442194131328710e+00	-2.147103226613840e+00
7.079316289487550e-01	-1.404547922704870e+00	-2.139097394901990e+00
1.029784818337480e+00	-6.823575209620560e-01	-2.280182566074780e+00
9.039889989951170e-01	-7.527904867254870e-01	-2.313089417880290e+00
2.882066194607530e-01	-7.765023257658860e-01	-2.501823298236520e+00
2.138489304023720e-01	-7.572825406143660e-01	-2.526511555316080e+00
5.390950559146600e-01	2.092399323901040e-03	-2.491100885864640e+00
1.516186803230690e-01	-7.585386089584100e-01	-2.540217351768040e+00
-1.641222966890220e-01	-6.342228127214580e-01	-2.616030591386350e+00
-3.050107146063330e-01	-2.621565839548190e-01	-2.665087251750950e+00
-5.076113812538230e-01	-3.388034512483220e-01	-2.679379040725220e+00
-5.279817279436190e-01	-3.370289437763360e-01	-2.678958850328660e+00
-6.006274723237620e-01	-3.018664180423400e-01	-2.671797509151120e+00
-6.050568113975210e-01	-3.013399175554570e-01	-2.671496094806770e+00
-6.472107627569530e-01	-3.459789642839020e-01	-2.672894369444440e+00
-7.620777448884530e-01	-3.446893170799600e-01	-2.637597967402720e+00
-7.723132204396030e-01	-3.439372506063210e-01	-2.634251534636170e+00
-8.512543052861870e-01	-3.334595979951390e-01	-2.606941782074060e+00
-8.753204971933060e-01	-3.315836108118870e-01	-2.598101427546210e+00
-1.091963536767990e+00	-3.086145983553430e-01	-2.517108196899360e+00
-1.100389488930250e+00	-3.055428107940050e-01	-2.513456601585360e+00
-1.117742686427700e+00	-2.953511990720910e-01	-2.505035131991260e+00
-1.130353970098910e+00	-2.778328119752060e-01	-2.496576234209160e+00
-1.241004278383350e+00	-2.549400872212390e-01	-2.422950235051960e+00
-1.117871180746560e+00	-2.956365928316610e-01	-2.504950464334970e+00
-1.198808857520760e+00	-2.820462185244960e-01	-2.451111530192610e+00
-1.239747691671360e+00	-2.601418782031510e-01	-2.423811159215710e+00
-1.206542561961450e+00	-3.042084884691710e-01	-2.436348627445410e+00
-1.107215489593690e+00	-3.173380142955660e-01	-2.503878620362810e+00
-1.102009475619500e+00	-3.053229370849340e-01	-2.512624447946470e+00
-1.099914485930170e+00	-3.108525631814530e-01	-2.511895592381700e+00
-1.095426073495190e+00	-7.468973806564020e-01	-2.196402358355910e+00
-7.839726043839510e-01	-3.459839768418320e-01	-2.628819737810520e+00
-4.779566558206950e-01	-4.941060566671860e-01	-2.658986054906600e+00
-4.198296448569120e-01	-5.432997414863170e-01	-2.649379777150240e+00
-3.878394408459430e-01	-5.822742048166270e-01	-2.635427071840840e+00
2.575171664027580e-01	-1.396871686433750e+00	-2.201755154326590e+00
-2.520723708033210e-01	-6.914075087752030e-01	-2.598004088660360e+00
1.337034690040820e-01	-1.101003417129400e+00	-2.405637271247910e+00
5.105431936430460e-01	-1.481177647839130e+00	-2.150041749995490e+00
5.037382962895390e-01	-1.414710327440010e+00	-2.196456406613510e+00
1.370672635159500e-01	-1.099851894116110e+00	-2.406544666548640e+00
5.515553723809240e-01	-1.415190592501660e+00	-2.185349190331240e+00
6.563792895285700e-02	-9.476330936889000e-01	-2.483950989664880e+00
-2.160019666978080e-01	-6.340075656712700e-01	-2.621514192984460e+00
-4.150634331133610e-01	-5.389797532838750e-01	-2.651222360268150e+00
-5.371480098817740e-01	-4.258207535745370e-01	-2.674490090412270e+00
-5.408823018259580e-01	-4.247540455994740e-01	-2.674447104699040e+00
-5.998393063625600e-01	-3.850104016119750e-01	-2.674878948034160e+00
-6.227030754069060e-01	-3.600521404496270e-01	-2.675502615284240e+00
-6.474499786261570e-01	-3.556405506712090e-01	-2.673706584470480e+00
-6.479719970293890e-01	-3.553847480280640e-01	-2.673655773109090e+00
-1.935227212255010e-01	-7.084784246512270e-01	-2.593481635844890e+00
