-7.46169e-05 1.42441e-04 2.73329e-02
2.19793e-03 1.45627e-04 2.78085e-02
1.07230e-03 2.14011e-03 2.79092e-02
-1.20863e-03 2.11149e-03 2.75375e-02
-2.29849e-03 1.40265e-04 2.70409e-02
-1.16569e-03 -1.75714e-03 2.65344e-02
1.02673e-03 -1.77735e-03 2.68804e-02
4.54980e-03 1.47431e-04 2.80258e-02
4.07258e-03 2.32544e-03 2.81679e-02
2.57530e-03 3.99123e-03 2.80767e-02
4.80219e-04 4.72906e-03 2.77586e-02
-1.69315e-03 4.40950e-03 2.74279e-02
-3.45292e-03 3.12818e-03 2.70750e-02
-4.40792e-03 1.20276e-03 2.67311e-02
-4.35753e-03 -9.20657e-04 2.66208e-02
-3.32012e-03 -2.74751e-03 2.61907e-02
-1.58910e-03 -3.86703e-03 2.57718e-02
4.41739e-04 -4.13203e-03 2.59270e-02
2.39907e-03 -3.46353e-03 2.63897e-02
3.90105e-03 -1.95641e-03 2.72370e-02
6.95636e-03 1.47187e-04 2.78634e-02
6.66163e-03 2.43995e-03 2.78957e-02
5.54811e-03 4.52593e-03 2.82177e-02
3.76219e-03 6.02110e-03 2.77800e-02
1.61704e-03 6.83019e-03 2.73042e-02
-6.40079e-04 6.94175e-03 2.70122e-02
-2.80046e-03 6.34966e-03 2.68464e-02
-4.62923e-03 5.03700e-03 2.63037e-02
-5.97314e-03 3.32838e-03 2.65641e-02
-6.66736e-03 1.23621e-03 2.64868e-02
-6.62751e-03 -9.58150e-04 2.63416e-02
-5.84429e-03 -2.98907e-03 2.60269e-02
-4.44128e-03 -4.61298e-03 2.55928e-02
-2.62349e-03 -5.68366e-03 2.52015e-02
-5.93612e-04 -6.15158e-03 2.50227e-02
1.48187e-03 -6.00983e-03 2.51476e-02
3.45227e-03 -5.26272e-03 2.55836e-02
5.15363e-03 -3.93050e-03 2.62790e-02
6.39227e-03 -2.07703e-03 2.71088e-02
9.35509e-03 1.46209e-04 2.75663e-02
9.18424e-03 2.50320e-03 2.76153e-02
8.33765e-03 4.77392e-03 2.80408e-02
6.84402e-03 6.70321e-03 2.80303e-02
4.88046e-03 7.95319e-03 2.70050e-02
2.72026e-03 8.74741e-03 2.64207e-02
4.84581e-04 9.06308e-03 2.61061e-02
-1.74802e-03 8.89438e-03 2.60275e-02
-3.86868e-03 8.19223e-03 2.59975e-02
-5.73398e-03 6.97197e-03 2.59162e-02
-7.23937e-03 5.33704e-03 2.58636e-02
-8.32683e-03 3.39957e-03 2.59333e-02
-8.91744e-03 1.25028e-03 2.60566e-02
-8.91450e-03 -9.83535e-04 2.60615e-02
-8.28954e-03 -3.12060e-03 2.58573e-02
-7.11687e-03 -4.98676e-03 2.54883e-02
-5.52725e-03 -6.46460e-03 2.50610e-02
-3.66101e-03 -7.49822e-03 2.46892e-02
-1.63755e-03 -8.07659e-03 2.44694e-02
4.51077e-04 -8.19871e-03 2.44442e-02
2.52280e-03 -7.85995e-03 2.46089e-02
4.49259e-03 -7.06347e-03 2.49578e-02
6.27194e-03 -5.82457e-03 2.54865e-02
7.75862e-03 -4.16773e-03 2.61571e-02
8.83089e-03 -2.14401e-03 2.68918e-02
1.16480e-02 1.42784e-04 2.68236e-02
1.15651e-02 2.51380e-03 2.68592e-02
1.09061e-02 4.81449e-03 2.70016e-02
9.67865e-03 6.93394e-03 2.71577e-02
7.94388e-03 8.57853e-03 2.65937e-02
5.91431e-03 9.74883e-03 2.58701e-02
3.76115e-03 1.04969e-02 2.52404e-02
1.57352e-03 1.09088e-02 2.49015e-02
-6.29243e-04 1.10052e-02 2.48677e-02
-2.81899e-03 1.07167e-02 2.49760e-02
-4.90446e-03 9.96950e-03 2.50350e-02
-6.77425e-03 8.78015e-03 2.49969e-02
-8.37074e-03 7.24782e-03 2.49823e-02
-9.68728e-03 5.46257e-03 2.51314e-02
-1.06844e-02 3.45778e-03 2.54305e-02
-1.12486e-02 1.26687e-03 2.56991e-02
-1.12646e-02 -1.00715e-03 2.57497e-02
-1.07414e-02 -3.24672e-03 2.59291e-02
-9.70121e-03 -5.26481e-03 2.55528e-02
-8.26187e-03 -6.90385e-03 2.47433e-02
-6.56792e-03 -8.26682e-03 2.43372e-02
-4.68019e-03 -9.27053e-03 2.40038e-02
-2.67176e-03 -9.91704e-03 2.37970e-02
-5.95985e-04 -1.02065e-02 2.37343e-02
1.49729e-03 -1.01226e-02 2.37862e-02
3.54982e-03 -9.65532e-03 2.39293e-02
5.50396e-03 -8.81989e-03 2.41819e-02
7.30891e-03 -7.63630e-03 2.45670e-02
8.90407e-03 -6.11598e-03 2.50683e-02
1.02138e-02 -4.27872e-03 2.56441e-02
1.11571e-02 -2.16856e-03 2.62509e-02
1.38231e-02 1.37689e-04 2.57794e-02
1.38084e-02 2.58786e-03 2.61361e-02
1.32602e-02 4.99441e-03 2.62968e-02
1.21679e-02 7.20899e-03 2.61864e-02
1.05644e-02 8.98283e-03 2.54114e-02
8.65909e-03 1.05452e-02 2.51582e-02
6.52853e-03 1.15714e-02 2.44520e-02
4.33416e-03 1.22478e-02 2.38722e-02
2.13499e-03 1.26750e-02 2.35836e-02
-7.83466e-05 1.28837e-02 2.36114e-02
-2.31387e-03 1.28017e-02 2.38207e-02
-4.50473e-03 1.21690e-02 2.36518e-02
-6.58136e-03 1.13876e-02 2.40741e-02
-8.43060e-03 1.00774e-02 2.40595e-02
-1.00636e-02 8.50221e-03 2.41442e-02
-1.15107e-02 6.72527e-03 2.44618e-02
-1.27320e-02 4.73265e-03 2.49627e-02
-1.35756e-02 2.50888e-03 2.54191e-02
-1.38665e-02 1.29295e-04 2.55861e-02
-1.35763e-02 -2.27311e-03 2.57703e-02
-1.27174e-02 -4.51822e-03 2.53093e-02
-1.14745e-02 -6.52125e-03 2.47810e-02
-9.93023e-03 -8.15035e-03 2.39239e-02
-8.19836e-03 -9.56455e-03 2.35128e-02
-6.29731e-03 -1.06643e-02 2.31651e-02
-4.28376e-03 -1.14547e-02 2.29184e-02
-2.19973e-03 -1.19511e-02 2.28095e-02
-7.17987e-05 -1.21395e-02 2.28156e-02
2.06230e-03 -1.19852e-02 2.28761e-02
4.15000e-03 -1.14801e-02 2.29727e-02
6.14987e-03 -1.06556e-02 2.31523e-02
8.03612e-03 -9.54000e-03 2.34615e-02
9.76870e-03 -8.13186e-03 2.38833e-02
1.12792e-02 -6.42507e-03 2.43570e-02
1.24961e-02 -4.44274e-03 2.48407e-02
1.33627e-02 -2.23419e-03 2.53235e-02
1.59935e-02 1.32363e-04 2.46928e-02
1.59559e-02 2.54986e-03 2.49002e-02
1.54689e-02 4.92878e-03 2.49717e-02
1.45343e-02 7.16931e-03 2.48820e-02
1.31473e-02 9.03930e-03 2.41673e-02
1.14718e-02 1.07414e-02 2.38533e-02
9.55712e-03 1.22077e-02 2.36872e-02
7.46136e-03 1.31812e-02 2.31095e-02
5.31351e-03 1.38574e-02 2.26153e-02
3.16496e-03 1.43285e-02 2.23350e-02
1.01002e-03 1.46480e-02 2.23265e-02
-1.17807e-03 1.47836e-02 2.25333e-02
-3.39227e-03 1.46338e-02 2.28120e-02
-5.55282e-03 1.39303e-02 2.26685e-02
-7.61577e-03 1.31724e-02 2.31028e-02
-9.48906e-03 1.19182e-02 2.31395e-02
-1.12106e-02 1.04475e-02 2.32903e-02
-1.28360e-02 8.81815e-03 2.36894e-02
-1.43616e-02 7.00172e-03 2.43318e-02
-1.56594e-02 4.93279e-03 2.50362e-02
-1.65089e-02 2.60523e-03 2.55254e-02
-1.67250e-02 1.28538e-04 2.55864e-02
-1.63227e-02 -2.34382e-03 2.55868e-02
-1.53540e-02 -4.63437e-03 2.49226e-02
-1.40638e-02 -6.68268e-03 2.42228e-02
-1.25533e-02 -8.39226e-03 2.32677e-02
-1.09285e-02 -9.95813e-03 2.28232e-02
-9.14743e-03 -1.12670e-02 2.24420e-02
-7.23330e-03 -1.22921e-02 2.20907e-02
-5.23677e-03 -1.30496e-02 2.18112e-02
-3.19573e-03 -1.35772e-02 2.16640e-02
-1.11976e-03 -1.38783e-02 2.16482e-02
9.79215e-04 -1.39087e-02 2.16961e-02
3.06482e-03 -1.36288e-02 2.17481e-02
5.09640e-03 -1.30544e-02 2.18230e-02
7.06051e-03 -1.22384e-02 2.20001e-02
8.95890e-03 -1.12071e-02 2.23311e-02
1.07644e-02 -9.93463e-03 2.27805e-02
1.24030e-02 -8.38238e-03 2.32562e-02
1.37901e-02 -6.55000e-03 2.36865e-02
1.48707e-02 -4.48113e-03 2.40611e-02
1.56163e-02 -2.23431e-03 2.43987e-02
1.83550e-02 1.28015e-04 2.37770e-02
1.82145e-02 2.58784e-03 2.37955e-02
1.76428e-02 4.98114e-03 2.36757e-02
1.66798e-02 7.23145e-03 2.34443e-02
1.53953e-02 9.28846e-03 2.31533e-02
1.38008e-02 1.09445e-02 2.23872e-02
1.20393e-02 1.25233e-02 2.21306e-02
1.01090e-02 1.39438e-02 2.20900e-02
8.01971e-03 1.48924e-02 2.16701e-02
5.87559e-03 1.55730e-02 2.13029e-02
3.72273e-03 1.60648e-02 2.10859e-02
1.56173e-03 1.64240e-02 2.10781e-02
-6.32253e-04 1.66384e-02 2.12583e-02
-2.86564e-03 1.66281e-02 2.15320e-02
-5.10032e-03 1.62974e-02 2.17859e-02
-7.26611e-03 1.55989e-02 2.19525e-02
-9.30537e-03 1.45646e-02 2.20527e-02
-1.12158e-02 1.32848e-02 2.21923e-02
-1.30515e-02 1.18466e-02 2.25117e-02
-1.48734e-02 1.02724e-02 2.31038e-02
-1.66658e-02 8.50226e-03 2.39355e-02
-1.83277e-02 6.52404e-03 2.52031e-02
-1.95094e-02 4.11667e-03 2.58753e-02
-1.99568e-02 1.45920e-03 2.56955e-02
-1.96825e-02 -1.18604e-03 2.53577e-02
-1.88495e-02 -3.76372e-03 2.53769e-02
-1.75011e-02 -6.05020e-03 2.44714e-02
-1.59362e-02 -7.98162e-03 2.32943e-02
-1.43136e-02 -9.66455e-03 2.23474e-02
-1.26457e-02 -1.12624e-02 2.19447e-02
-1.08337e-02 -1.26212e-02 2.15864e-02
-8.87545e-03 -1.36846e-02 2.11973e-02
-6.83065e-03 -1.44609e-02 2.08108e-02
-4.76225e-03 -1.50183e-02 2.05250e-02
-2.68861e-03 -1.54138e-02 2.04032e-02
-5.97212e-04 -1.56311e-02 2.04136e-02
1.50897e-03 -1.56005e-02 2.04656e-02
3.59534e-03 -1.52796e-02 2.05043e-02
5.63279e-03 -1.47034e-02 2.05707e-02
7.63092e-03 -1.39466e-02 2.07674e-02
9.61887e-03 -1.30410e-02 2.11598e-02
1.15847e-02 -1.19380e-02 2.17069e-02
1.34451e-02 -1.05561e-02 2.22859e-02
1.50848e-02 -8.85623e-03 2.27811e-02
1.64201e-02 -6.86978e-03 2.31531e-02
1.74209e-02 -4.66642e-03 2.34295e-02
1.80764e-02 -2.31380e-03 2.36414e-02
2.10717e-02 1.24892e-04 2.30693e-02
2.07796e-02 2.70646e-03 2.29118e-02
2.00070e-02 5.17313e-03 2.25661e-02
1.88445e-02 7.44948e-03 2.21010e-02
1.74278e-02 9.51642e-03 2.16312e-02
1.58573e-02 1.13944e-02 2.12459e-02
1.41601e-02 1.30921e-02 2.09578e-02
1.23153e-02 1.45768e-02 2.07142e-02
1.03147e-02 1.57944e-02 2.04551e-02
8.19341e-03 1.67208e-02 2.01710e-02
6.01178e-03 1.73907e-02 1.99156e-02
3.81261e-03 1.78766e-02 1.97682e-02
1.59982e-03 1.82308e-02 1.97786e-02
-6.45170e-04 1.84430e-02 1.99330e-02
-2.92742e-03 1.84460e-02 2.01650e-02
-5.21781e-03 1.81610e-02 2.03964e-02
-7.46356e-03 1.75489e-02 2.05836e-02
-9.64769e-03 1.68421e-02 2.10708e-02
-1.17211e-02 1.56769e-02 2.12818e-02
-1.37487e-02 1.43474e-02 2.16423e-02
-1.57534e-02 1.27226e-02 2.18890e-02
-1.78140e-02 1.10341e-02 2.25392e-02
-1.98908e-02 9.23345e-03 2.37441e-02
-2.18062e-02 7.17040e-03 2.54544e-02
-2.30294e-02 4.48005e-03 2.59153e-02
-2.33812e-02 1.56352e-03 2.54596e-02
-2.29510e-02 -1.28731e-03 2.50075e-02
-2.19211e-02 -4.04131e-03 2.49032e-02
-2.03526e-02 -6.46436e-03 2.38849e-02
-1.86624e-02 -8.61619e-03 2.29986e-02
-1.69453e-02 -1.04476e-02 2.20210e-02
-1.52230e-02 -1.20865e-02 2.12929e-02
-1.33832e-02 -1.34837e-02 2.06586e-02
-1.14236e-02 -1.49301e-02 2.06459e-02
-9.27464e-03 -1.58400e-02 2.01828e-02
-7.07433e-03 -1.64473e-02 1.97082e-02
-4.89946e-03 -1.68731e-02 1.93593e-02
-2.75587e-03 -1.71997e-02 1.92088e-02
-6.09952e-04 -1.74028e-02 1.92150e-02
1.54959e-03 -1.73868e-02 1.92706e-02
3.69362e-03 -1.70894e-02 1.93077e-02
5.79577e-03 -1.65483e-02 1.93651e-02
7.87893e-03 -1.58639e-02 1.95608e-02
1.00000e-02 -1.50941e-02 1.99879e-02
1.21764e-02 -1.41867e-02 2.06258e-02
1.43302e-02 -1.30155e-02 2.13396e-02
1.63131e-02 -1.14813e-02 2.19686e-02
1.79924e-02 -9.58032e-03 2.24248e-02
1.93134e-02 -7.38789e-03 2.27231e-02
2.02796e-02 -4.99518e-03 2.29238e-02
2.08838e-02 -2.47045e-03 2.30525e-02
2.41695e-02 1.22167e-04 2.24163e-02
2.37646e-02 2.80699e-03 2.21684e-02
2.28037e-02 5.34004e-03 2.16737e-02
2.14086e-02 7.63206e-03 2.10120e-02
1.97777e-02 9.67182e-03 2.03334e-02
1.80819e-02 1.15174e-02 1.97803e-02
1.63878e-02 1.32358e-02 1.94158e-02
1.46594e-02 1.48411e-02 1.92063e-02
1.28232e-02 1.62809e-02 1.90617e-02
1.08404e-02 1.74795e-02 1.88998e-02
8.73242e-03 1.83980e-02 1.86976e-02
6.55626e-03 1.90631e-02 1.84943e-02
4.35808e-03 1.95422e-02 1.83564e-02
2.14978e-03 1.98899e-02 1.83305e-02
-8.07575e-05 2.01093e-02 1.84163e-02
-2.34095e-03 2.01543e-02 1.85744e-02
-4.61632e-03 1.99665e-02 1.87558e-02
-6.87539e-03 1.95140e-02 1.89340e-02
-9.11607e-03 1.90480e-02 1.94249e-02
-1.13201e-02 1.83490e-02 1.99746e-02
-1.34731e-02 1.72373e-02 2.03213e-02
-1.55980e-02 1.57787e-02 2.04963e-02
-1.77640e-02 1.42060e-02 2.08482e-02
-1.99961e-02 1.25518e-02 2.15297e-02
-2.22280e-02 1.07197e-02 2.25134e-02
-2.43493e-02 8.69404e-03 2.40330e-02
-2.58211e-02 5.99577e-03 2.43796e-02
-2.65747e-02 3.08988e-03 2.44635e-02
-2.64825e-02 1.18636e-04 2.42398e-02
-2.56047e-02 -2.76032e-03 2.37691e-02
-2.41094e-02 -5.37451e-03 2.28277e-02
-2.23617e-02 -7.69237e-03 2.18823e-02
-2.06720e-02 -9.92115e-03 2.15084e-02
-1.89539e-02 -1.17630e-02 2.06947e-02
-1.72722e-02 -1.35390e-02 2.02723e-02
-1.54783e-02 -1.52218e-02 2.00918e-02
-1.34530e-02 -1.65900e-02 1.98038e-02
-1.12097e-02 -1.74521e-02 1.92075e-02
-8.91939e-03 -1.82805e-02 1.89749e-02
-6.62827e-03 -1.86488e-02 1.84805e-02
-4.41279e-03 -1.89341e-02 1.81681e-02
-2.24302e-03 -1.91914e-02 1.80681e-02
-7.03402e-05 -1.93542e-02 1.81071e-02
2.11519e-03 -1.93050e-02 1.81752e-02
4.28462e-03 -1.89868e-02 1.82198e-02
6.42058e-03 -1.84556e-02 1.82921e-02
8.56161e-03 -1.78288e-02 1.85117e-02
1.07822e-02 -1.71730e-02 1.89715e-02
1.31150e-02 -1.64307e-02 1.96572e-02
1.54871e-02 -1.54494e-02 2.04378e-02
1.77353e-02 -1.40871e-02 2.11418e-02
1.96947e-02 -1.23035e-02 2.16557e-02
2.12263e-02 -1.00340e-02 2.16133e-02
2.24606e-02 -7.68382e-03 2.18072e-02
2.34462e-02 -5.24672e-03 2.23353e-02
2.40285e-02 -2.59352e-03 2.24410e-02
2.75215e-02 1.18495e-04 2.15766e-02
2.70129e-02 2.93048e-03 2.09623e-02
2.59170e-02 5.57491e-03 2.04350e-02
2.43592e-02 8.04939e-03 2.00530e-02
2.24463e-02 1.01331e-02 1.92339e-02
2.04969e-02 1.19795e-02 1.85254e-02
1.86396e-02 1.36969e-02 1.80329e-02
1.68606e-02 1.53482e-02 1.77577e-02
1.50597e-02 1.69083e-02 1.76177e-02
1.31403e-02 1.82895e-02 1.75064e-02
1.10708e-02 1.94064e-02 1.73530e-02
8.88794e-03 2.02344e-02 1.71524e-02
6.65513e-03 2.08198e-02 1.69531e-02
4.41494e-03 2.12398e-02 1.68165e-02
2.17421e-03 2.15450e-02 1.67774e-02
-8.13389e-05 2.17306e-02 1.68291e-02
-2.35833e-03 2.17495e-02 1.69371e-02
-4.64504e-03 2.15562e-02 1.70682e-02
-6.92172e-03 2.11389e-02 1.72157e-02
-9.20523e-03 2.07900e-02 1.76860e-02
-1.14938e-02 2.02632e-02 1.82448e-02
-1.37349e-02 1.90782e-02 1.83294e-02
-1.60438e-02 1.80060e-02 1.88316e-02
-1.83995e-02 1.67617e-02 1.94654e-02
-2.07351e-02 1.51041e-02 1.98926e-02
-2.31476e-02 1.34829e-02 2.08922e-02
-2.55395e-02 1.16758e-02 2.23203e-02
-2.75079e-02 9.15971e-03 2.29548e-02
-2.87540e-02 6.11766e-03 2.24618e-02
-2.95990e-02 3.21526e-03 2.31914e-02
-2.95509e-02 1.13049e-04 2.33610e-02
-2.86072e-02 -2.92057e-03 2.27659e-02
-2.70003e-02 -5.61962e-03 2.15597e-02
-2.50871e-02 -7.89115e-03 2.01401e-02
-2.33156e-02 -1.01385e-02 1.96600e-02
-2.16722e-02 -1.23764e-02 1.95827e-02
-1.99668e-02 -1.42066e-02 1.90414e-02
-1.82582e-02 -1.61898e-02 1.90924e-02
-1.63221e-02 -1.79559e-02 1.91032e-02
-1.40921e-02 -1.92073e-02 1.87733e-02
-1.16756e-02 -2.00113e-02 1.82759e-02
-9.21522e-03 -2.04528e-02 1.77125e-02
-6.82641e-03 -2.07085e-02 1.72311e-02
-4.53902e-03 -2.09404e-02 1.69445e-02
-2.30691e-03 -2.11974e-02 1.68716e-02
-6.99113e-05 -2.13980e-02 1.69379e-02
2.18912e-03 -2.14058e-02 1.70370e-02
4.44339e-03 -2.11457e-02 1.71107e-02
6.67297e-03 -2.06639e-02 1.71958e-02
8.91388e-03 -2.00878e-02 1.74004e-02
1.12486e-02 -1.95116e-02 1.78252e-02
1.37340e-02 -1.89023e-02 1.84813e-02
1.63215e-02 -1.81025e-02 1.92643e-02
1.87663e-02 -1.65920e-02 1.95095e-02
2.11136e-02 -1.52805e-02 2.05626e-02
2.29926e-02 -1.32029e-02 2.08989e-02
2.44204e-02 -1.06764e-02 2.07273e-02
2.56193e-02 -8.14348e-03 2.08618e-02
2.66570e-02 -5.56463e-03 2.13982e-02
2.73221e-02 -2.76125e-03 2.15539e-02
3.09450e-02 1.12814e-04 2.03634e-02
3.04733e-02 3.06340e-03 1.96448e-02
2.93802e-02 5.85937e-03 1.92043e-02
2.76914e-02 8.42737e-03 1.87050e-02
2.56596e-02 1.07610e-02 1.82405e-02
2.34676e-02 1.26811e-02 1.74725e-02
2.13876e-02 1.44355e-02 1.68879e-02
1.94551e-02 1.61210e-02 1.65214e-02
1.75822e-02 1.77501e-02 1.63216e-02
1.56458e-02 1.92492e-02 1.61903e-02
1.35686e-02 2.05133e-02 1.60392e-02
1.13533e-02 2.14759e-02 1.58304e-02
9.05946e-03 2.21498e-02 1.55850e-02
6.77249e-03 2.29084e-02 1.56139e-02
4.48033e-03 2.32497e-02 1.54608e-02
2.19628e-03 2.32070e-02 1.51587e-02
-8.19288e-05 2.33647e-02 1.51882e-02
-2.37573e-03 2.33669e-02 1.52634e-02
-4.67553e-03 2.31707e-02 1.53587e-02
-6.96844e-03 2.27789e-02 1.54770e-02
-9.28520e-03 2.25268e-02 1.59079e-02
-1.16085e-02 2.18684e-02 1.61804e-02
-1.39892e-02 2.11126e-02 1.65710e-02
-1.63937e-02 1.99583e-02 1.67934e-02
-1.89415e-02 1.91443e-02 1.76697e-02
-2.13926e-02 1.75770e-02 1.80197e-02
-2.38577e-02 1.59775e-02 1.86997e-02
-2.63775e-02 1.44520e-02 2.00605e-02
-2.86579e-02 1.23184e-02 2.11116e-02
-3.03611e-02 9.38613e-03 2.10265e-02
-3.15349e-02 6.28705e-03 2.07169e-02
-3.23378e-02 3.29533e-03 2.14080e-02
-3.21660e-02 9.99059e-05 2.10689e-02
-3.13643e-02 -3.01720e-03 2.09781e-02
-2.97854e-02 -5.81567e-03 1.99266e-02
-2.79655e-02 -8.37041e-03 1.91916e-02
-2.59886e-02 -1.05224e-02 1.81909e-02
-2.42365e-02 -1.28307e-02 1.80735e-02
-2.24980e-02 -1.49004e-02 1.78051e-02
-2.07501e-02 -1.68867e-02 1.76717e-02
-1.88543e-02 -1.86996e-02 1.75590e-02
-1.66595e-02 -1.98747e-02 1.70045e-02
-1.43464e-02 -2.12837e-02 1.70059e-02
-1.18406e-02 -2.19413e-02 1.65345e-02
-9.33430e-03 -2.22883e-02 1.60392e-02
-6.92028e-03 -2.25062e-02 1.56414e-02
-4.60943e-03 -2.27469e-02 1.54275e-02
-2.34721e-03 -2.30476e-02 1.54067e-02
-6.95391e-05 -2.33198e-02 1.55135e-02
2.24502e-03 -2.34203e-02 1.56545e-02
4.57300e-03 -2.32586e-02 1.57732e-02
6.89075e-03 -2.28637e-02 1.58895e-02
9.22509e-03 -2.23562e-02 1.60896e-02
1.16542e-02 -2.18481e-02 1.64671e-02
1.42482e-02 -2.13384e-02 1.70525e-02
1.70350e-02 -2.09541e-02 1.80608e-02
1.97268e-02 -1.96976e-02 1.84970e-02
2.22527e-02 -1.82170e-02 1.90644e-02
2.45315e-02 -1.66671e-02 2.00469e-02
2.61036e-02 -1.38839e-02 1.95641e-02
2.74893e-02 -1.13086e-02 1.96499e-02
2.87744e-02 -8.73911e-03 2.01431e-02
2.97583e-02 -5.82351e-03 2.00013e-02
3.05861e-02 -2.90783e-03 2.02418e-02
3.45539e-02 1.08944e-04 1.94746e-02
3.41786e-02 3.32660e-03 1.86987e-02
3.30145e-02 6.26007e-03 1.78145e-02
3.12769e-02 8.98504e-03 1.72503e-02
2.92075e-02 1.16264e-02 1.70677e-02
2.68345e-02 1.37240e-02 1.63504e-02
2.45366e-02 1.56114e-02 1.57631e-02
2.23922e-02 1.73973e-02 1.53561e-02
2.03414e-02 1.91158e-02 1.51026e-02
1.82618e-02 2.07102e-02 1.49255e-02
1.60563e-02 2.20730e-02 1.47420e-02
1.37042e-02 2.31159e-02 1.45034e-02
1.12583e-02 2.38266e-02 1.42137e-02
8.82356e-03 2.45931e-02 1.41474e-02
6.41780e-03 2.52177e-02 1.41286e-02
4.02744e-03 2.51402e-02 1.37610e-02
1.67501e-03 2.50160e-02 1.34989e-02
-6.70028e-04 2.51240e-02 1.35274e-02
-3.02714e-03 2.50710e-02 1.35893e-02
-5.38458e-03 2.48218e-02 1.36663e-02
-7.73768e-03 2.44020e-02 1.37742e-02
-1.01367e-02 2.41915e-02 1.41826e-02
-1.25787e-02 2.36085e-02 1.44784e-02
-1.50841e-02 2.26656e-02 1.46567e-02
-1.77339e-02 2.19057e-02 1.51774e-02
-2.04437e-02 2.09200e-02 1.57588e-02
-2.30292e-02 1.92139e-02 1.59231e-02
-2.56053e-02 1.76009e-02 1.64774e-02
-2.81521e-02 1.59980e-02 1.74801e-02
-3.03258e-02 1.35794e-02 1.78238e-02
-3.23201e-02 1.10656e-02 1.84757e-02
-3.38653e-02 8.15742e-03 1.88587e-02
-3.49073e-02 5.05115e-03 1.92687e-02
-3.52502e-02 1.76098e-03 1.94668e-02
-3.47715e-02 -1.55891e-03 1.92272e-02
-3.35807e-02 -4.71686e-03 1.87570e-02
-3.18488e-02 -7.60054e-03 1.81305e-02
-2.98985e-02 -1.03285e-02 1.78003e-02
-2.77630e-02 -1.26613e-02 1.71616e-02
-2.56036e-02 -1.45769e-02 1.63326e-02
-2.35416e-02 -1.63158e-02 1.56827e-02
-2.15770e-02 -1.81655e-02 1.54609e-02
-1.94746e-02 -1.95738e-02 1.50113e-02
-1.72637e-02 -2.09229e-02 1.47594e-02
-1.48757e-02 -2.18664e-02 1.43891e-02
-1.24507e-02 -2.30129e-02 1.44011e-02
-9.95470e-03 -2.34072e-02 1.40126e-02
-7.53578e-03 -2.36676e-02 1.36942e-02
-5.21280e-03 -2.39463e-02 1.35202e-02
-2.93981e-03 -2.43073e-02 1.35141e-02
-6.49989e-04 -2.46941e-02 1.36385e-02
1.69472e-03 -2.49706e-02 1.38202e-02
4.08510e-03 -2.50161e-02 1.39971e-02
6.49320e-03 -2.48078e-02 1.41593e-02
8.92255e-03 -2.44324e-02 1.43591e-02
1.14324e-02 -2.40136e-02 1.46764e-02
1.41024e-02 -2.36039e-02 1.51636e-02
1.70048e-02 -2.34165e-02 1.60506e-02
1.98692e-02 -2.22154e-02 1.63424e-02
2.27309e-02 -2.11586e-02 1.70809e-02
2.53731e-02 -1.99047e-02 1.80574e-02
2.75019e-02 -1.78422e-02 1.85848e-02
2.90458e-02 -1.49796e-02 1.83755e-02
3.05058e-02 -1.23596e-02 1.87985e-02
3.17940e-02 -9.43952e-03 1.89944e-02
3.29362e-02 -6.31471e-03 1.89343e-02
3.39810e-02 -3.17532e-03 1.92595e-02
3.82649e-02 1.02909e-04 1.81823e-02
3.79346e-02 3.58826e-03 1.72868e-02
3.68723e-02 6.79901e-03 1.65323e-02
3.51012e-02 9.67100e-03 1.57644e-02
3.30124e-02 1.25067e-02 1.55333e-02
3.06604e-02 1.50731e-02 1.52368e-02
2.82007e-02 1.71832e-02 1.46934e-02
2.59280e-02 1.94169e-02 1.45394e-02
2.35889e-02 2.09885e-02 1.39793e-02
2.13195e-02 2.26993e-02 1.37541e-02
1.89426e-02 2.41769e-02 1.35360e-02
1.64202e-02 2.53242e-02 1.32767e-02
1.37486e-02 2.57704e-02 1.27621e-02
1.10966e-02 2.62209e-02 1.24341e-02
8.54405e-03 2.71432e-02 1.25191e-02
5.99774e-03 2.69688e-02 1.20979e-02
3.53667e-03 2.67814e-02 1.17829e-02
1.12302e-03 2.69178e-02 1.17475e-02
-1.29497e-03 2.73099e-02 1.19551e-02
-3.71277e-03 2.68527e-02 1.18155e-02
-6.13059e-03 2.65530e-02 1.18775e-02
-8.54877e-03 2.61120e-02 1.19761e-02
-1.10048e-02 2.56108e-02 1.21518e-02
-1.35609e-02 2.51053e-02 1.24415e-02
-1.62671e-02 2.45784e-02 1.28551e-02
-1.91214e-02 2.39361e-02 1.33666e-02
-2.19926e-02 2.27400e-02 1.36939e-02
-2.48518e-02 2.13498e-02 1.41004e-02
-2.76141e-02 1.97331e-02 1.45898e-02
-3.03210e-02 1.81380e-02 1.54567e-02
-3.25136e-02 1.54057e-02 1.54258e-02
-3.45907e-02 1.27787e-02 1.57911e-02
-3.65204e-02 1.01322e-02 1.66314e-02
-3.80715e-02 7.15276e-03 1.76028e-02
-3.86508e-02 3.59623e-03 1.73839e-02
-3.88009e-02 8.08188e-05 1.78787e-02
-3.78522e-02 -3.39165e-03 1.72303e-02
-3.62504e-02 -6.58002e-03 1.65722e-02
-3.41529e-02 -9.46121e-03 1.59548e-02
-3.18137e-02 -1.21606e-02 1.55944e-02
-2.91491e-02 -1.41224e-02 1.45966e-02
-2.65366e-02 -1.57510e-02 1.37112e-02
-2.41290e-02 -1.74196e-02 1.32411e-02
-2.17543e-02 -1.85987e-02 1.25679e-02
-1.95059e-02 -1.98965e-02 1.22341e-02
-1.72571e-02 -2.11098e-02 1.20124e-02
-1.49431e-02 -2.20817e-02 1.17820e-02
-1.26283e-02 -2.32828e-02 1.18528e-02
-1.02260e-02 -2.35645e-02 1.14714e-02
-7.89653e-03 -2.38905e-02 1.12501e-02
-5.65047e-03 -2.43978e-02 1.12343e-02
-3.43669e-03 -2.48040e-02 1.12387e-02
-1.20723e-03 -2.52793e-02 1.13616e-02
1.08827e-03 -2.57204e-02 1.15583e-02
3.44829e-03 -2.55796e-02 1.15387e-02
5.87329e-03 -2.57105e-02 1.17946e-02
8.36595e-03 -2.58983e-02 1.22134e-02
1.09206e-02 -2.56478e-02 1.25040e-02
1.36644e-02 -2.57100e-02 1.31207e-02
1.66280e-02 -2.57262e-02 1.38829e-02
1.96670e-02 -2.49179e-02 1.43002e-02
2.27735e-02 -2.40495e-02 1.49178e-02
2.58260e-02 -2.32242e-02 1.59092e-02
2.84032e-02 -2.14153e-02 1.64600e-02
3.05560e-02 -1.92189e-02 1.70104e-02
3.22115e-02 -1.63696e-02 1.71599e-02
3.37682e-02 -1.35538e-02 1.76547e-02
3.51863e-02 -1.03930e-02 1.79394e-02
3.64653e-02 -6.97618e-03 1.79506e-02
3.77248e-02 -3.55138e-03 1.84939e-02
4.18290e-02 8.88654e-05 1.54226e-02
4.17879e-02 3.91786e-03 1.54241e-02
4.06239e-02 7.36153e-03 1.45241e-02
3.89905e-02 1.06982e-02 1.41962e-02
3.67809e-02 1.36761e-02 1.37393e-02
3.44839e-02 1.68162e-02 1.37868e-02
3.17624e-02 1.89094e-02 1.30377e-02
2.92899e-02 2.13561e-02 1.28687e-02
2.67802e-02 2.33569e-02 1.25412e-02
2.41955e-02 2.48568e-02 1.20791e-02
2.15414e-02 2.60958e-02 1.16597e-02
1.88264e-02 2.73328e-02 1.14136e-02
1.59518e-02 2.78320e-02 1.09574e-02
1.30913e-02 2.83094e-02 1.06474e-02
1.03056e-02 2.88735e-02 1.05020e-02
7.58514e-03 2.89489e-02 1.02433e-02
4.95758e-03 2.86404e-02 9.91099e-03
2.42297e-03 2.87023e-02 9.81865e-03
-8.39486e-05 2.90950e-02 9.94398e-03
-2.59388e-03 2.90162e-02 9.95578e-03
-5.08512e-03 2.84110e-02 9.83423e-03
-7.57640e-03 2.80096e-02 9.88746e-03
-1.00854e-02 2.75261e-02 9.99116e-03
-1.26740e-02 2.70469e-02 1.01822e-02
-1.54166e-02 2.66053e-02 1.04851e-02
-1.84096e-02 2.64897e-02 1.10746e-02
-2.14684e-02 2.55369e-02 1.13854e-02
-2.46601e-02 2.46300e-02 1.19013e-02
-2.78913e-02 2.36371e-02 1.26111e-02
-3.09007e-02 2.18735e-02 1.30877e-02
-3.38649e-02 2.01238e-02 1.38964e-02
-3.61711e-02 1.68884e-02 1.36828e-02
-3.84954e-02 1.40425e-02 1.40622e-02
-4.04184e-02 1.07895e-02 1.42372e-02
-4.17960e-02 7.25289e-03 1.41635e-02
-4.28148e-02 3.77120e-03 1.46471e-02
-4.31148e-02 6.50614e-05 1.51882e-02
-4.24381e-02 -3.75124e-03 1.53338e-02
-4.06090e-02 -7.19109e-03 1.45665e-02
-3.83964e-02 -1.05774e-02 1.44705e-02
-3.54615e-02 -1.32773e-02 1.37450e-02
-3.21015e-02 -1.50905e-02 1.25549e-02
-2.87821e-02 -1.65269e-02 1.15739e-02
-2.57020e-02 -1.79003e-02 1.09416e-02
-2.28568e-02 -1.90752e-02 1.04173e-02
-2.02579e-02 -2.01442e-02 1.00124e-02
-1.78460e-02 -2.11420e-02 9.71019e-03
-1.55542e-02 -2.21963e-02 9.56189e-03
-1.32893e-02 -2.31327e-02 9.45516e-03
-1.09757e-02 -2.33471e-02 9.08693e-03
-8.68925e-03 -2.32055e-02 8.65970e-03
-6.52385e-03 -2.38922e-02 8.71580e-03
-4.39073e-03 -2.44641e-02 8.77557e-03
-2.25568e-03 -2.49447e-02 8.84639e-03
-6.95867e-05 -2.54970e-02 9.00650e-03
2.21745e-03 -2.63750e-02 9.38161e-03
4.59316e-03 -2.63956e-02 9.46064e-03
7.06547e-03 -2.65791e-02 9.70766e-03
9.66019e-03 -2.69571e-02 1.01463e-02
1.23726e-02 -2.69023e-02 1.04899e-02
1.53346e-02 -2.71644e-02 1.11066e-02
1.85537e-02 -2.73327e-02 1.18339e-02
2.17806e-02 -2.62356e-02 1.20635e-02
2.52384e-02 -2.58721e-02 1.29288e-02
2.86418e-02 -2.53677e-02 1.40506e-02
3.14634e-02 -2.34171e-02 1.45608e-02
3.37685e-02 -2.07953e-02 1.48540e-02
3.56763e-02 -1.78201e-02 1.50944e-02
3.73295e-02 -1.45902e-02 1.53103e-02
3.89075e-02 -1.12456e-02 1.56600e-02
4.03647e-02 -7.67480e-03 1.60079e-02
4.12834e-02 -3.75061e-03 1.56069e-02
4.52872e-02 6.89293e-05 1.15833e-02
4.50050e-02 3.90559e-03 1.15323e-02
4.39805e-02 7.62225e-03 1.13747e-02
4.22656e-02 1.10915e-02 1.11168e-02
4.01526e-02 1.44884e-02 1.10424e-02
3.78028e-02 1.78831e-02 1.11108e-02
3.49109e-02 2.01028e-02 1.04849e-02
3.21357e-02 2.23493e-02 1.01357e-02
2.94922e-02 2.47324e-02 1.00147e-02
2.68472e-02 2.69469e-02 9.91792e-03
2.39304e-02 2.78847e-02 9.39227e-03
2.10859e-02 2.92264e-02 9.18160e-03
1.80376e-02 2.94782e-02 8.69115e-03
1.50553e-02 3.00722e-02 8.45134e-03
1.21234e-02 3.07068e-02 8.32387e-03
9.23372e-03 3.07525e-02 8.08878e-03
6.46168e-03 3.06995e-02 7.89800e-03
3.78531e-03 3.02575e-02 7.65089e-03
1.19621e-03 3.01837e-02 7.57746e-03
-1.35964e-03 3.00564e-02 7.54634e-03
-3.89767e-03 2.98122e-02 7.54107e-03
-6.41925e-03 2.94280e-02 7.55551e-03
-8.93826e-03 2.89452e-02 7.60097e-03
-1.15020e-02 2.84481e-02 7.70164e-03
-1.41873e-02 2.80061e-02 7.88253e-03
-1.70685e-02 2.76193e-02 8.15539e-03
-2.02341e-02 2.75605e-02 8.64968e-03
-2.34651e-02 2.66035e-02 8.92019e-03
-2.69256e-02 2.60351e-02 9.50640e-03
-3.02963e-02 2.46994e-02 9.94256e-03
-3.35695e-02 2.29304e-02 1.03668e-02
-3.68941e-02 2.12192e-02 1.10876e-02
-3.95761e-02 1.78963e-02 1.09828e-02
-4.21309e-02 1.45830e-02 1.09926e-02
-4.42567e-02 1.09450e-02 1.07824e-02
-4.64120e-02 7.72676e-03 1.14252e-02
-4.77724e-02 4.02909e-03 1.18869e-02
-4.81961e-02 4.75501e-05 1.22123e-02
-4.70345e-02 -3.79075e-03 1.13784e-02
-4.54144e-02 -7.53292e-03 1.13800e-02
-4.29977e-02 -1.11323e-02 1.13972e-02
-4.01173e-02 -1.48334e-02 1.17135e-02
-3.59588e-02 -1.64152e-02 1.03661e-02
-3.18931e-02 -1.77400e-02 9.42998e-03
-2.80510e-02 -1.88771e-02 8.75743e-03
-2.45045e-02 -1.96971e-02 8.16214e-03
-2.14180e-02 -2.07113e-02 7.84841e-03
-1.86410e-02 -2.13582e-02 7.47290e-03
-1.61600e-02 -2.20170e-02 7.20244e-03
-1.38543e-02 -2.26521e-02 7.00457e-03
-1.15947e-02 -2.28295e-02 6.70747e-03
-9.41685e-03 -2.32327e-02 6.57519e-03
-7.28401e-03 -2.35280e-02 6.46695e-03
-5.20707e-03 -2.38079e-02 6.40437e-03
-3.16977e-03 -2.41768e-02 6.41126e-03
-1.11991e-03 -2.46867e-02 6.49885e-03
1.00620e-03 -2.53025e-02 6.65835e-03
3.26375e-03 -2.62929e-02 6.99067e-03
5.63578e-03 -2.64394e-02 7.10108e-03
8.17391e-03 -2.71727e-02 7.47948e-03
1.08111e-02 -2.70388e-02 7.63563e-03
1.36668e-02 -2.72033e-02 7.97299e-03
1.68283e-02 -2.76820e-02 8.52154e-03
2.02311e-02 -2.76783e-02 9.00920e-03
2.37804e-02 -2.70476e-02 9.38635e-03
2.76137e-02 -2.70114e-02 1.02101e-02
3.12920e-02 -2.61757e-02 1.09280e-02
3.44953e-02 -2.41846e-02 1.13193e-02
3.71871e-02 -2.14767e-02 1.15224e-02
3.94256e-02 -1.83581e-02 1.16452e-02
4.12905e-02 -1.49601e-02 1.17178e-02
4.28463e-02 -1.13608e-02 1.17464e-02
4.39475e-02 -7.48052e-03 1.14473e-02
4.47165e-02 -3.67669e-03 1.12022e-02
4.92706e-02 5.23156e-05 8.32992e-03
4.85351e-02 4.13358e-03 8.21382e-03
4.71488e-02 8.03829e-03 8.04499e-03
4.49489e-02 1.13474e-02 7.54235e-03
4.27858e-02 1.50839e-02 7.66590e-03
4.03476e-02 1.88194e-02 7.81255e-03
3.71938e-02 2.10731e-02 7.33156e-03
3.40249e-02 2.29772e-02 6.91638e-03
3.10203e-02 2.49712e-02 6.68421e-03
2.83398e-02 2.78621e-02 6.81534e-03
2.53260e-02 2.91119e-02 6.52701e-03
2.23186e-02 3.01217e-02 6.27341e-03
1.92763e-02 3.08276e-02 6.03397e-03
1.61977e-02 3.11757e-02 5.79394e-03
1.32003e-02 3.19232e-02 5.71414e-03
1.02070e-02 3.19948e-02 5.54947e-03
7.31635e-03 3.18746e-02 5.40011e-03
4.53097e-03 3.12834e-02 5.20268e-03
1.86667e-03 3.10440e-02 5.11824e-03
-7.29010e-04 3.07707e-02 5.06544e-03
-3.28051e-03 3.04259e-02 5.03687e-03
-5.80051e-03 2.99835e-02 5.02798e-03
-8.30583e-03 2.94647e-02 5.04237e-03
-1.08379e-02 2.89346e-02 5.09200e-03
-1.34683e-02 2.84619e-02 5.19234e-03
-1.62768e-02 2.80655e-02 5.35345e-03
-1.93137e-02 2.76875e-02 5.57429e-03
-2.25744e-02 2.72066e-02 5.84242e-03
-2.60007e-02 2.64865e-02 6.14000e-03
-2.95164e-02 2.54276e-02 6.45312e-03
-3.30669e-02 2.39867e-02 6.77652e-03
-3.66348e-02 2.21600e-02 7.11413e-03
-4.01363e-02 1.97655e-02 7.38799e-03
-4.37509e-02 1.73155e-02 7.84801e-03
-4.73817e-02 1.46398e-02 8.52991e-03
-5.05528e-02 1.12168e-02 9.16072e-03
-5.36210e-02 7.55549e-03 1.04700e-02
-5.40297e-02 2.40792e-03 9.74224e-03
-5.34124e-02 -2.20655e-03 9.02537e-03
-5.18273e-02 -6.31986e-03 8.48802e-03
-5.01082e-02 -1.08731e-02 8.99590e-03
-4.73705e-02 -1.53584e-02 9.31082e-03
-4.31030e-02 -1.81216e-02 8.61560e-03
-3.81788e-02 -1.94221e-02 7.58110e-03
-3.34162e-02 -2.04503e-02 6.84299e-03
-2.88618e-02 -2.08982e-02 6.15491e-03
-2.48106e-02 -2.13367e-02 5.67203e-03
-2.12677e-02 -2.16288e-02 5.27518e-03
-1.82250e-02 -2.19286e-02 4.97359e-03
-1.55756e-02 -2.22930e-02 4.75624e-03
-1.31748e-02 -2.26818e-02 4.59806e-03
-1.09057e-02 -2.30104e-02 4.47259e-03
-8.73919e-03 -2.36026e-02 4.45665e-03
-6.59321e-03 -2.33462e-02 4.27506e-03
-4.55266e-03 -2.34807e-02 4.21970e-03
-2.56835e-03 -2.37504e-02 4.21726e-03
-5.78309e-04 -2.42272e-02 4.27830e-03
1.49680e-03 -2.48874e-02 4.39934e-03
3.71694e-03 -2.56260e-02 4.56496e-03
6.10808e-03 -2.63183e-02 4.75709e-03
8.67391e-03 -2.68868e-02 4.96691e-03
1.13948e-02 -2.69492e-02 5.10985e-03
1.43762e-02 -2.73093e-02 5.37615e-03
1.77113e-02 -2.79879e-02 5.78798e-03
2.13475e-02 -2.81826e-02 6.16237e-03
2.51759e-02 -2.75635e-02 6.41486e-03
2.94214e-02 -2.76540e-02 6.99833e-03
3.37330e-02 -2.72933e-02 7.63250e-03
3.76105e-02 -2.55202e-02 7.99247e-03
4.09121e-02 -2.27400e-02 8.14064e-03
4.37947e-02 -1.97276e-02 8.35012e-03
4.57092e-02 -1.56064e-02 8.07447e-03
4.70484e-02 -1.14145e-02 7.68630e-03
4.81508e-02 -7.60944e-03 7.58442e-03
4.88942e-02 -3.87157e-03 7.75284e-03
5.24159e-02 3.00443e-05 4.07587e-03
5.11838e-02 4.07037e-03 4.00343e-03
4.94076e-02 7.95885e-03 3.95922e-03
4.69380e-02 1.12996e-02 3.74352e-03
4.44617e-02 1.49047e-02 3.76952e-03
4.16909e-02 1.83491e-02 3.77628e-03
3.86343e-02 2.13906e-02 3.72546e-03
3.51088e-02 2.30144e-02 3.45509e-03
3.18305e-02 2.48604e-02 3.31325e-03
2.88595e-02 2.72494e-02 3.30369e-03
2.58991e-02 2.91249e-02 3.24844e-03
2.28710e-02 3.00984e-02 3.11191e-03
1.99382e-02 3.12520e-02 3.03752e-03
1.68722e-02 3.13491e-02 2.88054e-03
1.38850e-02 3.18625e-02 2.80767e-03
1.09342e-02 3.24075e-02 2.76884e-03
8.00977e-03 3.22756e-02 2.68951e-03
5.18105e-03 3.15699e-02 2.57947e-03
2.49647e-03 3.11649e-02 2.52114e-03
-8.50957e-05 3.07240e-02 2.47844e-03
-2.59122e-03 3.02518e-02 2.45075e-03
-5.04553e-03 2.97346e-02 2.43660e-03
-7.47189e-03 2.91769e-02 2.43595e-03
-9.90646e-03 2.86151e-02 2.45213e-03
-1.24073e-02 2.80979e-02 2.49074e-03
-1.50445e-02 2.76486e-02 2.55597e-03
-1.78747e-02 2.72344e-02 2.64917e-03
-2.09173e-02 2.67705e-02 2.76728e-03
-2.41548e-02 2.61518e-02 2.90541e-03
-2.75571e-02 2.52948e-02 3.05970e-03
-3.09593e-02 2.35815e-02 3.13499e-03
-3.46732e-02 2.21548e-02 3.31566e-03
-3.82855e-02 1.96051e-02 3.34490e-03
-4.25247e-02 1.79222e-02 3.65209e-03
-4.71887e-02 1.62944e-02 4.18436e-03
-5.15987e-02 1.36390e-02 4.70714e-03
-5.54338e-02 1.00106e-02 5.23828e-03
-5.77983e-02 5.19319e-03 5.44603e-03
-5.81340e-02 6.23499e-06 5.09099e-03
-5.75144e-02 -4.75426e-03 4.90728e-03
-5.65777e-02 -9.87960e-03 5.21939e-03
-5.36406e-02 -1.41213e-02 5.01583e-03
-4.96376e-02 -1.75115e-02 4.71296e-03
-4.52191e-02 -2.06016e-02 4.52236e-03
-4.00565e-02 -2.21945e-02 4.12245e-03
-3.48476e-02 -2.30061e-02 3.72983e-03
-2.98799e-02 -2.31973e-02 3.35907e-03
-2.53354e-02 -2.27859e-02 2.99309e-03
-2.14932e-02 -2.27928e-02 2.77290e-03
-1.81980e-02 -2.28071e-02 2.60107e-03
-1.53421e-02 -2.28885e-02 2.47264e-03
-1.28406e-02 -2.35929e-02 2.45278e-03
-1.04447e-02 -2.36467e-02 2.36959e-03
-8.17264e-03 -2.35962e-02 2.29679e-03
-6.01841e-03 -2.34821e-02 2.23577e-03
-3.98044e-03 -2.34249e-02 2.19599e-03
-2.02392e-03 -2.35651e-02 2.18816e-03
-7.06380e-05 -2.39844e-02 2.21840e-03
1.97339e-03 -2.46595e-02 2.28480e-03
4.18183e-03 -2.54736e-02 2.37872e-03
6.58745e-03 -2.62807e-02 2.48939e-03
9.19512e-03 -2.69774e-02 2.61019e-03
1.20158e-02 -2.75404e-02 2.74158e-03
1.50503e-02 -2.76235e-02 2.84317e-03
1.85105e-02 -2.84234e-02 3.06764e-03
2.23314e-02 -2.87629e-02 3.27629e-03
2.63592e-02 -2.79512e-02 3.37469e-03
3.09733e-02 -2.81148e-02 3.67670e-03
3.58592e-02 -2.80662e-02 4.04379e-03
4.04124e-02 -2.65446e-02 4.27138e-03
4.42366e-02 -2.35401e-02 4.30727e-03
4.78630e-02 -2.08555e-02 4.50909e-03
5.03193e-02 -1.68900e-02 4.47539e-03
5.11907e-02 -1.17419e-02 3.98983e-03
5.16926e-02 -7.36280e-03 3.59584e-03
5.19583e-02 -3.60533e-03 3.40421e-03
5.49230e-02 9.08687e-06 9.48995e-05
5.38439e-02 4.55882e-03 7.02897e-05
5.13286e-02 8.45486e-03 4.93661e-05
4.83736e-02 1.17219e-02 3.19005e-05
4.52480e-02 1.47090e-02 1.59713e-05
4.22529e-02 1.81347e-02 -2.35242e-06
3.89471e-02 2.11264e-02 -1.82898e-05
3.53062e-02 2.31247e-02 -2.87996e-05
3.18434e-02 2.51485e-02 -3.94645e-05
2.85494e-02 2.69557e-02 -4.89694e-05
2.53152e-02 2.78904e-02 -5.37406e-05
2.23620e-02 2.91380e-02 -6.02382e-05
1.94992e-02 3.02735e-02 -6.61351e-05
1.65832e-02 3.07992e-02 -6.87151e-05
1.36787e-02 3.13771e-02 -7.15797e-05
1.07832e-02 3.19562e-02 -7.44514e-05
7.89023e-03 3.17919e-02 -7.32856e-05
5.08596e-03 3.09856e-02 -6.86413e-05
2.43759e-03 3.04404e-02 -6.54301e-05
-8.51095e-05 2.98562e-02 -6.20186e-05
-2.51107e-03 2.92716e-02 -5.86143e-05
-4.87332e-03 2.86886e-02 -5.52246e-05
-7.20371e-03 2.81044e-02 -5.18316e-05
-9.53860e-03 2.75308e-02 -4.84955e-05
-1.19259e-02 2.69870e-02 -4.53168e-05
-1.44177e-02 2.64763e-02 -4.23074e-05
-1.70557e-02 2.59667e-02 -3.92904e-05
-1.99202e-02 2.57822e-02 -3.80179e-05
-2.29041e-02 2.50844e-02 -3.39455e-05
-2.60769e-02 2.42213e-02 -2.89581e-05
-2.93987e-02 2.28035e-02 -2.09439e-05
-3.31370e-02 2.15807e-02 -1.39491e-05
-3.69880e-02 1.92947e-02 -1.16905e-06
-4.13834e-02 1.72982e-02 1.00901e-05
-4.65767e-02 1.59438e-02 1.79366e-05
-5.14354e-02 1.32388e-02 3.30880e-05
-5.52443e-02 9.18511e-03 5.54650e-05
-5.82640e-02 4.80040e-03 7.95656e-05
-5.93319e-02 -2.11592e-05 1.05855e-04
-5.91965e-02 -4.62352e-03 1.30839e-04
-5.83667e-02 -9.46315e-03 1.57047e-04
-5.56137e-02 -1.35166e-02 1.78804e-04
-5.20785e-02 -1.72430e-02 1.98709e-04
-4.81663e-02 -2.11142e-02 2.19366e-04
-4.31360e-02 -2.33222e-02 2.30884e-04
-3.78499e-02 -2.46976e-02 2.37855e-04
-3.26239e-02 -2.53511e-02 2.40911e-04
-2.76035e-02 -2.48948e-02 2.37958e-04
-2.31576e-02 -2.41477e-02 2.33481e-04
-1.94198e-02 -2.39159e-02 2.31869e-04
-1.62158e-02 -2.39283e-02 2.31634e-04
-1.34097e-02 -2.42692e-02 2.33220e-04
-1.07849e-02 -2.39466e-02 2.31220e-04
-8.38359e-03 -2.40488e-02 2.31548e-04
-6.10829e-03 -2.35299e-02 2.28515e-04
-4.01555e-03 -2.36447e-02 2.28941e-04
-2.02508e-03 -2.35884e-02 2.28447e-04
-7.08621e-05 -2.38578e-02 2.29726e-04
1.95497e-03 -2.44500e-02 2.32751e-04
4.14267e-03 -2.52517e-02 2.36898e-04
6.53735e-03 -2.60965e-02 2.41261e-04
9.14522e-03 -2.68461e-02 2.45086e-04
1.20045e-02 -2.78363e-02 2.50194e-04
1.50901e-02 -2.83190e-02 2.52525e-04
1.85154e-02 -2.87486e-02 2.54535e-04
2.24532e-02 -2.95322e-02 2.58419e-04
2.66836e-02 -2.90596e-02 2.55452e-04
3.13696e-02 -2.84949e-02 2.51942e-04
3.64826e-02 -2.80122e-02 2.48838e-04
4.17462e-02 -2.71654e-02 2.43741e-04
4.61179e-02 -2.41755e-02 2.27089e-04
5.04373e-02 -2.17561e-02 2.13540e-04
5.33967e-02 -1.78562e-02 1.92079e-04
5.47697e-02 -1.29592e-02 1.65351e-04
5.45089e-02 -7.66501e-03 1.36620e-04
5.48454e-02 -3.85714e-03 1.15906e-04
5.72851e-02 -1.92288e-05 -5.23375e-03
5.61721e-02 5.38381e-03 -5.72031e-03
5.26272e-02 9.27442e-03 -4.74575e-03
4.88817e-02 1.20108e-02 -3.97715e-03
4.55964e-02 1.49988e-02 -3.75229e-03
4.21815e-02 1.78249e-02 -3.62895e-03
3.87129e-02 2.06975e-02 -3.60494e-03
3.50061e-02 2.29100e-02 -3.50091e-03
3.13448e-02 2.47391e-02 -3.39030e-03
2.77193e-02 2.55795e-02 -3.17290e-03
2.45030e-02 2.66935e-02 -3.05532e-03
2.15534e-02 2.77848e-02 -2.97205e-03
1.87571e-02 2.88236e-02 -2.91274e-03
1.59934e-02 2.96942e-02 -2.86209e-03
1.31954e-02 3.02601e-02 -2.80510e-03
1.04002e-02 3.08257e-02 -2.77859e-03
7.62145e-03 3.10183e-02 -2.73814e-03
4.89989e-03 3.01599e-02 -2.60755e-03
2.33255e-03 2.91596e-02 -2.48461e-03
-8.49815e-05 2.85185e-02 -2.41954e-03
-2.39875e-03 2.79055e-02 -2.37299e-03
-4.64804e-03 2.73275e-02 -2.34521e-03
-6.86841e-03 2.67686e-02 -2.33454e-03
-9.09093e-03 2.62143e-02 -2.33992e-03
-1.13469e-02 2.56546e-02 -2.36149e-03
-1.36659e-02 2.50747e-02 -2.39935e-03
-1.60692e-02 2.44439e-02 -2.45296e-03
-1.85692e-02 2.37258e-02 -2.52094e-03
-2.11863e-02 2.28982e-02 -2.60415e-03
-2.39768e-02 2.19687e-02 -2.70809e-03
-2.70527e-02 2.09630e-02 -2.84305e-03
-3.06669e-02 2.02530e-02 -3.09897e-03
-3.46318e-02 1.86646e-02 -3.25316e-03
-3.91166e-02 1.68014e-02 -3.43591e-03
-4.42703e-02 1.51315e-02 -3.84927e-03
-4.94950e-02 1.27135e-02 -4.30352e-03
-5.36470e-02 8.78901e-03 -4.36761e-03
-5.71477e-02 4.62178e-03 -4.57937e-03
-5.89767e-02 -4.62761e-05 -4.53586e-03
-5.96616e-02 -4.82372e-03 -4.60913e-03
-5.88010e-02 -9.50370e-03 -4.55272e-03
-5.64617e-02 -1.36450e-02 -4.34654e-03
-5.34799e-02 -1.77368e-02 -4.26889e-03
-4.98506e-02 -2.17418e-02 -4.24573e-03
-4.47891e-02 -2.36896e-02 -3.85804e-03
-3.96717e-02 -2.54858e-02 -3.59509e-03
-3.44740e-02 -2.66568e-02 -3.33730e-03
-2.92609e-02 -2.64525e-02 -2.96894e-03
-2.46061e-02 -2.62211e-02 -2.68843e-03
-2.05141e-02 -2.58247e-02 -2.45000e-03
-1.69972e-02 -2.56255e-02 -2.28236e-03
-1.39308e-02 -2.56333e-02 -2.17238e-03
-1.11177e-02 -2.50352e-02 -2.02052e-03
-8.57864e-03 -2.48017e-02 -1.93565e-03
-6.22378e-03 -2.43151e-02 -1.84411e-03
-4.05438e-03 -2.38879e-02 -1.77511e-03
-2.03091e-03 -2.36683e-02 -1.73780e-03
-7.10733e-05 -2.37735e-02 -1.73937e-03
1.93478e-03 -2.42214e-02 -1.78110e-03
4.08414e-03 -2.49148e-02 -1.85668e-03
6.43013e-03 -2.56859e-02 -1.95532e-03
8.97973e-03 -2.63773e-02 -2.06712e-03
1.17976e-02 -2.76849e-02 -2.27350e-03
1.47877e-02 -2.80783e-02 -2.41236e-03
1.81147e-02 -2.86026e-02 -2.60057e-03
2.19234e-02 -2.93138e-02 -2.85407e-03
2.60305e-02 -2.86606e-02 -2.98289e-03
3.07769e-02 -2.84123e-02 -3.22273e-03
3.61664e-02 -2.84983e-02 -3.60153e-03
4.19079e-02 -2.82485e-02 -4.06036e-03
4.64410e-02 -2.47899e-02 -4.06472e-03
5.14266e-02 -2.28501e-02 -4.50373e-03
5.51713e-02 -1.94377e-02 -4.78646e-03
5.66478e-02 -1.41559e-02 -4.57978e-03
5.66322e-02 -8.77419e-03 -4.15462e-03
5.70458e-02 -4.57759e-03 -4.39341e-03
5.72896e-02 -5.22076e-05 -1.13058e-02
5.52102e-02 5.20346e-03 -1.08833e-02
5.18034e-02 9.20423e-03 -9.38906e-03
4.82709e-02 1.22660e-02 -8.19913e-03
4.49700e-02 1.52920e-02 -7.69969e-03
4.13464e-02 1.77681e-02 -7.21326e-03
3.78031e-02 2.05281e-02 -7.10635e-03
3.41220e-02 2.29670e-02 -6.99163e-03
3.01639e-02 2.39415e-02 -6.47356e-03
2.65704e-02 2.49986e-02 -6.13988e-03
2.33068e-02 2.59475e-02 -5.87659e-03
2.03348e-02 2.68708e-02 -5.68374e-03
1.75397e-02 2.77411e-02 -5.54103e-03
1.48019e-02 2.84454e-02 -5.41796e-03
1.20572e-02 2.88546e-02 -5.28663e-03
9.34208e-03 2.92809e-02 -5.21970e-03
6.65222e-03 2.89930e-02 -5.04962e-03
4.06865e-03 2.80990e-02 -4.79787e-03
1.64701e-03 2.74970e-02 -4.65210e-03
-6.48976e-04 2.69072e-02 -4.54216e-03
-2.85938e-03 2.63695e-02 -4.47259e-03
-5.02563e-03 2.58713e-02 -4.44017e-03
-7.17840e-03 2.53763e-02 -4.43903e-03
-9.33761e-03 2.48495e-02 -4.46391e-03
-1.15165e-02 2.42620e-02 -4.51114e-03
-1.37216e-02 2.35871e-02 -4.57821e-03
-1.59545e-02 2.28001e-02 -4.66264e-03
-1.82236e-02 2.18913e-02 -4.76596e-03
-2.05707e-02 2.08834e-02 -4.89766e-03
-2.31007e-02 1.98290e-02 -5.07951e-03
-2.59837e-02 1.87767e-02 -5.34185e-03
-2.94096e-02 1.77166e-02 -5.71472e-03
-3.34976e-02 1.65391e-02 -6.21197e-03
-3.81989e-02 1.50387e-02 -6.81900e-03
-4.35783e-02 1.35301e-02 -7.92800e-03
-4.91817e-02 1.13024e-02 -9.39151e-03
-5.34270e-02 7.16696e-03 -9.83320e-03
-5.62238e-02 2.36689e-03 -9.76015e-03
-5.84934e-02 -2.67388e-03 -1.04172e-02
-5.82910e-02 -7.59936e-03 -9.93840e-03
-5.76089e-02 -1.27962e-02 -1.01446e-02
-5.43825e-02 -1.62690e-02 -9.12791e-03
-5.15184e-02 -2.07197e-02 -9.17710e-03
-4.75562e-02 -2.43600e-02 -8.95191e-03
-4.24620e-02 -2.62444e-02 -8.23174e-03
-3.69314e-02 -2.68370e-02 -7.35369e-03
-3.17494e-02 -2.76719e-02 -6.82118e-03
-2.67390e-02 -2.75640e-02 -6.19508e-03
-2.21738e-02 -2.67605e-02 -5.53891e-03
-1.82768e-02 -2.62338e-02 -5.07895e-03
-1.49123e-02 -2.57421e-02 -4.71198e-03
-1.19943e-02 -2.56755e-02 -4.50878e-03
-9.32629e-03 -2.52244e-02 -4.26777e-03
-6.88211e-03 -2.47323e-02 -4.06547e-03
-4.61743e-03 -2.38599e-02 -3.81830e-03
-2.53713e-03 -2.34872e-02 -3.70854e-03
-5.60342e-04 -2.33657e-02 -3.66854e-03
1.40948e-03 -2.35644e-02 -3.70771e-03
3.47494e-03 -2.40413e-02 -3.82062e-03
5.72365e-03 -2.50398e-02 -4.07202e-03
8.12362e-03 -2.52473e-02 -4.18877e-03
1.07491e-02 -2.60705e-02 -4.49334e-03
1.35719e-02 -2.67256e-02 -4.82327e-03
1.66060e-02 -2.69027e-02 -5.10735e-03
2.00379e-02 -2.72575e-02 -5.50951e-03
2.38872e-02 -2.70731e-02 -5.85876e-03
2.82705e-02 -2.66470e-02 -6.24552e-03
3.34221e-02 -2.68427e-02 -6.97978e-03
3.90262e-02 -2.66712e-02 -7.84547e-03
4.42735e-02 -2.47928e-02 -8.37857e-03
4.89428e-02 -2.19699e-02 -8.79342e-03
5.37472e-02 -1.98574e-02 -9.99536e-03
5.62071e-02 -1.52324e-02 -1.01503e-02
5.69669e-02 -9.97287e-03 -9.87014e-03
5.69181e-02 -4.99209e-03 -9.85263e-03
5.38103e-02 -7.41468e-05 -1.51752e-02
5.21557e-02 4.74149e-03 -1.46848e-02
4.95304e-02 8.81644e-03 -1.34585e-02
4.63395e-02 1.19355e-02 -1.19912e-02
4.34060e-02 1.51974e-02 -1.15540e-02
3.99079e-02 1.76194e-02 -1.07826e-02
3.64377e-02 2.02161e-02 -1.05153e-02
3.28041e-02 2.24325e-02 -1.02313e-02
2.90298e-02 2.37236e-02 -9.65007e-03
2.53920e-02 2.43697e-02 -8.97097e-03
2.21361e-02 2.52015e-02 -8.55616e-03
1.91454e-02 2.59559e-02 -8.23242e-03
1.63293e-02 2.66140e-02 -7.97404e-03
1.35956e-02 2.70902e-02 -7.74361e-03
1.09012e-02 2.72971e-02 -7.51093e-03
8.26032e-03 2.72080e-02 -7.26570e-03
5.71686e-03 2.68780e-02 -7.02016e-03
3.30339e-03 2.64179e-02 -6.79893e-03
1.01891e-03 2.59377e-02 -6.62569e-03
-1.16962e-03 2.55005e-02 -6.51229e-03
-3.30502e-03 2.51080e-02 -6.45680e-03
-5.42127e-03 2.47209e-02 -6.44864e-03
-7.53595e-03 2.42895e-02 -6.47541e-03
-9.65451e-03 2.37731e-02 -6.52810e-03
-1.17750e-02 2.31432e-02 -6.60070e-03
-1.38910e-02 2.23786e-02 -6.68899e-03
-1.59960e-02 2.14681e-02 -6.79153e-03
-1.81027e-02 2.04258e-02 -6.91602e-03
-2.02729e-02 1.93009e-02 -7.08463e-03
-2.26393e-02 1.81615e-02 -7.33814e-03
-2.53913e-02 1.70513e-02 -7.72585e-03
-2.87107e-02 1.59345e-02 -8.28800e-03
-3.26744e-02 1.46693e-02 -9.03416e-03
-3.72991e-02 1.32900e-02 -1.01946e-02
-4.24814e-02 1.16599e-02 -1.20510e-02
-4.77299e-02 9.09558e-03 -1.43133e-02
-5.11154e-02 4.61713e-03 -1.44018e-02
-5.38927e-02 -1.02568e-04 -1.51482e-02
-5.48539e-02 -5.05618e-03 -1.49342e-02
-5.45278e-02 -9.85383e-03 -1.46395e-02
-5.29308e-02 -1.42610e-02 -1.41646e-02
-5.02164e-02 -1.80965e-02 -1.35411e-02
-4.68598e-02 -2.17750e-02 -1.31974e-02
-4.26368e-02 -2.46770e-02 -1.26454e-02
-3.73912e-02 -2.55482e-02 -1.13073e-02
-3.22564e-02 -2.63178e-02 -1.03645e-02
-2.73680e-02 -2.69005e-02 -9.64828e-03
-2.26541e-02 -2.59954e-02 -8.53692e-03
-1.86470e-02 -2.54538e-02 -7.79113e-03
-1.51825e-02 -2.45909e-02 -7.06345e-03
-1.22493e-02 -2.41990e-02 -6.61733e-03
-9.70424e-03 -2.46089e-02 -6.53150e-03
-7.28727e-03 -2.39014e-02 -6.11968e-03
-5.05089e-03 -2.31429e-02 -5.75874e-03
-2.98133e-03 -2.27591e-02 -5.57692e-03
-1.02588e-03 -2.24983e-02 -5.47103e-03
8.81159e-04 -2.24682e-02 -5.46375e-03
2.83008e-03 -2.26963e-02 -5.56217e-03
4.91534e-03 -2.34763e-02 -5.87611e-03
7.13000e-03 -2.35524e-02 -6.00059e-03
9.49965e-03 -2.36952e-02 -6.21170e-03
1.19888e-02 -2.35051e-02 -6.38046e-03
1.47465e-02 -2.41060e-02 -6.92741e-03
1.76855e-02 -2.38942e-02 -7.26714e-03
2.09957e-02 -2.35454e-02 -7.65123e-03
2.49012e-02 -2.35564e-02 -8.32677e-03
2.92515e-02 -2.29373e-02 -8.90298e-03
3.41402e-02 -2.23933e-02 -9.77707e-03
3.91695e-02 -2.12419e-02 -1.06777e-02
4.42795e-02 -1.99894e-02 -1.20273e-02
4.81120e-02 -1.67862e-02 -1.24621e-02
5.17669e-02 -1.39728e-02 -1.39208e-02
5.38231e-02 -9.85523e-03 -1.47550e-02
5.43084e-02 -5.02867e-03 -1.49859e-02
4.90895e-02 -9.03866e-05 -1.79346e-02
4.80877e-02 4.36929e-03 -1.78116e-02
4.60918e-02 8.36823e-03 -1.68669e-02
4.33798e-02 1.15675e-02 -1.54137e-02
4.07002e-02 1.47680e-02 -1.48834e-02
3.74646e-02 1.71862e-02 -1.39500e-02
3.42174e-02 1.97332e-02 -1.36078e-02
3.07470e-02 2.17560e-02 -1.31297e-02
2.71764e-02 2.30568e-02 -1.24203e-02
2.36860e-02 2.37084e-02 -1.15716e-02
2.04939e-02 2.44645e-02 -1.10255e-02
1.75046e-02 2.50619e-02 -1.05656e-02
1.46652e-02 2.54911e-02 -1.01674e-02
1.19307e-02 2.57119e-02 -9.80134e-03
9.29103e-03 2.57056e-02 -9.45142e-03
6.76474e-03 2.55094e-02 -9.12452e-03
4.36941e-03 2.52081e-02 -8.84298e-03
2.09779e-03 2.48924e-02 -8.63155e-03
-8.45311e-05 2.46145e-02 -8.50162e-03
-2.22094e-03 2.43673e-02 -8.44731e-03
-4.34368e-03 2.41029e-02 -8.45115e-03
-6.46639e-03 2.37650e-02 -8.49387e-03
-8.58986e-03 2.33146e-02 -8.56314e-03
-1.07108e-02 2.27336e-02 -8.65477e-03
-1.28258e-02 2.20131e-02 -8.76694e-03
-1.49304e-02 2.11454e-02 -8.89962e-03
-1.70273e-02 2.01336e-02 -9.05711e-03
-1.91498e-02 1.90056e-02 -9.25834e-03
-2.13882e-02 1.78143e-02 -9.54266e-03
-2.38915e-02 1.66049e-02 -9.96601e-03
-2.68227e-02 1.53683e-02 -1.05811e-02
-3.02763e-02 1.40040e-02 -1.14106e-02
-3.41911e-02 1.23324e-02 -1.24251e-02
-3.84451e-02 1.03366e-02 -1.38622e-02
-4.26931e-02 7.72803e-03 -1.56527e-02
-4.62166e-02 4.14569e-03 -1.69884e-02
-4.84211e-02 -1.13140e-04 -1.73618e-02
-4.95811e-02 -4.60854e-03 -1.77669e-02
-4.94751e-02 -9.13215e-03 -1.78502e-02
-4.79820e-02 -1.32323e-02 -1.73332e-02
-4.50785e-02 -1.63051e-02 -1.60170e-02
-4.16711e-02 -1.92537e-02 -1.52944e-02
-3.76415e-02 -2.17862e-02 -1.46708e-02
-3.29254e-02 -2.30925e-02 -1.35400e-02
-2.80546e-02 -2.35606e-02 -1.23096e-02
-2.34030e-02 -2.34037e-02 -1.10979e-02
-1.92822e-02 -2.30816e-02 -1.01064e-02
-1.57110e-02 -2.22449e-02 -9.05181e-03
-1.27362e-02 -2.15578e-02 -8.23870e-03
-1.02282e-02 -2.13934e-02 -7.80049e-03
-8.00736e-03 -2.18525e-02 -7.74544e-03
-5.88026e-03 -2.17247e-02 -7.48543e-03
-3.85346e-03 -2.14913e-02 -7.25842e-03
-1.92322e-03 -2.12027e-02 -7.07568e-03
-7.23142e-05 -2.09818e-02 -6.97386e-03
1.75596e-03 -2.09406e-02 -6.98774e-03
3.64173e-03 -2.11075e-02 -7.12831e-03
5.65143e-03 -2.14058e-02 -7.37607e-03
7.77926e-03 -2.12626e-02 -7.48375e-03
1.00520e-02 -2.13196e-02 -7.77662e-03
1.24544e-02 -2.13122e-02 -8.14704e-03
1.50329e-02 -2.12817e-02 -8.62862e-03
1.79071e-02 -2.13325e-02 -9.29740e-03
2.11015e-02 -2.08239e-02 -9.79980e-03
2.49909e-02 -2.10904e-02 -1.10200e-02
2.91483e-02 -2.01541e-02 -1.17435e-02
3.35306e-02 -1.87010e-02 -1.24261e-02
3.82710e-02 -1.76407e-02 -1.39997e-02
4.26815e-02 -1.58179e-02 -1.56693e-02
4.58771e-02 -1.25395e-02 -1.64162e-02
4.80958e-02 -8.78622e-03 -1.71806e-02
4.89530e-02 -4.48490e-03 -1.73373e-02
4.40801e-02 -1.05488e-04 -2.04704e-02
4.33978e-02 3.99182e-03 -2.02608e-02
4.17326e-02 7.66609e-03 -1.91620e-02
3.95424e-02 1.08424e-02 -1.79933e-02
3.71722e-02 1.38913e-02 -1.74335e-02
3.42922e-02 1.62436e-02 -1.64274e-02
3.13880e-02 1.87187e-02 -1.60858e-02
2.82664e-02 2.07325e-02 -1.56012e-02
2.50092e-02 2.20739e-02 -1.48415e-02
2.17534e-02 2.27652e-02 -1.38869e-02
1.86928e-02 2.34735e-02 -1.32397e-02
1.57673e-02 2.39447e-02 -1.26535e-02
1.29729e-02 2.41972e-02 -1.21197e-02
1.03106e-02 2.42551e-02 -1.16347e-02
7.78955e-03 2.41697e-02 -1.12093e-02
5.41217e-03 2.40193e-02 -1.08662e-02
3.15829e-03 2.38773e-02 -1.06270e-02
9.86086e-04 2.37755e-02 -1.04961e-02
-1.15115e-03 2.36877e-02 -1.04569e-02
-3.28310e-03 2.35498e-02 -1.04800e-02
-5.41699e-03 2.32990e-02 -1.05377e-02
-7.54770e-03 2.29050e-02 -1.06180e-02
-9.67546e-03 2.23734e-02 -1.07251e-02
-1.18102e-02 2.17232e-02 -1.08715e-02
-1.39661e-02 2.09613e-02 -1.10661e-02
-1.61526e-02 2.00784e-02 -1.13124e-02
-1.83812e-02 1.90644e-02 -1.16161e-02
-2.06875e-02 1.79252e-02 -1.19968e-02
-2.31465e-02 1.66769e-02 -1.24933e-02
-2.58571e-02 1.53155e-02 -1.31509e-02
-2.88876e-02 1.37824e-02 -1.39961e-02
-3.22041e-02 1.19598e-02 -1.50118e-02
-3.56297e-02 9.70789e-03 -1.61253e-02
-3.89881e-02 7.03786e-03 -1.75763e-02
-4.18237e-02 3.72917e-03 -1.89036e-02
-4.36776e-02 -1.24145e-04 -1.96197e-02
-4.46242e-02 -4.27427e-03 -2.03694e-02
-4.42876e-02 -8.41448e-03 -2.04007e-02
-4.26849e-02 -1.21324e-02 -1.97500e-02
-3.99767e-02 -1.51638e-02 -1.86226e-02
-3.66219e-02 -1.78934e-02 -1.78294e-02
-3.23956e-02 -1.94148e-02 -1.63071e-02
-2.78520e-02 -2.01573e-02 -1.47318e-02
-2.32917e-02 -2.00097e-02 -1.29905e-02
-1.91723e-02 -1.96738e-02 -1.15999e-02
-1.56437e-02 -1.92011e-02 -1.04413e-02
-1.27529e-02 -1.88689e-02 -9.59224e-03
-1.03799e-02 -1.88012e-02 -9.04483e-03
-8.32385e-03 -1.89432e-02 -8.71924e-03
-6.42566e-03 -1.94588e-02 -8.71271e-03
-4.55763e-03 -1.97039e-02 -8.63338e-03
-2.71841e-03 -1.95833e-02 -8.43858e-03
-9.39424e-04 -1.93482e-02 -8.26765e-03
7.84647e-04 -1.91448e-02 -8.17999e-03
2.50738e-03 -1.90992e-02 -8.22848e-03
4.30656e-03 -1.92386e-02 -8.42880e-03
6.23904e-03 -1.94781e-02 -8.75426e-03
8.28321e-03 -1.92692e-02 -8.89454e-03
1.04883e-02 -1.95367e-02 -9.46866e-03
1.27523e-02 -1.91643e-02 -9.76972e-03
1.52395e-02 -1.92612e-02 -1.05697e-02
1.79899e-02 -1.92015e-02 -1.14715e-02
2.10850e-02 -1.87881e-02 -1.23416e-02
2.47561e-02 -1.86674e-02 -1.38304e-02
2.85099e-02 -1.71552e-02 -1.44151e-02
3.25465e-02 -1.56918e-02 -1.55642e-02
3.65884e-02 -1.40075e-02 -1.72659e-02
4.01721e-02 -1.16467e-02 -1.91136e-02
4.23871e-02 -8.02761e-03 -1.95060e-02
4.36482e-02 -4.15202e-03 -1.98771e-02
3.86300e-02 -1.12343e-04 -2.14662e-02
3.82160e-02 3.56982e-03 -2.13492e-02
3.69523e-02 6.99779e-03 -2.06387e-02
3.51405e-02 1.00753e-02 -1.97996e-02
3.30211e-02 1.29334e-02 -1.92271e-02
3.05780e-02 1.54335e-02 -1.85875e-02
2.78936e-02 1.75492e-02 -1.78983e-02
2.50494e-02 1.92712e-02 -1.71772e-02
2.21258e-02 2.06112e-02 -1.64447e-02
1.91930e-02 2.15949e-02 -1.57196e-02
1.63059e-02 2.22554e-02 -1.50164e-02
1.35084e-02 2.26362e-02 -1.43506e-02
1.08384e-02 2.28000e-02 -1.37444e-02
8.32129e-03 2.28332e-02 -1.32305e-02
5.95717e-03 2.28316e-02 -1.28443e-02
3.71380e-03 2.28628e-02 -1.26058e-02
1.53646e-03 2.29345e-02 -1.25067e-02
-6.25250e-04 2.29880e-02 -1.25088e-02
-2.79397e-03 2.29332e-02 -1.25616e-02
-4.96303e-03 2.27015e-02 -1.26288e-02
-7.11857e-03 2.22840e-02 -1.27060e-02
-9.26586e-03 2.17266e-02 -1.28206e-02
-1.14380e-02 2.10878e-02 -1.30126e-02
-1.36788e-02 2.03944e-02 -1.33106e-02
-1.60174e-02 1.96235e-02 -1.37203e-02
-1.84572e-02 1.87216e-02 -1.42297e-02
-2.08953e-02 1.72356e-02 -1.43882e-02
-2.34721e-02 1.58320e-02 -1.48955e-02
-2.62314e-02 1.44542e-02 -1.58350e-02
-2.91857e-02 1.29598e-02 -1.72324e-02
-3.20430e-02 1.07708e-02 -1.82275e-02
-3.47553e-02 8.16195e-03 -1.92336e-02
-3.70521e-02 5.09670e-03 -2.00603e-02
-3.89955e-02 1.73256e-03 -2.16006e-02
-4.00005e-02 -2.08264e-03 -2.25750e-02
-3.96973e-02 -5.89481e-03 -2.22611e-02
-3.82931e-02 -9.35444e-03 -2.13960e-02
-3.60566e-02 -1.25068e-02 -2.06748e-02
-3.30113e-02 -1.52157e-02 -1.98829e-02
-2.90743e-02 -1.67298e-02 -1.81028e-02
-2.47891e-02 -1.73579e-02 -1.61165e-02
-2.06082e-02 -1.75031e-02 -1.43732e-02
-1.68126e-02 -1.72159e-02 -1.27685e-02
-1.36336e-02 -1.68438e-02 -1.14790e-02
-1.11006e-02 -1.66745e-02 -1.05967e-02
-9.06387e-03 -1.68237e-02 -1.01005e-02
-7.29292e-03 -1.72060e-02 -9.87286e-03
-5.59409e-03 -1.76099e-02 -9.75982e-03
-3.88026e-03 -1.78332e-02 -9.63955e-03
-2.16278e-03 -1.78013e-02 -9.47142e-03
-4.84821e-04 -1.75973e-02 -9.29934e-03
1.14818e-03 -1.73974e-02 -9.21361e-03
2.79078e-03 -1.73525e-02 -9.29394e-03
4.52683e-03 -1.74975e-02 -9.56654e-03
6.41299e-03 -1.77366e-02 -9.99459e-03
8.44706e-03 -1.79067e-02 -1.05055e-02
1.05848e-02 -1.78754e-02 -1.10373e-02
1.27957e-02 -1.76053e-02 -1.15786e-02
1.51589e-02 -1.74296e-02 -1.24475e-02
1.78042e-02 -1.73898e-02 -1.37626e-02
2.06987e-02 -1.66949e-02 -1.47595e-02
2.38365e-02 -1.53501e-02 -1.53792e-02
2.71877e-02 -1.36918e-02 -1.60317e-02
3.06985e-02 -1.20358e-02 -1.73886e-02
3.41263e-02 -1.01552e-02 -1.95515e-02
3.67747e-02 -7.35805e-03 -2.11394e-02
3.83700e-02 -3.89096e-03 -2.20021e-02
3.35185e-02 -1.17501e-04 -2.21663e-02
3.33440e-02 3.24301e-03 -2.24859e-02
3.23473e-02 6.46986e-03 -2.21512e-02
3.07312e-02 9.33296e-03 -2.12877e-02
2.88450e-02 1.19978e-02 -2.07112e-02
2.67034e-02 1.43589e-02 -2.00994e-02
2.43689e-02 1.64021e-02 -1.94687e-02
2.18191e-02 1.78747e-02 -1.85112e-02
1.92251e-02 1.92115e-02 -1.78469e-02
1.65662e-02 2.01941e-02 -1.71589e-02
1.39068e-02 2.08477e-02 -1.64676e-02
1.13153e-02 2.12385e-02 -1.58158e-02
8.84444e-03 2.14699e-02 -1.52612e-02
6.50978e-03 2.16534e-02 -1.48596e-02
4.28101e-03 2.18622e-02 -1.46383e-02
2.09972e-03 2.20922e-02 -1.45791e-02
-8.44956e-05 2.22633e-02 -1.46220e-02
-2.28587e-03 2.22651e-02 -1.46942e-02
-4.48288e-03 2.20256e-02 -1.47491e-02
-6.65012e-03 2.15569e-02 -1.47941e-02
-8.79661e-03 2.09449e-02 -1.48873e-02
-1.09777e-02 2.02902e-02 -1.51075e-02
-1.32692e-02 1.96397e-02 -1.55108e-02
-1.57212e-02 1.89570e-02 -1.61059e-02
-1.83291e-02 1.81434e-02 -1.68549e-02
-2.09441e-02 1.67288e-02 -1.72241e-02
-2.36611e-02 1.53829e-02 -1.80968e-02
-2.63470e-02 1.37375e-02 -1.90875e-02
-2.89858e-02 1.18480e-02 -2.04012e-02
-3.13015e-02 9.34068e-03 -2.12627e-02
-3.32522e-02 6.46387e-03 -2.20285e-02
-3.47737e-02 3.31206e-03 -2.29982e-02
-3.57055e-02 -1.46346e-04 -2.40964e-02
-3.56430e-02 -3.77275e-03 -2.42937e-02
-3.44014e-02 -7.07117e-03 -2.31728e-02
-3.23891e-02 -1.00362e-02 -2.21961e-02
-2.95714e-02 -1.24715e-02 -2.09728e-02
-2.60860e-02 -1.41710e-02 -1.93674e-02
-2.21757e-02 -1.48726e-02 -1.71831e-02
-1.83598e-02 -1.51002e-02 -1.52707e-02
-1.49201e-02 -1.49292e-02 -1.35341e-02
-1.20753e-02 -1.46987e-02 -1.21783e-02
-9.84081e-03 -1.46869e-02 -1.13044e-02
-8.05286e-03 -1.49943e-02 -1.08759e-02
-6.47360e-03 -1.55159e-02 -1.07405e-02
-4.91429e-03 -1.60221e-02 -1.07064e-02
-3.30462e-03 -1.63064e-02 -1.06302e-02
-1.67371e-03 -1.63065e-02 -1.04746e-02
-7.39184e-05 -1.61300e-02 -1.03099e-02
1.49303e-03 -1.59722e-02 -1.02586e-02
3.09323e-03 -1.59848e-02 -1.04201e-02
4.81521e-03 -1.61811e-02 -1.08165e-02
6.70566e-03 -1.64337e-02 -1.13858e-02
8.73873e-03 -1.65566e-02 -1.20250e-02
1.08452e-02 -1.64141e-02 -1.26527e-02
1.30183e-02 -1.62401e-02 -1.35497e-02
1.52658e-02 -1.58203e-02 -1.45120e-02
1.76942e-02 -1.52270e-02 -1.56471e-02
2.02324e-02 -1.38267e-02 -1.60626e-02
2.30816e-02 -1.24701e-02 -1.69895e-02
2.60149e-02 -1.07474e-02 -1.79302e-02
2.88551e-02 -8.75636e-03 -1.92343e-02
3.13578e-02 -6.41735e-03 -2.10437e-02
3.30085e-02 -3.44705e-03 -2.22301e-02
2.88730e-02 -1.21929e-04 -2.27547e-02
2.87529e-02 2.97003e-03 -2.31163e-02
2.78604e-02 5.94122e-03 -2.27915e-02
2.64060e-02 8.57863e-03 -2.19311e-02
2.47209e-02 1.10432e-02 -2.13904e-02
2.27661e-02 1.30806e-02 -2.05086e-02
2.07148e-02 1.50017e-02 -1.99925e-02
1.85052e-02 1.66308e-02 -1.94610e-02
1.61568e-02 1.79329e-02 -1.88899e-02
1.37215e-02 1.89002e-02 -1.82850e-02
1.12769e-02 1.95788e-02 -1.76927e-02
8.89348e-03 2.00674e-02 -1.71896e-02
6.60097e-03 2.04792e-02 -1.68500e-02
4.37449e-03 2.08820e-02 -1.67059e-02
2.15954e-03 2.12536e-02 -1.67244e-02
-8.45014e-05 2.14898e-02 -1.68185e-02
-2.35134e-03 2.14694e-02 -1.68955e-02
-4.59835e-03 2.11380e-02 -1.69131e-02
-6.79409e-03 2.05514e-02 -1.69114e-02
-8.96342e-03 1.98430e-02 -1.69986e-02
-1.11920e-02 1.91371e-02 -1.72944e-02
-1.35766e-02 1.84649e-02 -1.78661e-02
-1.61607e-02 1.77437e-02 -1.86957e-02
-1.88952e-02 1.68203e-02 -1.96922e-02
-2.16226e-02 1.54412e-02 -2.05557e-02
-2.42037e-02 1.36287e-02 -2.13027e-02
-2.66534e-02 1.16946e-02 -2.25993e-02
-2.86433e-02 9.14005e-03 -2.33214e-02
-3.01649e-02 6.25085e-03 -2.38694e-02
-3.12136e-02 3.15622e-03 -2.45891e-02
-3.16062e-02 -1.50472e-04 -2.50564e-02
-3.10684e-02 -3.43599e-03 -2.44413e-02
-2.97194e-02 -6.44192e-03 -2.34489e-02
-2.75190e-02 -8.90899e-03 -2.18421e-02
-2.46890e-02 -1.08392e-02 -2.01908e-02
-2.14349e-02 -1.22320e-02 -1.85789e-02
-1.79892e-02 -1.29239e-02 -1.67084e-02
-1.47712e-02 -1.33252e-02 -1.52183e-02
-1.19611e-02 -1.32845e-02 -1.36527e-02
-9.71269e-03 -1.33426e-02 -1.25889e-02
-7.91886e-03 -1.36600e-02 -1.20358e-02
-6.36071e-03 -1.41910e-02 -1.18515e-02
-4.83872e-03 -1.47349e-02 -1.18198e-02
-3.26460e-03 -1.50797e-02 -1.17606e-02
-1.65869e-03 -1.51439e-02 -1.16150e-02
-7.43216e-05 -1.50229e-02 -1.14579e-02
1.48580e-03 -1.49111e-02 -1.14358e-02
3.09108e-03 -1.49610e-02 -1.16692e-02
4.83338e-03 -1.51754e-02 -1.21793e-02
6.75136e-03 -1.54050e-02 -1.28786e-02
8.79808e-03 -1.54457e-02 -1.36287e-02
1.08811e-02 -1.51602e-02 -1.43260e-02
1.29417e-02 -1.45403e-02 -1.49630e-02
1.50550e-02 -1.38836e-02 -1.59539e-02
1.72430e-02 -1.28311e-02 -1.67830e-02
1.95692e-02 -1.14380e-02 -1.74957e-02
2.20982e-02 -9.97480e-03 -1.87406e-02
2.45403e-02 -8.05661e-03 -1.98362e-02
2.66051e-02 -5.70622e-03 -2.07151e-02
2.82422e-02 -3.12835e-03 -2.23672e-02
2.46083e-02 -1.22373e-04 -2.26283e-02
2.44928e-02 2.64606e-03 -2.26808e-02
2.37483e-02 5.31727e-03 -2.24316e-02
2.25608e-02 7.80335e-03 -2.20276e-02
2.10927e-02 1.00796e-02 -2.15922e-02
1.94303e-02 1.21448e-02 -2.11823e-02
1.75927e-02 1.39818e-02 -2.07899e-02
1.55800e-02 1.55509e-02 -2.03777e-02
1.34178e-02 1.68196e-02 -1.99270e-02
1.11695e-02 1.78010e-02 -1.94692e-02
8.90875e-03 1.85663e-02 -1.90812e-02
6.67577e-03 1.92119e-02 -1.88461e-02
4.45803e-03 1.97944e-02 -1.87994e-02
2.21275e-03 2.02801e-02 -1.88976e-02
-8.44667e-05 2.05559e-02 -1.90353e-02
-2.40719e-03 2.05048e-02 -1.91087e-02
-4.69620e-03 2.00957e-02 -1.90883e-02
-6.91751e-03 1.94175e-02 -1.90512e-02
-9.10871e-03 1.86278e-02 -1.91479e-02
-1.13681e-02 1.78440e-02 -1.95210e-02
-1.37861e-02 1.70633e-02 -2.02230e-02
-1.63676e-02 1.61590e-02 -2.11863e-02
-1.90032e-02 1.49564e-02 -2.22567e-02
-2.14352e-02 1.31249e-02 -2.28297e-02
-2.36923e-02 1.12270e-02 -2.40821e-02
-2.54181e-02 8.71894e-03 -2.46554e-02
-2.66099e-02 5.90629e-03 -2.49793e-02
-2.73049e-02 2.94505e-03 -2.54461e-02
-2.72441e-02 -1.48485e-04 -2.49036e-02
-2.64953e-02 -3.07421e-03 -2.38680e-02
-2.50680e-02 -5.66298e-03 -2.25008e-02
-2.30776e-02 -7.92045e-03 -2.13353e-02
-2.05168e-02 -9.63455e-03 -1.97907e-02
-1.76903e-02 -1.09838e-02 -1.85248e-02
-1.47579e-02 -1.16321e-02 -1.67554e-02
-1.21169e-02 -1.21351e-02 -1.55096e-02
-9.85324e-03 -1.23474e-02 -1.42690e-02
-7.99509e-03 -1.26863e-02 -1.35340e-02
-6.38221e-03 -1.31768e-02 -1.32098e-02
-4.83541e-03 -1.36835e-02 -1.30943e-02
-3.25894e-03 -1.40283e-02 -1.29964e-02
-1.65829e-03 -1.41306e-02 -1.28428e-02
-7.46938e-05 -1.40687e-02 -1.27057e-02
1.49579e-03 -1.40139e-02 -1.27370e-02
3.12414e-03 -1.40914e-02 -1.30574e-02
4.89320e-03 -1.42768e-02 -1.36699e-02
6.82189e-03 -1.44039e-02 -1.44548e-02
8.80833e-03 -1.39988e-02 -1.48514e-02
1.08397e-02 -1.37765e-02 -1.59416e-02
1.27685e-02 -1.29366e-02 -1.65524e-02
1.46688e-02 -1.18540e-02 -1.71979e-02
1.66346e-02 -1.05996e-02 -1.80120e-02
1.87073e-02 -9.15046e-03 -1.90448e-02
2.07160e-02 -7.28148e-03 -1.97519e-02
2.26044e-02 -5.26094e-03 -2.11174e-02
2.39785e-02 -2.83078e-03 -2.21734e-02
2.09218e-02 -1.23822e-04 -2.27149e-02
2.09336e-02 2.47713e-03 -2.29168e-02
2.03560e-02 5.01563e-03 -2.28209e-02
1.93425e-02 7.40144e-03 -2.25701e-02
1.80274e-02 9.60230e-03 -2.22828e-02
1.64777e-02 1.16017e-02 -2.20048e-02
1.47115e-02 1.33670e-02 -2.17209e-02
1.27500e-02 1.48604e-02 -2.14087e-02
1.06466e-02 1.60760e-02 -2.10905e-02
8.47062e-03 1.70625e-02 -2.08408e-02
6.26298e-03 1.78944e-02 -2.07425e-02
4.01588e-03 1.86033e-02 -2.08200e-02
1.69964e-03 1.91315e-02 -2.10058e-02
-6.84532e-04 1.93574e-02 -2.11744e-02
-3.08168e-03 1.91874e-02 -2.12308e-02
-5.42244e-03 1.86400e-02 -2.11910e-02
-7.68907e-03 1.78447e-02 -2.11908e-02
-9.94103e-03 1.69486e-02 -2.14069e-02
-1.22645e-02 1.60021e-02 -2.19431e-02
-1.46797e-02 1.49196e-02 -2.27569e-02
-1.70844e-02 1.35420e-02 -2.36777e-02
-1.92836e-02 1.17448e-02 -2.44946e-02
-2.10748e-02 9.51063e-03 -2.50518e-02
-2.23279e-02 6.92785e-03 -2.52951e-02
-2.30028e-02 4.13570e-03 -2.52519e-02
-2.30158e-02 1.24916e-03 -2.43771e-02
-2.25737e-02 -1.50798e-03 -2.38796e-02
-2.14777e-02 -4.00984e-03 -2.25426e-02
-1.99112e-02 -6.23505e-03 -2.14980e-02
-1.78566e-02 -8.05425e-03 -2.02451e-02
-1.55498e-02 -9.63703e-03 -1.94472e-02
-1.30330e-02 -1.03753e-02 -1.75301e-02
-1.07538e-02 -1.11107e-02 -1.65012e-02
-8.72630e-03 -1.15474e-02 -1.54298e-02
-6.96096e-03 -1.20145e-02 -1.47937e-02
-5.32854e-03 -1.24978e-02 -1.44722e-02
-3.71570e-03 -1.28802e-02 -1.42809e-02
-2.09060e-03 -1.30680e-02 -1.41030e-02
-4.75713e-04 -1.30889e-02 -1.39649e-02
1.12859e-03 -1.30714e-02 -1.40001e-02
2.78097e-03 -1.31244e-02 -1.43312e-02
4.55430e-03 -1.32235e-02 -1.49598e-02
6.45794e-03 -1.32103e-02 -1.57506e-02
8.41095e-03 -1.29009e-02 -1.65201e-02
1.03031e-02 -1.22108e-02 -1.71635e-02
1.20881e-02 -1.11881e-02 -1.77207e-02
1.38163e-02 -9.93650e-03 -1.83373e-02
1.55681e-02 -8.50709e-03 -1.91457e-02
1.73394e-02 -6.85812e-03 -2.01541e-02
1.89798e-02 -4.90951e-03 -2.12223e-02
2.02453e-02 -2.63748e-03 -2.21340e-02
1.77346e-02 -1.25068e-04 -2.27886e-02
1.79001e-02 2.29076e-03 -2.32229e-02
1.75203e-02 4.69312e-03 -2.33741e-02
1.66895e-02 6.98319e-03 -2.33439e-02
1.55036e-02 9.10343e-03 -2.32242e-02
1.40239e-02 1.10122e-02 -2.30548e-02
1.22939e-02 1.26708e-02 -2.28438e-02
1.03691e-02 1.40599e-02 -2.26162e-02
8.31696e-03 1.52032e-02 -2.24411e-02
6.18589e-03 1.61529e-02 -2.24009e-02
3.98216e-03 1.69343e-02 -2.25270e-02
1.68935e-03 1.74998e-02 -2.27591e-02
-6.81737e-04 1.77447e-02 -2.29754e-02
-3.07323e-03 1.75886e-02 -2.30844e-02
-5.41360e-03 1.70485e-02 -2.31043e-02
-7.67632e-03 1.62281e-02 -2.31622e-02
-9.89171e-03 1.52287e-02 -2.34014e-02
-1.20891e-02 1.40620e-02 -2.38672e-02
-1.42204e-02 1.26442e-02 -2.44587e-02
-1.61401e-02 1.08771e-02 -2.49817e-02
-1.76663e-02 8.73804e-03 -2.52592e-02
-1.86710e-02 6.30717e-03 -2.52158e-02
-1.91250e-02 3.72477e-03 -2.48873e-02
-1.90715e-02 1.12795e-03 -2.43598e-02
-1.85621e-02 -1.37691e-03 -2.36911e-02
-1.76180e-02 -3.70007e-03 -2.28742e-02
-1.61958e-02 -5.64894e-03 -2.13923e-02
-1.45157e-02 -7.41821e-03 -2.06429e-02
-1.25531e-02 -8.67875e-03 -1.92946e-02
-1.05489e-02 -9.57834e-03 -1.79890e-02
-8.65292e-03 -1.02449e-02 -1.69115e-02
-6.91021e-03 -1.08016e-02 -1.61595e-02
-5.27152e-03 -1.12894e-02 -1.56970e-02
-3.66610e-03 -1.16652e-02 -1.54064e-02
-2.06444e-03 -1.18808e-02 -1.51992e-02
-4.72408e-04 -1.19585e-02 -1.50944e-02
1.12096e-03 -1.19823e-02 -1.51937e-02
2.76433e-03 -1.20064e-02 -1.55742e-02
4.50109e-03 -1.19761e-02 -1.61962e-02
6.30970e-03 -1.17483e-02 -1.69080e-02
8.10045e-03 -1.11965e-02 -1.75499e-02
9.78714e-03 -1.03004e-02 -1.80740e-02
1.13606e-02 -9.13598e-03 -1.85755e-02
1.28822e-02 -7.78289e-03 -1.92106e-02
1.43940e-02 -6.24767e-03 -2.00631e-02
1.58285e-02 -4.47348e-03 -2.10671e-02
1.70079e-02 -2.41913e-03 -2.20391e-02
1.49894e-02 -1.26756e-04 -2.29654e-02
1.52594e-02 2.18157e-03 -2.36575e-02
1.49839e-02 4.51422e-03 -2.40564e-02
1.42061e-02 6.74682e-03 -2.42105e-02
1.30015e-02 8.78621e-03 -2.41861e-02
1.14502e-02 1.05674e-02 -2.40389e-02
9.63937e-03 1.20583e-02 -2.38332e-02
7.65639e-03 1.32727e-02 -2.36649e-02
5.56323e-03 1.42546e-02 -2.36346e-02
3.37670e-03 1.50256e-02 -2.37823e-02
1.09113e-03 1.55406e-02 -2.40471e-02
-1.27134e-03 1.57094e-02 -2.43097e-02
-3.64640e-03 1.54697e-02 -2.44903e-02
-5.96311e-03 1.48401e-02 -2.46133e-02
-8.18320e-03 1.38869e-02 -2.47705e-02
-1.02842e-02 1.26477e-02 -2.50114e-02
-1.22024e-02 1.10992e-02 -2.52655e-02
-1.38058e-02 9.20926e-03 -2.53722e-02
-1.49466e-02 7.01206e-03 -2.51907e-02
-1.55449e-02 4.62598e-03 -2.46939e-02
-1.56237e-02 2.20256e-03 -2.39710e-02
-1.52663e-02 -1.35747e-04 -2.31433e-02
-1.45445e-02 -2.31134e-03 -2.22779e-02
-1.34931e-02 -4.26359e-03 -2.13635e-02
-1.21443e-02 -5.93095e-03 -2.03664e-02
-1.05764e-02 -7.27214e-03 -1.93096e-02
-8.90958e-03 -8.30338e-03 -1.82969e-02
-7.24791e-03 -9.09555e-03 -1.74555e-02
-5.63067e-03 -9.71958e-03 -1.68499e-02
-4.04084e-03 -1.01984e-02 -1.64546e-02
-2.45577e-03 -1.05211e-02 -1.62117e-02
-8.70352e-04 -1.06956e-02 -1.61143e-02
7.23810e-04 -1.07649e-02 -1.62204e-02
2.35662e-03 -1.07533e-02 -1.65742e-02
4.04860e-03 -1.06073e-02 -1.71231e-02
5.76415e-03 -1.02167e-02 -1.77239e-02
7.42041e-03 -9.50387e-03 -1.82530e-02
8.95620e-03 -8.48677e-03 -1.87158e-02
1.03864e-02 -7.24180e-03 -1.92455e-02
1.17626e-02 -5.81348e-03 -1.99845e-02
1.30785e-02 -4.17477e-03 -2.09528e-02
1.42149e-02 -2.27629e-03 -2.20142e-02
1.25703e-02 -1.29081e-04 -2.32754e-02
1.28434e-02 2.14497e-03 -2.41619e-02
1.25198e-02 4.44946e-03 -2.47037e-02
1.16179e-02 6.61653e-03 -2.48998e-02
1.02304e-02 8.51505e-03 -2.48223e-02
8.48852e-03 1.00770e-02 -2.45941e-02
6.52372e-03 1.13060e-02 -2.43768e-02
4.42491e-03 1.22479e-02 -2.43206e-02
2.22041e-03 1.29248e-02 -2.44812e-02
-8.30946e-05 1.32890e-02 -2.47878e-02
-2.44572e-03 1.32567e-02 -2.51140e-02
-4.78652e-03 1.27779e-02 -2.53813e-02
-7.01405e-03 1.18587e-02 -2.55795e-02
-9.03351e-03 1.05196e-02 -2.56883e-02
-1.07208e-02 8.77922e-03 -2.56097e-02
-1.19305e-02 6.69494e-03 -2.52178e-02
-1.25662e-02 4.40223e-03 -2.44747e-02
-1.26446e-02 2.07856e-03 -2.34857e-02
-1.22709e-02 -1.31058e-04 -2.24262e-02
-1.15540e-02 -2.14875e-03 -2.14191e-02
-1.05573e-02 -3.93420e-03 -2.04843e-02
-9.32283e-03 -5.45267e-03 -1.95960e-02
-7.91452e-03 -6.68648e-03 -1.87682e-02
-6.41150e-03 -7.65516e-03 -1.80681e-02
-4.86635e-03 -8.39893e-03 -1.75555e-02
-3.29508e-03 -8.94363e-03 -1.72403e-02
-1.69867e-03 -9.29977e-03 -1.71121e-02
-7.63376e-05 -9.48248e-03 -1.71867e-02
1.58092e-03 -9.49948e-03 -1.74840e-02
3.27484e-03 -9.31026e-03 -1.79558e-02
4.96341e-03 -8.83482e-03 -1.84792e-02
6.56903e-03 -8.02771e-03 -1.89626e-02
8.04402e-03 -6.92420e-03 -1.94532e-02
9.40656e-03 -5.58846e-03 -2.01071e-02
1.06785e-02 -4.03258e-03 -2.10315e-02
1.17898e-02 -2.21596e-03 -2.21588e-02
1.03384e-02 -1.31711e-04 -2.36506e-02
1.05009e-02 2.03794e-03 -2.45387e-02
1.00076e-02 4.14121e-03 -2.45544e-02
8.98239e-03 6.16870e-03 -2.51102e-02
7.45897e-03 7.79354e-03 -2.48947e-02
5.63820e-03 9.03919e-03 -2.46030e-02
3.65041e-03 9.94061e-03 -2.44561e-02
1.55227e-03 1.05310e-02 -2.45662e-02
-6.36299e-04 1.07787e-02 -2.48855e-02
-2.86541e-03 1.06046e-02 -2.52698e-02
-5.03184e-03 9.94415e-03 -2.55755e-02
-6.99155e-03 8.77923e-03 -2.56818e-02
-8.57821e-03 7.14769e-03 -2.54676e-02
-9.63825e-03 5.16123e-03 -2.48469e-02
-1.01013e-02 3.00592e-03 -2.38592e-02
-1.00215e-02 8.79120e-04 -2.26863e-02
-9.52683e-03 -1.08630e-03 -2.15435e-02
-8.72949e-03 -2.83437e-03 -2.05544e-02
-7.69458e-03 -4.34292e-03 -1.97354e-02
-6.46921e-03 -5.59839e-03 -1.90736e-02
-5.10321e-03 -6.60127e-03 -1.85826e-02
-3.63664e-03 -7.36324e-03 -1.82871e-02
-2.09334e-03 -7.89335e-03 -1.81972e-02
-4.87003e-04 -8.19258e-03 -1.83155e-02
1.17006e-03 -8.24661e-03 -1.86286e-02
2.85069e-03 -8.01367e-03 -1.90741e-02
4.49292e-03 -7.44322e-03 -1.95568e-02
6.02190e-03 -6.52986e-03 -2.00475e-02
7.40070e-03 -5.32142e-03 -2.06446e-02
8.62775e-03 -3.85653e-03 -2.14782e-02
9.65478e-03 -2.12617e-03 -2.25437e-02
8.18270e-03 -1.34002e-04 -2.39672e-02
8.15510e-03 1.97656e-03 -2.46783e-02
7.44297e-03 3.99679e-03 -2.49313e-02
6.13293e-03 5.69668e-03 -2.47628e-02
4.42376e-03 6.96153e-03 -2.44292e-02
2.49638e-03 7.79694e-03 -2.42429e-02
4.44589e-04 8.22843e-03 -2.43640e-02
-1.67512e-03 8.21190e-03 -2.47134e-02
-3.75266e-03 7.65836e-03 -2.50561e-02
-5.59550e-03 6.52157e-03 -2.51338e-02
-6.97733e-03 4.86829e-03 -2.47571e-02
-7.73638e-03 2.89355e-03 -2.39014e-02
-7.86237e-03 8.51570e-04 -2.27546e-02
-7.47440e-03 -1.05952e-03 -2.16068e-02
-6.71109e-03 -2.74610e-03 -2.06641e-02
-5.66410e-03 -4.17471e-03 -1.99898e-02
-4.39070e-03 -5.32718e-03 -1.95807e-02
-2.93701e-03 -6.18941e-03 -1.94300e-02
-1.34213e-03 -6.74319e-03 -1.95264e-02
3.53281e-04 -6.95745e-03 -1.98369e-02
2.08943e-03 -6.78453e-03 -2.02889e-02
3.77288e-03 -6.18529e-03 -2.07985e-02
5.30007e-03 -5.17090e-03 -2.13627e-02
6.60064e-03 -3.79604e-03 -2.20815e-02
7.60678e-03 -2.10224e-03 -2.30031e-02
6.05343e-03 -1.35390e-04 -2.41186e-02
5.81404e-03 1.88592e-03 -2.45198e-02
4.82311e-03 3.67912e-03 -2.44586e-02
3.27261e-03 4.99671e-03 -2.41398e-02
1.41229e-03 5.76119e-03 -2.39526e-02
-5.86087e-04 5.95832e-03 -2.40842e-02
-2.56496e-03 5.52405e-03 -2.43487e-02
-4.27315e-03 4.41478e-03 -2.43681e-02
-5.41928e-03 2.75216e-03 -2.38872e-02
-5.84394e-03 8.29568e-04 -2.29820e-02
-5.59886e-03 -1.04803e-03 -2.19928e-02
-4.83323e-03 -2.69573e-03 -2.12345e-02
-3.67255e-03 -4.02477e-03 -2.08353e-02
-2.20615e-03 -4.97144e-03 -2.07945e-02
-5.20820e-04 -5.46666e-03 -2.10543e-02
1.26754e-03 -5.43525e-03 -2.15121e-02
2.99496e-03 -4.82880e-03 -2.20613e-02
4.47814e-03 -3.67460e-03 -2.26821e-02
5.55429e-03 -2.06551e-03 -2.34086e-02
3.95428e-03 -1.35699e-04 -2.40731e-02
3.50467e-03 1.74512e-03 -2.41712e-02
2.19628e-03 3.16278e-03 -2.39337e-02
3.99301e-04 3.81595e-03 -2.37709e-02
-1.49538e-03 3.59487e-03 -2.38301e-02
-3.05620e-03 2.50088e-03 -2.37410e-02
-3.85757e-03 7.98106e-04 -2.32222e-02
-3.74640e-03 -1.03325e-03 -2.25288e-02
-2.85340e-03 -2.58499e-03 -2.21006e-02
-1.39422e-03 -3.59609e-03 -2.21178e-02
3.76443e-04 -3.87420e-03 -2.24928e-02
2.11619e-03 -3.31011e-03 -2.30351e-02
3.42597e-03 -1.97278e-03 -2.36106e-02
1.90694e-03 -1.35152e-04 -2.38724e-02
9.09388e-04 1.57845e-03 -2.37846e-02
-1.06174e-03 1.56619e-03 -2.36081e-02
-2.01380e-03 -1.32785e-04 -2.32450e-02
-1.03812e-03 -1.79304e-03 -2.30442e-02
8.97421e-04 -1.82427e-03 -2.34552e-02
-7.94256e-05 -1.34108e-04 -2.35831e-02
