1 2 3
1 3 4
1 4 5
1 5 6
1 6 7
1 7 2
2 8 9
2 9 10
2 10 3
3 10 11
3 11 12
3 12 4
4 12 13
4 13 14
4 14 5
5 14 15
5 15 16
5 16 6
6 16 17
6 17 18
6 18 7
7 18 19
7 19 20
7 20 2
2 20 8
8 21 22
8 22 9
9 22 23
9 23 10
10 23 24
10 24 25
10 25 11
11 25 26
11 26 12
12 26 27
12 27 28
12 28 13
13 28 29
13 29 14
14 29 30
14 30 31
14 31 15
15 31 32
15 32 16
16 32 33
16 33 34
16 34 17
17 34 35
17 35 18
18 35 36
18 36 37
18 37 19
19 37 38
19 38 20
20 38 39
20 39 8
8 39 21
21 40 41
21 41 22
22 41 42
22 42 23
23 42 43
23 43 24
24 43 44
24 44 45
24 45 25
25 45 46
25 46 26
26 46 47
26 47 27
27 47 48
27 48 49
27 49 28
28 49 50
28 50 29
29 50 51
29 51 30
30 51 52
30 52 53
30 53 31
31 53 54
31 54 32
32 54 55
32 55 33
33 55 56
33 56 57
33 57 34
34 57 58
34 58 35
35 58 59
35 59 36
36 59 60
36 60 61
36 61 37
37 61 62
37 62 38
38 62 63
38 63 39
39 63 64
39 64 21
21 64 40
40 65 66
40 66 41
41 66 67
41 67 42
42 67 68
42 68 43
43 68 69
43 69 44
44 69 70
44 70 71
44 71 45
45 71 72
45 72 46
46 72 73
46 73 47
47 73 74
47 74 48
48 74 75
48 75 76
48 76 49
49 76 77
49 77 50
50 77 78
50 78 51
51 78 79
51 79 52
52 79 80
52 80 81
52 81 53
53 81 82
53 82 54
54 82 83
54 83 55
55 83 84
55 84 56
56 84 85
56 85 86
56 86 57
57 86 87
57 87 58
58 87 88
58 88 59
59 88 89
59 89 60
60 89 90
60 90 91
60 91 61
61 91 92
61 92 62
62 92 93
62 93 63
63 93 94
63 94 64
64 94 95
64 95 65
64 65 40
65 96 97
65 97 66
66 97 98
66 98 67
67 98 99
67 99 68
68 99 100
68 100 69
69 100 101
69 101 70
70 101 102
70 102 71
71 102 103
71 103 104
71 104 72
72 104 105
72 105 73
73 105 106
73 106 74
74 106 107
74 107 75
75 107 108
75 108 76
76 108 109
76 109 77
77 109 110
77 110 111
77 111 78
78 111 112
78 112 79
79 112 113
79 113 80
80 113 114
80 114 81
81 114 115
81 115 82
82 115 116
82 116 83
83 116 117
83 117 118
83 118 84
84 118 119
84 119 85
85 119 120
85 120 86
86 120 121
86 121 87
87 121 122
87 122 88
88 122 123
88 123 89
89 123 124
89 124 125
89 125 90
90 125 126
90 126 91
91 126 127
91 127 92
92 127 128
92 128 93
93 128 129
93 129 94
94 129 130
94 130 95
95 130 131
95 131 65
65 131 96
96 132 133
96 133 97
97 133 134
97 134 98
98 134 135
98 135 99
99 135 136
99 136 100
100 136 137
100 137 101
101 137 138
101 138 102
102 138 139
102 139 140
102 140 103
103 140 141
103 141 104
104 141 142
104 142 105
105 142 143
105 143 106
106 143 144
106 144 107
107 144 145
107 145 108
108 145 146
108 146 147
108 147 109
109 147 148
109 148 110
110 148 149
110 149 111
111 149 150
111 150 112
112 150 151
112 151 113
113 151 152
113 152 114
114 152 153
114 153 154
114 154 115
115 154 155
115 155 116
116 155 156
116 156 117
117 156 157
117 157 118
118 157 158
118 158 119
119 158 159
119 159 120
120 159 160
120 160 161
120 161 121
121 161 162
121 162 122
122 162 163
122 163 123
123 163 164
123 164 124
124 164 165
124 165 125
125 165 166
125 166 126
126 166 167
126 167 168
126 168 127
127 168 169
127 169 128
128 169 170
128 170 129
129 170 171
129 171 130
130 171 172
130 172 131
131 172 173
131 173 96
96 173 132
132 174 175
132 175 133
133 175 176
133 176 134
134 176 177
134 177 135
135 177 178
135 178 136
136 178 179
136 179 137
137 179 180
137 180 138
138 180 181
138 181 139
139 181 182
139 182 140
140 182 183
140 183 184
140 184 141
141 184 185
141 185 142
142 185 186
142 186 143
143 186 187
143 187 144
144 187 188
144 188 145
145 188 189
145 189 146
146 189 190
146 190 147
147 190 191
147 191 148
148 191 192
148 192 193
148 193 149
149 193 194
149 194 150
150 194 195
150 195 151
151 195 196
151 196 152
152 196 197
152 197 153
153 197 198
153 198 154
154 198 199
154 199 155
155 199 200
155 200 156
156 200 201
156 201 157
157 201 202
157 202 203
157 203 158
158 203 204
158 204 159
159 204 205
159 205 160
160 205 206
160 206 161
161 206 207
161 207 162
162 207 208
162 208 163
163 208 209
163 209 164
164 209 210
164 210 165
165 210 211
165 211 212
165 212 166
166 212 213
166 213 167
167 213 214
167 214 168
168 214 215
168 215 169
169 215 216
169 216 170
170 216 217
170 217 171
171 217 218
171 218 172
172 218 219
172 219 173
173 219 220
173 220 132
132 220 174
174 221 222
174 222 175
175 222 223
175 223 176
176 223 224
176 224 177
177 224 225
177 225 178
178 225 226
178 226 179
179 226 227
179 227 180
180 227 228
180 228 181
181 228 229
181 229 182
182 229 230
182 230 183
183 230 231
183 231 184
184 231 232
184 232 185
185 232 233
185 233 234
185 234 186
186 234 235
186 235 187
187 235 236
187 236 188
188 236 237
188 237 189
189 237 238
189 238 190
190 238 239
190 239 191
191 239 240
191 240 192
192 240 241
192 241 193
193 241 242
193 242 194
194 242 243
194 243 195
195 243 244
195 244 196
196 244 245
196 245 197
197 245 246
197 246 247
197 247 198
198 247 248
198 248 199
199 248 249
199 249 200
200 249 250
200 250 201
201 250 251
201 251 202
202 251 252
202 252 203
203 252 253
203 253 204
204 253 254
204 254 205
205 254 255
205 255 206
206 255 256
206 256 207
207 256 257
207 257 208
208 257 258
208 258 209
209 258 259
209 259 260
209 260 210
210 260 261
210 261 211
211 261 262
211 262 212
212 262 263
212 263 213
213 263 264
213 264 214
214 264 265
214 265 215
215 265 266
215 266 216
216 266 267
216 267 217
217 267 268
217 268 218
218 268 269
218 269 219
219 269 270
219 270 220
220 270 271
220 271 174
174 271 221
221 272 273
221 273 222
222 273 274
222 274 223
223 274 275
223 275 224
224 275 276
224 276 225
225 276 277
225 277 226
226 277 278
226 278 227
227 278 279
227 279 228
228 279 280
228 280 229
229 280 281
229 281 230
230 281 282
230 282 231
231 282 283
231 283 284
231 284 232
232 284 285
232 285 233
233 285 286
233 286 234
234 286 287
234 287 235
235 287 288
235 288 236
236 288 289
236 289 237
237 289 290
237 290 238
238 290 291
238 291 239
239 291 292
239 292 240
240 292 293
240 293 241
241 293 294
241 294 295
241 295 242
242 295 296
242 296 243
243 296 297
243 297 244
244 297 298
244 298 245
245 298 299
245 299 246
246 299 300
246 300 247
247 300 301
247 301 248
248 301 302
248 302 249
249 302 303
249 303 250
250 303 304
250 304 251
251 304 305
251 305 306
251 306 252
252 306 307
252 307 253
253 307 308
253 308 254
254 308 309
254 309 255
255 309 310
255 310 256
256 310 311
256 311 257
257 311 312
257 312 258
258 312 313
258 313 259
259 313 314
259 314 260
260 314 315
260 315 261
261 315 316
261 316 317
261 317 262
262 317 318
262 318 263
263 318 319
263 319 264
264 319 320
264 320 265
265 320 321
265 321 266
266 321 322
266 322 267
267 322 323
267 323 268
268 323 324
268 324 269
269 324 325
269 325 270
270 325 326
270 326 271
271 326 327
271 327 221
221 327 272
272 328 329
272 329 273
273 329 330
273 330 274
274 330 331
274 331 275
275 331 332
275 332 276
276 332 333
276 333 277
277 333 334
277 334 278
278 334 335
278 335 279
279 335 336
279 336 280
280 336 337
280 337 281
281 337 338
281 338 282
282 338 339
282 339 283
283 339 340
283 340 284
284 340 341
284 341 285
285 341 342
285 342 286
286 342 343
286 343 344
286 344 287
287 344 345
287 345 288
288 345 346
288 346 289
289 346 347
289 347 290
290 347 348
290 348 291
291 348 349
291 349 292
292 349 350
292 350 293
293 350 351
293 351 294
294 351 352
294 352 295
295 352 353
295 353 296
296 353 354
296 354 297
297 354 355
297 355 298
298 355 356
298 356 299
299 356 357
299 357 300
300 357 358
300 358 359
300 359 301
301 359 360
301 360 302
302 360 361
302 361 303
303 361 362
303 362 304
304 362 363
304 363 305
305 363 364
305 364 306
306 364 365
306 365 307
307 365 366
307 366 308
308 366 367
308 367 309
309 367 368
309 368 310
310 368 369
310 369 311
311 369 370
311 370 312
312 370 371
312 371 313
313 371 372
313 372 314
314 372 373
314 373 374
314 374 315
315 374 375
315 375 316
316 375 376
316 376 317
317 376 377
317 377 318
318 377 378
318 378 319
319 378 379
319 379 320
320 379 380
320 380 321
321 380 381
321 381 322
322 381 382
322 382 323
323 382 383
323 383 324
324 383 384
324 384 325
325 384 385
325 385 326
326 385 386
326 386 327
327 386 387
327 387 272
272 387 328
328 388 389
328 389 329
329 389 390
329 390 330
330 390 391
330 391 331
331 391 392
331 392 332
332 392 393
332 393 333
333 393 394
333 394 334
334 394 395
334 395 335
335 395 396
335 396 336
336 396 397
336 397 337
337 397 398
337 398 338
338 398 399
338 399 339
339 399 400
339 400 340
340 400 401
340 401 341
341 401 402
341 402 342
342 402 403
342 403 343
343 403 404
343 404 405
343 405 344
344 405 406
344 406 345
345 406 407
345 407 346
346 407 408
346 408 347
347 408 409
347 409 348
348 409 410
348 410 349
349 410 411
349 411 350
350 411 412
350 412 351
351 412 413
351 413 352
352 413 414
352 414 353
353 414 415
353 415 354
354 415 416
354 416 355
355 416 417
355 417 356
356 417 418
356 418 357
357 418 419
357 419 358
358 419 420
358 420 421
358 421 359
359 421 422
359 422 360
360 422 423
360 423 361
361 423 424
361 424 362
362 424 425
362 425 363
363 425 426
363 426 364
364 426 427
364 427 365
365 427 428
365 428 366
366 428 429
366 429 367
367 429 430
367 430 368
368 430 431
368 431 369
369 431 432
369 432 370
370 432 433
370 433 371
371 433 434
371 434 372
372 434 435
372 435 373
373 435 436
373 436 437
373 437 374
374 437 438
374 438 375
375 438 439
375 439 376
376 439 440
376 440 377
377 440 441
377 441 378
378 441 442
378 442 379
379 442 443
379 443 380
380 443 444
380 444 381
381 444 445
381 445 382
382 445 446
382 446 383
383 446 447
383 447 384
384 447 448
384 448 385
385 448 449
385 449 386
386 449 450
386 450 387
387 450 451
387 451 328
328 451 388
388 452 453
388 453 389
389 453 454
389 454 390
390 454 455
390 455 391
391 455 456
391 456 392
392 456 457
392 457 393
393 457 458
393 458 394
394 458 459
394 459 395
395 459 460
395 460 396
396 460 461
396 461 397
397 461 462
397 462 398
398 462 463
398 463 399
399 463 464
399 464 400
400 464 465
400 465 401
401 465 466
401 466 402
402 466 467
402 467 403
403 467 468
403 468 404
404 468 469
404 469 405
405 469 470
405 470 406
406 470 471
406 471 407
407 471 472
407 472 408
408 472 473
408 473 409
409 473 474
409 474 475
409 475 410
410 475 476
410 476 411
411 476 477
411 477 412
412 477 478
412 478 413
413 478 479
413 479 414
414 479 480
414 480 415
415 480 481
415 481 416
416 481 482
416 482 417
417 482 483
417 483 418
418 483 484
418 484 419
419 484 485
419 485 420
420 485 486
420 486 421
421 486 487
421 487 422
422 487 488
422 488 423
423 488 489
423 489 424
424 489 490
424 490 425
425 490 491
425 491 426
426 491 492
426 492 427
427 492 493
427 493 428
428 493 494
428 494 429
429 494 495
429 495 430
430 495 496
430 496 497
430 497 431
431 497 498
431 498 432
432 498 499
432 499 433
433 499 500
433 500 434
434 500 501
434 501 435
435 501 502
435 502 436
436 502 503
436 503 437
437 503 504
437 504 438
438 504 505
438 505 439
439 505 506
439 506 440
440 506 507
440 507 441
441 507 508
441 508 442
442 508 509
442 509 443
443 509 510
443 510 444
444 510 511
444 511 445
445 511 512
445 512 446
446 512 513
446 513 447
447 513 514
447 514 448
448 514 515
448 515 449
449 515 516
449 516 450
450 516 517
450 517 451
451 517 518
451 518 388
388 518 452
452 519 520
452 520 453
453 520 521
453 521 454
454 521 522
454 522 455
455 522 523
455 523 456
456 523 524
456 524 457
457 524 525
457 525 458
458 525 526
458 526 459
459 526 527
459 527 460
460 527 528
460 528 461
461 528 529
461 529 462
462 529 530
462 530 463
463 530 531
463 531 464
464 531 532
464 532 465
465 532 533
465 533 466
466 533 534
466 534 467
467 534 535
467 535 468
468 535 536
468 536 469
469 536 537
469 537 470
470 537 538
470 538 471
471 538 539
471 539 472
472 539 540
472 540 473
473 540 541
473 541 474
474 541 542
474 542 543
474 543 475
475 543 544
475 544 476
476 544 545
476 545 477
477 545 546
477 546 478
478 546 547
478 547 479
479 547 548
479 548 480
480 548 549
480 549 481
481 549 550
481 550 482
482 550 551
482 551 483
483 551 552
483 552 484
484 552 553
484 553 485
485 553 554
485 554 486
486 554 555
486 555 487
487 555 556
487 556 488
488 556 557
488 557 489
489 557 558
489 558 490
490 558 559
490 559 491
491 559 560
491 560 492
492 560 561
492 561 493
493 561 562
493 562 494
494 562 563
494 563 495
495 563 564
495 564 496
496 564 565
496 565 566
496 566 497
497 566 567
497 567 498
498 567 568
498 568 499
499 568 569
499 569 500
500 569 570
500 570 501
501 570 571
501 571 502
502 571 572
502 572 503
503 572 573
503 573 504
504 573 574
504 574 505
505 574 575
505 575 506
506 575 576
506 576 507
507 576 577
507 577 508
508 577 578
508 578 509
509 578 579
509 579 510
510 579 580
510 580 511
511 580 581
511 581 512
512 581 582
512 582 513
513 582 583
513 583 514
514 583 584
514 584 515
515 584 585
515 585 516
516 585 586
516 586 517
517 586 587
517 587 518
518 587 588
518 588 452
452 588 519
519 589 590
519 590 520
520 590 591
520 591 521
521 591 592
521 592 522
522 592 593
522 593 523
523 593 594
523 594 524
524 594 595
524 595 525
525 595 596
525 596 526
526 596 597
526 597 527
527 597 598
527 598 528
528 598 599
528 599 529
529 599 600
529 600 530
530 600 601
530 601 531
531 601 602
531 602 532
532 602 603
532 603 533
533 603 604
533 604 534
534 604 605
534 605 535
535 605 606
535 606 536
536 606 607
536 607 537
537 607 608
537 608 538
538 608 609
538 609 539
539 609 610
539 610 540
540 610 611
540 611 541
541 611 612
541 612 542
542 612 613
542 613 543
543 613 614
543 614 544
544 614 615
544 615 545
545 615 616
545 616 546
546 616 617
546 617 547
547 617 618
547 618 548
548 618 619
548 619 549
549 619 620
549 620 550
550 620 621
550 621 551
551 621 622
551 622 552
552 622 623
552 623 553
553 623 624
553 624 554
554 624 625
554 625 626
554 626 555
555 626 627
555 627 556
556 627 628
556 628 557
557 628 629
557 629 558
558 629 630
558 630 559
559 630 631
559 631 560
560 631 632
560 632 561
561 632 633
561 633 562
562 633 634
562 634 563
563 634 635
563 635 564
564 635 636
564 636 565
565 636 637
565 637 566
566 637 638
566 638 567
567 638 639
567 639 568
568 639 640
568 640 569
569 640 641
569 641 570
570 641 642
570 642 571
571 642 643
571 643 572
572 643 644
572 644 573
573 644 645
573 645 574
574 645 646
574 646 575
575 646 647
575 647 576
576 647 648
576 648 577
577 648 649
577 649 578
578 649 650
578 650 579
579 650 651
579 651 580
580 651 652
580 652 581
581 652 653
581 653 582
582 653 654
582 654 583
583 654 655
583 655 584
584 655 656
584 656 585
585 656 657
585 657 586
586 657 658
586 658 587
587 658 659
587 659 588
588 659 660
588 660 519
519 660 589
589 661 662
589 662 590
590 662 663
590 663 591
591 663 664
591 664 592
592 664 665
592 665 593
593 665 666
593 666 594
594 666 667
594 667 595
595 667 668
595 668 596
596 668 669
596 669 597
597 669 670
597 670 598
598 670 671
598 671 599
599 671 672
599 672 600
600 672 673
600 673 601
601 673 674
601 674 602
602 674 675
602 675 603
603 675 676
603 676 604
604 676 677
604 677 605
605 677 678
605 678 606
606 678 679
606 679 607
607 679 680
607 680 608
608 680 681
608 681 609
609 681 682
609 682 610
610 682 683
610 683 611
611 683 684
611 684 612
612 684 685
612 685 613
613 685 686
613 686 614
614 686 687
614 687 615
615 687 688
615 688 616
616 688 689
616 689 617
617 689 690
617 690 618
618 690 691
618 691 619
619 691 692
619 692 620
620 692 693
620 693 621
621 693 694
621 694 622
622 694 695
622 695 623
623 695 696
623 696 624
624 696 697
624 697 625
625 697 698
625 698 699
625 699 626
626 699 700
626 700 627
627 700 701
627 701 628
628 701 702
628 702 629
629 702 703
629 703 630
630 703 704
630 704 631
631 704 705
631 705 632
632 705 706
632 706 633
633 706 707
633 707 634
634 707 708
634 708 635
635 708 709
635 709 636
636 709 710
636 710 637
637 710 711
637 711 638
638 711 712
638 712 639
639 712 713
639 713 640
640 713 714
640 714 641
641 714 715
641 715 642
642 715 716
642 716 643
643 716 717
643 717 644
644 717 718
644 718 645
645 718 719
645 719 646
646 719 720
646 720 647
647 720 721
647 721 648
648 721 722
648 722 649
649 722 723
649 723 650
650 723 724
650 724 651
651 724 725
651 725 652
652 725 726
652 726 653
653 726 727
653 727 654
654 727 728
654 728 655
655 728 729
655 729 656
656 729 730
656 730 657
657 730 731
657 731 658
658 731 732
658 732 659
659 732 733
659 733 660
660 733 734
660 734 589
589 734 661
661 735 736
661 736 662
662 736 737
662 737 663
663 737 738
663 738 664
664 738 739
664 739 665
665 739 740
665 740 666
666 740 741
666 741 667
667 741 742
667 742 668
668 742 743
668 743 669
669 743 744
669 744 670
670 744 745
670 745 671
671 745 746
671 746 672
672 746 747
672 747 673
673 747 748
673 748 674
674 748 749
674 749 675
675 749 750
675 750 676
676 750 751
676 751 677
677 751 752
677 752 678
678 752 753
678 753 679
679 753 754
679 754 680
680 754 755
680 755 681
681 755 756
681 756 682
682 756 757
682 757 683
683 757 758
683 758 684
684 758 759
684 759 685
685 759 760
685 760 686
686 760 761
686 761 687
687 761 762
687 762 688
688 762 763
688 763 689
689 763 764
689 764 690
690 764 765
690 765 691
691 765 766
691 766 692
692 766 767
692 767 693
693 767 768
693 768 694
694 768 769
694 769 695
695 769 770
695 770 696
696 770 771
696 771 697
697 771 772
697 772 698
698 772 773
698 773 699
699 773 774
699 774 700
700 774 775
700 775 701
701 775 776
701 776 702
702 776 777
702 777 703
703 777 778
703 778 704
704 778 779
704 779 705
705 779 780
705 780 706
706 780 781
706 781 707
707 781 782
707 782 708
708 782 783
708 783 709
709 783 784
709 784 710
710 784 785
710 785 711
711 785 786
711 786 712
712 786 787
712 787 713
713 787 788
713 788 714
714 788 789
714 789 715
715 789 790
715 790 716
716 790 791
716 791 717
717 791 792
717 792 718
718 792 793
718 793 719
719 793 794
719 794 720
720 794 795
720 795 721
721 795 796
721 796 722
722 796 797
722 797 723
723 797 798
723 798 724
724 798 799
724 799 725
725 799 800
725 800 726
726 800 801
726 801 727
727 801 802
727 802 728
728 802 803
728 803 729
729 803 804
729 804 730
730 804 805
730 805 731
731 805 806
731 806 732
732 806 807
732 807 733
733 807 808
733 808 734
734 808 809
734 809 735
734 735 661
735 810 811
735 811 736
736 811 812
736 812 737
737 812 813
737 813 738
738 813 814
738 814 739
739 814 815
739 815 740
740 815 816
740 816 741
741 816 817
741 817 742
742 817 818
742 818 743
743 818 819
743 819 744
744 819 820
744 820 745
745 820 821
745 821 746
746 821 822
746 822 747
747 822 823
747 823 748
748 823 824
748 824 749
749 824 825
749 825 750
750 825 826
750 826 751
751 826 827
751 827 752
752 827 828
752 828 753
753 828 829
753 829 754
754 829 830
754 830 755
755 830 831
755 831 756
756 831 832
756 832 757
757 832 833
757 833 758
758 833 834
758 834 759
759 834 835
759 835 760
760 835 836
760 836 761
761 836 837
761 837 762
762 837 838
762 838 763
763 838 839
763 839 764
764 839 840
764 840 765
765 840 841
765 841 766
766 841 842
766 842 767
767 842 843
767 843 768
768 843 844
768 844 769
769 844 845
769 845 770
770 845 846
770 846 771
771 846 847
771 847 772
772 847 848
772 848 773
773 848 849
773 849 774
774 849 850
774 850 775
775 850 851
775 851 776
776 851 852
776 852 777
777 852 853
777 853 778
778 853 854
778 854 779
779 854 855
779 855 780
780 855 856
780 856 781
781 856 857
781 857 782
782 857 858
782 858 783
783 858 859
783 859 784
784 859 860
784 860 785
785 860 861
785 861 786
786 861 862
786 862 787
787 862 863
787 863 788
788 863 864
788 864 789
789 864 865
789 865 790
790 865 866
790 866 791
791 866 867
791 867 792
792 867 868
792 868 793
793 868 869
793 869 794
794 869 870
794 870 795
795 870 871
795 871 796
796 871 872
796 872 797
797 872 873
797 873 798
798 873 874
798 874 799
799 874 875
799 875 800
800 875 876
800 876 801
801 876 877
801 877 802
802 877 878
802 878 803
803 878 879
803 879 804
804 879 880
804 880 805
805 880 881
805 881 806
806 881 882
806 882 807
807 882 883
807 883 808
808 883 884
808 884 809
809 884 885
809 885 735
735 885 810
810 886 811
811 886 887
811 887 812
812 887 888
812 888 813
813 888 889
813 889 814
814 889 890
814 890 815
815 890 891
815 891 816
816 891 892
816 892 817
817 892 893
817 893 818
818 893 894
818 894 819
819 894 895
819 895 820
820 895 896
820 896 821
821 896 897
821 897 822
822 897 898
822 898 823
823 898 899
823 899 824
824 899 900
824 900 825
825 900 901
825 901 826
826 901 902
826 902 827
827 902 903
827 903 828
828 903 904
828 904 829
829 904 905
829 905 830
830 905 906
830 906 831
831 906 907
831 907 832
832 907 908
832 908 833
833 908 909
833 909 834
834 909 910
834 910 835
835 910 911
835 911 836
836 911 912
836 912 837
837 912 913
837 913 838
838 913 914
838 914 839
839 914 915
839 915 840
840 915 916
840 916 841
841 916 917
841 917 842
842 917 918
842 918 843
843 918 919
843 919 844
844 919 920
844 920 845
845 920 921
845 921 846
846 921 922
846 922 847
847 922 923
847 923 848
848 923 924
848 924 849
849 924 925
849 925 850
850 925 926
850 926 851
851 926 927
851 927 852
852 927 928
852 928 853
853 928 929
853 929 854
854 929 930
854 930 855
855 930 931
855 931 856
856 931 932
856 932 857
857 932 933
857 933 858
858 933 934
858 934 859
859 934 935
859 935 860
860 935 936
860 936 861
861 936 937
861 937 862
862 937 938
862 938 863
863 938 939
863 939 864
864 939 940
864 940 865
865 940 941
865 941 866
866 941 942
866 942 867
867 942 943
867 943 868
868 943 944
868 944 869
869 944 945
869 945 870
870 945 946
870 946 871
871 946 947
871 947 872
872 947 948
872 948 873
873 948 949
873 949 874
874 949 950
874 950 875
875 950 951
875 951 876
876 951 952
876 952 877
877 952 953
877 953 878
878 953 954
878 954 879
879 954 955
879 955 880
880 955 956
880 956 881
881 956 957
881 957 882
882 957 958
882 958 883
883 958 959
883 959 884
884 959 960
884 960 885
885 960 961
885 961 810
810 961 886
886 962 887
887 962 963
887 963 888
888 963 964
888 964 889
889 964 965
889 965 890
890 965 966
890 966 891
891 966 967
891 967 892
892 967 968
892 968 893
893 968 969
893 969 894
894 969 970
894 970 895
895 970 971
895 971 896
896 971 972
896 972 897
897 972 973
897 973 898
898 973 974
898 974 899
899 974 975
899 975 900
900 975 976
900 976 901
901 976 977
901 977 902
902 977 978
902 978 903
903 978 979
903 979 904
904 979 980
904 980 905
905 980 981
905 981 906
906 981 982
906 982 907
907 982 983
907 983 908
908 983 984
908 984 909
909 984 985
909 985 910
910 985 986
910 986 911
911 986 987
911 987 912
912 987 988
912 988 913
913 988 989
913 989 914
914 989 990
914 990 915
915 990 991
915 991 916
916 991 992
916 992 917
917 992 993
917 993 918
918 993 994
918 994 919
919 994 995
919 995 920
920 995 996
920 996 921
921 996 997
921 997 922
922 997 998
922 998 923
923 998 999
923 999 924
924 999 1000
924 1000 925
925 1000 1001
925 1001 926
926 1001 1002
926 1002 927
927 1002 1003
927 1003 928
928 1003 1004
928 1004 929
929 1004 1005
929 1005 930
930 1005 1006
930 1006 931
931 1006 1007
931 1007 932
932 1007 1008
932 1008 933
933 1008 1009
933 1009 934
934 1009 1010
934 1010 935
935 1010 1011
935 1011 936
936 1011 1012
936 1012 937
937 1012 1013
937 1013 938
938 1013 1014
938 1014 939
939 1014 1015
939 1015 940
940 1015 1016
940 1016 941
941 1016 1017
941 1017 942
942 1017 1018
942 1018 943
943 1018 1019
943 1019 944
944 1019 1020
944 1020 945
945 1020 1021
945 1021 946
946 1021 1022
946 1022 947
947 1022 1023
947 1023 948
948 1023 1024
948 1024 949
949 1024 1025
949 1025 950
950 1025 1026
950 1026 951
951 1026 1027
951 1027 952
952 1027 1028
952 1028 953
953 1028 1029
953 1029 954
954 1029 1030
954 1030 955
955 1030 1031
955 1031 956
956 1031 1032
956 1032 957
957 1032 1033
957 1033 958
958 1033 1034
958 1034 959
959 1034 1035
959 1035 960
960 1035 1036
960 1036 961
961 1036 1037
961 1037 886
886 1037 962
962 1038 963
963 1038 1039
963 1039 964
964 1039 1040
964 1040 965
965 1040 1041
965 1041 966
966 1041 1042
966 1042 967
967 1042 1043
967 1043 968
968 1043 1044
968 1044 969
969 1044 1045
969 1045 970
970 1045 1046
970 1046 971
971 1046 1047
971 1047 972
972 1047 1048
972 1048 973
973 1048 1049
973 1049 974
974 1049 1050
974 1050 975
975 1050 1051
975 1051 976
976 1051 1052
976 1052 977
977 1052 1053
977 1053 978
978 1053 1054
978 1054 979
979 1054 1055
979 1055 980
980 1055 1056
980 1056 981
981 1056 1057
981 1057 982
982 1057 1058
982 1058 983
983 1058 1059
983 1059 984
984 1059 1060
984 1060 985
985 1060 1061
985 1061 986
986 1061 1062
986 1062 987
987 1062 1063
987 1063 988
988 1063 1064
988 1064 989
989 1064 1065
989 1065 990
990 1065 1066
990 1066 991
991 1066 1067
991 1067 992
992 1067 1068
992 1068 993
993 1068 1069
993 1069 994
994 1069 1070
994 1070 995
995 1070 1071
995 1071 996
996 1071 1072
996 1072 997
997 1072 1073
997 1073 998
998 1073 1074
998 1074 999
999 1074 1075
999 1075 1000
1000 1075 1076
1000 1076 1001
1001 1076 1077
1001 1077 1002
1002 1077 1078
1002 1078 1003
1003 1078 1079
1003 1079 1004
1004 1079 1080
1004 1080 1005
1005 1080 1081
1005 1081 1006
1006 1081 1082
1006 1082 1007
1007 1082 1083
1007 1083 1008
1008 1083 1084
1008 1084 1009
1009 1084 1085
1009 1085 1010
1010 1085 1086
1010 1086 1011
1011 1086 1087
1011 1087 1012
1012 1087 1088
1012 1088 1013
1013 1088 1089
1013 1089 1014
1014 1089 1090
1014 1090 1015
1015 1090 1091
1015 1091 1016
1016 1091 1092
1016 1092 1017
1017 1092 1093
1017 1093 1018
1018 1093 1094
1018 1094 1019
1019 1094 1095
1019 1095 1020
1020 1095 1096
1020 1096 1021
1021 1096 1097
1021 1097 1022
1022 1097 1098
1022 1098 1023
1023 1098 1099
1023 1099 1024
1024 1099 1100
1024 1100 1025
1025 1100 1101
1025 1101 1026
1026 1101 1102
1026 1102 1027
1027 1102 1103
1027 1103 1028
1028 1103 1104
1028 1104 1029
1029 1104 1105
1029 1105 1030
1030 1105 1106
1030 1106 1031
1031 1106 1107
1031 1107 1032
1032 1107 1108
1032 1108 1033
1033 1108 1109
1033 1109 1034
1034 1109 1110
1034 1110 1035
1035 1110 1111
1035 1111 1036
1036 1111 1112
1036 1112 1037
1037 1112 1038
1037 1038 962
1038 1113 1039
1039 1113 1114
1039 1114 1040
1040 1114 1115
1040 1115 1041
1041 1115 1116
1041 1116 1042
1042 1116 1117
1042 1117 1043
1043 1117 1118
1043 1118 1044
1044 1118 1119
1044 1119 1045
1045 1119 1120
1045 1120 1046
1046 1120 1121
1046 1121 1047
1047 1121 1122
1047 1122 1048
1048 1122 1123
1048 1123 1049
1049 1123 1124
1049 1124 1050
1050 1124 1125
1050 1125 1051
1051 1125 1126
1051 1126 1052
1052 1126 1127
1052 1127 1053
1053 1127 1128
1053 1128 1054
1054 1128 1129
1054 1129 1055
1055 1129 1130
1055 1130 1056
1056 1130 1131
1056 1131 1057
1057 1131 1132
1057 1132 1058
1058 1132 1133
1058 1133 1059
1059 1133 1134
1059 1134 1060
1060 1134 1135
1060 1135 1061
1061 1135 1136
1061 1136 1062
1062 1136 1137
1062 1137 1063
1063 1137 1138
1063 1138 1064
1064 1138 1139
1064 1139 1065
1065 1139 1140
1065 1140 1066
1066 1140 1141
1066 1141 1067
1067 1141 1142
1067 1142 1068
1068 1142 1143
1068 1143 1069
1069 1143 1144
1069 1144 1070
1070 1144 1145
1070 1145 1071
1071 1145 1146
1071 1146 1072
1072 1146 1147
1072 1147 1073
1073 1147 1148
1073 1148 1074
1074 1148 1149
1074 1149 1075
1075 1149 1150
1075 1150 1076
1076 1150 1151
1076 1151 1077
1077 1151 1152
1077 1152 1078
1078 1152 1153
1078 1153 1079
1079 1153 1154
1079 1154 1080
1080 1154 1155
1080 1155 1081
1081 1155 1156
1081 1156 1082
1082 1156 1157
1082 1157 1083
1083 1157 1158
1083 1158 1084
1084 1158 1159
1084 1159 1085
1085 1159 1160
1085 1160 1086
1086 1160 1161
1086 1161 1087
1087 1161 1162
1087 1162 1088
1088 1162 1163
1088 1163 1089
1089 1163 1164
1089 1164 1090
1090 1164 1165
1090 1165 1091
1091 1165 1166
1091 1166 1092
1092 1166 1167
1092 1167 1093
1093 1167 1168
1093 1168 1094
1094 1168 1169
1094 1169 1095
1095 1169 1170
1095 1170 1096
1096 1170 1171
1096 1171 1097
1097 1171 1172
1097 1172 1098
1098 1172 1173
1098 1173 1099
1099 1173 1174
1099 1174 1100
1100 1174 1175
1100 1175 1101
1101 1175 1176
1101 1176 1102
1102 1176 1177
1102 1177 1103
1103 1177 1178
1103 1178 1104
1104 1178 1179
1104 1179 1105
1105 1179 1180
1105 1180 1106
1106 1180 1181
1106 1181 1107
1107 1181 1182
1107 1182 1108
1108 1182 1183
1108 1183 1109
1109 1183 1184
1109 1184 1110
1110 1184 1185
1110 1185 1111
1111 1185 1186
1111 1186 1112
1112 1186 1038
1038 1186 1113
1113 1187 1114
1114 1187 1188
1114 1188 1115
1115 1188 1189
1115 1189 1116
1116 1189 1190
1116 1190 1117
1117 1190 1191
1117 1191 1118
1118 1191 1192
1118 1192 1119
1119 1192 1193
1119 1193 1120
1120 1193 1194
1120 1194 1121
1121 1194 1195
1121 1195 1122
1122 1195 1196
1122 1196 1123
1123 1196 1197
1123 1197 1124
1124 1197 1198
1124 1198 1125
1125 1198 1199
1125 1199 1126
1126 1199 1200
1126 1200 1127
1127 1200 1201
1127 1201 1128
1128 1201 1202
1128 1202 1129
1129 1202 1203
1129 1203 1130
1130 1203 1204
1130 1204 1131
1131 1204 1205
1131 1205 1132
1132 1205 1206
1132 1206 1133
1133 1206 1207
1133 1207 1134
1134 1207 1208
1134 1208 1135
1135 1208 1209
1135 1209 1136
1136 1209 1210
1136 1210 1137
1137 1210 1211
1137 1211 1138
1138 1211 1212
1138 1212 1139
1139 1212 1213
1139 1213 1140
1140 1213 1214
1140 1214 1141
1141 1214 1215
1141 1215 1142
1142 1215 1216
1142 1216 1143
1143 1216 1217
1143 1217 1144
1144 1217 1218
1144 1218 1145
1145 1218 1219
1145 1219 1146
1146 1219 1220
1146 1220 1147
1147 1220 1221
1147 1221 1148
1148 1221 1222
1148 1222 1149
1149 1222 1150
1150 1222 1223
1150 1223 1151
1151 1223 1224
1151 1224 1152
1152 1224 1225
1152 1225 1153
1153 1225 1226
1153 1226 1154
1154 1226 1227
1154 1227 1155
1155 1227 1228
1155 1228 1156
1156 1228 1229
1156 1229 1157
1157 1229 1230
1157 1230 1158
1158 1230 1231
1158 1231 1159
1159 1231 1232
1159 1232 1160
1160 1232 1233
1160 1233 1161
1161 1233 1234
1161 1234 1162
1162 1234 1235
1162 1235 1163
1163 1235 1236
1163 1236 1164
1164 1236 1237
1164 1237 1165
1165 1237 1238
1165 1238 1166
1166 1238 1239
1166 1239 1167
1167 1239 1240
1167 1240 1168
1168 1240 1241
1168 1241 1169
1169 1241 1242
1169 1242 1170
1170 1242 1243
1170 1243 1171
1171 1243 1244
1171 1244 1172
1172 1244 1245
1172 1245 1173
1173 1245 1246
1173 1246 1174
1174 1246 1247
1174 1247 1175
1175 1247 1248
1175 1248 1176
1176 1248 1249
1176 1249 1177
1177 1249 1250
1177 1250 1178
1178 1250 1251
1178 1251 1179
1179 1251 1252
1179 1252 1180
1180 1252 1253
1180 1253 1181
1181 1253 1254
1181 1254 1182
1182 1254 1255
1182 1255 1183
1183 1255 1256
1183 1256 1184
1184 1256 1257
1184 1257 1185
1185 1257 1258
1185 1258 1186
1186 1258 1113
1113 1258 1187
1187 1259 1188
1188 1259 1260
1188 1260 1189
1189 1260 1261
1189 1261 1190
1190 1261 1262
1190 1262 1191
1191 1262 1263
1191 1263 1192
1192 1263 1264
1192 1264 1193
1193 1264 1265
1193 1265 1194
1194 1265 1266
1194 1266 1195
1195 1266 1267
1195 1267 1196
1196 1267 1268
1196 1268 1197
1197 1268 1269
1197 1269 1198
1198 1269 1270
1198 1270 1199
1199 1270 1271
1199 1271 1200
1200 1271 1272
1200 1272 1201
1201 1272 1273
1201 1273 1202
1202 1273 1274
1202 1274 1203
1203 1274 1275
1203 1275 1204
1204 1275 1276
1204 1276 1205
1205 1276 1277
1205 1277 1206
1206 1277 1278
1206 1278 1207
1207 1278 1279
1207 1279 1208
1208 1279 1280
1208 1280 1209
1209 1280 1281
1209 1281 1210
1210 1281 1282
1210 1282 1211
1211 1282 1283
1211 1283 1212
1212 1283 1284
1212 1284 1213
1213 1284 1285
1213 1285 1214
1214 1285 1286
1214 1286 1215
1215 1286 1287
1215 1287 1216
1216 1287 1288
1216 1288 1217
1217 1288 1289
1217 1289 1218
1218 1289 1290
1218 1290 1219
1219 1290 1291
1219 1291 1220
1220 1291 1292
1220 1292 1221
1221 1292 1293
1221 1293 1222
1222 1293 1223
1223 1293 1294
1223 1294 1224
1224 1294 1295
1224 1295 1225
1225 1295 1296
1225 1296 1226
1226 1296 1297
1226 1297 1227
1227 1297 1298
1227 1298 1228
1228 1298 1299
1228 1299 1229
1229 1299 1300
1229 1300 1230
1230 1300 1301
1230 1301 1231
1231 1301 1302
1231 1302 1232
1232 1302 1303
1232 1303 1233
1233 1303 1304
1233 1304 1234
1234 1304 1305
1234 1305 1235
1235 1305 1306
1235 1306 1236
1236 1306 1307
1236 1307 1237
1237 1307 1308
1237 1308 1238
1238 1308 1309
1238 1309 1239
1239 1309 1310
1239 1310 1240
1240 1310 1311
1240 1311 1241
1241 1311 1312
1241 1312 1242
1242 1312 1313
1242 1313 1243
1243 1313 1314
1243 1314 1244
1244 1314 1315
1244 1315 1245
1245 1315 1316
1245 1316 1246
1246 1316 1317
1246 1317 1247
1247 1317 1318
1247 1318 1248
1248 1318 1319
1248 1319 1249
1249 1319 1320
1249 1320 1250
1250 1320 1321
1250 1321 1251
1251 1321 1322
1251 1322 1252
1252 1322 1323
1252 1323 1253
1253 1323 1324
1253 1324 1254
1254 1324 1325
1254 1325 1255
1255 1325 1326
1255 1326 1256
1256 1326 1327
1256 1327 1257
1257 1327 1328
1257 1328 1258
1258 1328 1187
1187 1328 1259
1259 1329 1260
1260 1329 1330
1260 1330 1261
1261 1330 1331
1261 1331 1262
1262 1331 1332
1262 1332 1263
1263 1332 1333
1263 1333 1264
1264 1333 1334
1264 1334 1265
1265 1334 1335
1265 1335 1266
1266 1335 1336
1266 1336 1267
1267 1336 1337
1267 1337 1268
1268 1337 1338
1268 1338 1269
1269 1338 1339
1269 1339 1270
1270 1339 1340
1270 1340 1271
1271 1340 1341
1271 1341 1272
1272 1341 1342
1272 1342 1273
1273 1342 1343
1273 1343 1274
1274 1343 1344
1274 1344 1275
1275 1344 1345
1275 1345 1276
1276 1345 1346
1276 1346 1277
1277 1346 1347
1277 1347 1278
1278 1347 1348
1278 1348 1279
1279 1348 1349
1279 1349 1280
1280 1349 1350
1280 1350 1281
1281 1350 1351
1281 1351 1282
1282 1351 1283
1283 1351 1352
1283 1352 1284
1284 1352 1353
1284 1353 1285
1285 1353 1354
1285 1354 1286
1286 1354 1355
1286 1355 1287
1287 1355 1356
1287 1356 1288
1288 1356 1357
1288 1357 1289
1289 1357 1358
1289 1358 1290
1290 1358 1359
1290 1359 1291
1291 1359 1360
1291 1360 1292
1292 1360 1361
1292 1361 1293
1293 1361 1362
1293 1362 1294
1294 1362 1363
1294 1363 1295
1295 1363 1364
1295 1364 1296
1296 1364 1365
1296 1365 1297
1297 1365 1366
1297 1366 1298
1298 1366 1367
1298 1367 1299
1299 1367 1368
1299 1368 1300
1300 1368 1369
1300 1369 1301
1301 1369 1370
1301 1370 1302
1302 1370 1371
1302 1371 1303
1303 1371 1372
1303 1372 1304
1304 1372 1373
1304 1373 1305
1305 1373 1306
1306 1373 1374
1306 1374 1307
1307 1374 1375
1307 1375 1308
1308 1375 1376
1308 1376 1309
1309 1376 1377
1309 1377 1310
1310 1377 1378
1310 1378 1311
1311 1378 1379
1311 1379 1312
1312 1379 1380
1312 1380 1313
1313 1380 1381
1313 1381 1314
1314 1381 1382
1314 1382 1315
1315 1382 1383
1315 1383 1316
1316 1383 1384
1316 1384 1317
1317 1384 1385
1317 1385 1318
1318 1385 1386
1318 1386 1319
1319 1386 1387
1319 1387 1320
1320 1387 1388
1320 1388 1321
1321 1388 1389
1321 1389 1322
1322 1389 1390
1322 1390 1323
1323 1390 1391
1323 1391 1324
1324 1391 1392
1324 1392 1325
1325 1392 1393
1325 1393 1326
1326 1393 1394
1326 1394 1327
1327 1394 1395
1327 1395 1328
1328 1395 1259
1259 1395 1329
1329 1396 1330
1330 1396 1397
1330 1397 1331
1331 1397 1398
1331 1398 1332
1332 1398 1399
1332 1399 1333
1333 1399 1400
1333 1400 1334
1334 1400 1401
1334 1401 1335
1335 1401 1402
1335 1402 1336
1336 1402 1403
1336 1403 1337
1337 1403 1404
1337 1404 1338
1338 1404 1405
1338 1405 1339
1339 1405 1406
1339 1406 1340
1340 1406 1407
1340 1407 1341
1341 1407 1408
1341 1408 1342
1342 1408 1409
1342 1409 1343
1343 1409 1410
1343 1410 1344
1344 1410 1411
1344 1411 1345
1345 1411 1412
1345 1412 1346
1346 1412 1413
1346 1413 1347
1347 1413 1414
1347 1414 1348
1348 1414 1415
1348 1415 1349
1349 1415 1416
1349 1416 1350
1350 1416 1417
1350 1417 1351
1351 1417 1352
1352 1417 1418
1352 1418 1353
1353 1418 1419
1353 1419 1354
1354 1419 1420
1354 1420 1355
1355 1420 1421
1355 1421 1356
1356 1421 1422
1356 1422 1357
1357 1422 1423
1357 1423 1358
1358 1423 1424
1358 1424 1359
1359 1424 1425
1359 1425 1360
1360 1425 1426
1360 1426 1361
1361 1426 1427
1361 1427 1362
1362 1427 1428
1362 1428 1363
1363 1428 1429
1363 1429 1364
1364 1429 1430
1364 1430 1365
1365 1430 1431
1365 1431 1366
1366 1431 1432
1366 1432 1367
1367 1432 1433
1367 1433 1368
1368 1433 1434
1368 1434 1369
1369 1434 1435
1369 1435 1370
1370 1435 1436
1370 1436 1371
1371 1436 1437
1371 1437 1372
1372 1437 1438
1372 1438 1373
1373 1438 1374
1374 1438 1439
1374 1439 1375
1375 1439 1440
1375 1440 1376
1376 1440 1441
1376 1441 1377
1377 1441 1442
1377 1442 1378
1378 1442 1443
1378 1443 1379
1379 1443 1444
1379 1444 1380
1380 1444 1445
1380 1445 1381
1381 1445 1446
1381 1446 1382
1382 1446 1447
1382 1447 1383
1383 1447 1448
1383 1448 1384
1384 1448 1449
1384 1449 1385
1385 1449 1450
1385 1450 1386
1386 1450 1451
1386 1451 1387
1387 1451 1452
1387 1452 1388
1388 1452 1453
1388 1453 1389
1389 1453 1454
1389 1454 1390
1390 1454 1455
1390 1455 1391
1391 1455 1456
1391 1456 1392
1392 1456 1457
1392 1457 1393
1393 1457 1458
1393 1458 1394
1394 1458 1459
1394 1459 1395
1395 1459 1329
1329 1459 1396
1396 1460 1397
1397 1460 1461
1397 1461 1398
1398 1461 1462
1398 1462 1399
1399 1462 1463
1399 1463 1400
1400 1463 1464
1400 1464 1401
1401 1464 1465
1401 1465 1402
1402 1465 1466
1402 1466 1403
1403 1466 1467
1403 1467 1404
1404 1467 1468
1404 1468 1405
1405 1468 1469
1405 1469 1406
1406 1469 1470
1406 1470 1407
1407 1470 1471
1407 1471 1408
1408 1471 1472
1408 1472 1409
1409 1472 1473
1409 1473 1410
1410 1473 1474
1410 1474 1411
1411 1474 1412
1412 1474 1475
1412 1475 1413
1413 1475 1476
1413 1476 1414
1414 1476 1477
1414 1477 1415
1415 1477 1478
1415 1478 1416
1416 1478 1479
1416 1479 1417
1417 1479 1480
1417 1480 1418
1418 1480 1481
1418 1481 1419
1419 1481 1482
1419 1482 1420
1420 1482 1483
1420 1483 1421
1421 1483 1484
1421 1484 1422
1422 1484 1485
1422 1485 1423
1423 1485 1486
1423 1486 1424
1424 1486 1487
1424 1487 1425
1425 1487 1488
1425 1488 1426
1426 1488 1489
1426 1489 1427
1427 1489 1428
1428 1489 1490
1428 1490 1429
1429 1490 1491
1429 1491 1430
1430 1491 1492
1430 1492 1431
1431 1492 1493
1431 1493 1432
1432 1493 1494
1432 1494 1433
1433 1494 1495
1433 1495 1434
1434 1495 1496
1434 1496 1435
1435 1496 1497
1435 1497 1436
1436 1497 1498
1436 1498 1437
1437 1498 1499
1437 1499 1438
1438 1499 1500
1438 1500 1439
1439 1500 1501
1439 1501 1440
1440 1501 1502
1440 1502 1441
1441 1502 1503
1441 1503 1442
1442 1503 1504
1442 1504 1443
1443 1504 1444
1444 1504 1505
1444 1505 1445
1445 1505 1506
1445 1506 1446
1446 1506 1507
1446 1507 1447
1447 1507 1508
1447 1508 1448
1448 1508 1509
1448 1509 1449
1449 1509 1510
1449 1510 1450
1450 1510 1511
1450 1511 1451
1451 1511 1512
1451 1512 1452
1452 1512 1513
1452 1513 1453
1453 1513 1514
1453 1514 1454
1454 1514 1515
1454 1515 1455
1455 1515 1516
1455 1516 1456
1456 1516 1517
1456 1517 1457
1457 1517 1518
1457 1518 1458
1458 1518 1519
1458 1519 1459
1459 1519 1396
1396 1519 1460
1460 1520 1461
1461 1520 1521
1461 1521 1462
1462 1521 1522
1462 1522 1463
1463 1522 1523
1463 1523 1464
1464 1523 1524
1464 1524 1465
1465 1524 1525
1465 1525 1466
1466 1525 1526
1466 1526 1467
1467 1526 1527
1467 1527 1468
1468 1527 1528
1468 1528 1469
1469 1528 1529
1469 1529 1470
1470 1529 1530
1470 1530 1471
1471 1530 1531
1471 1531 1472
1472 1531 1532
1472 1532 1473
1473 1532 1533
1473 1533 1474
1474 1533 1475
1475 1533 1534
1475 1534 1476
1476 1534 1535
1476 1535 1477
1477 1535 1536
1477 1536 1478
1478 1536 1537
1478 1537 1479
1479 1537 1538
1479 1538 1480
1480 1538 1539
1480 1539 1481
1481 1539 1540
1481 1540 1482
1482 1540 1541
1482 1541 1483
1483 1541 1542
1483 1542 1484
1484 1542 1543
1484 1543 1485
1485 1543 1544
1485 1544 1486
1486 1544 1545
1486 1545 1487
1487 1545 1546
1487 1546 1488
1488 1546 1547
1488 1547 1489
1489 1547 1490
1490 1547 1548
1490 1548 1491
1491 1548 1549
1491 1549 1492
1492 1549 1550
1492 1550 1493
1493 1550 1551
1493 1551 1494
1494 1551 1552
1494 1552 1495
1495 1552 1553
1495 1553 1496
1496 1553 1554
1496 1554 1497
1497 1554 1555
1497 1555 1498
1498 1555 1556
1498 1556 1499
1499 1556 1557
1499 1557 1500
1500 1557 1558
1500 1558 1501
1501 1558 1559
1501 1559 1502
1502 1559 1560
1502 1560 1503
1503 1560 1561
1503 1561 1504
1504 1561 1505
1505 1561 1562
1505 1562 1506
1506 1562 1563
1506 1563 1507
1507 1563 1564
1507 1564 1508
1508 1564 1565
1508 1565 1509
1509 1565 1566
1509 1566 1510
1510 1566 1567
1510 1567 1511
1511 1567 1568
1511 1568 1512
1512 1568 1569
1512 1569 1513
1513 1569 1570
1513 1570 1514
1514 1570 1571
1514 1571 1515
1515 1571 1572
1515 1572 1516
1516 1572 1573
1516 1573 1517
1517 1573 1574
1517 1574 1518
1518 1574 1575
1518 1575 1519
1519 1575 1460
1460 1575 1520
1520 1576 1521
1521 1576 1577
1521 1577 1522
1522 1577 1578
1522 1578 1523
1523 1578 1579
1523 1579 1524
1524 1579 1580
1524 1580 1525
1525 1580 1581
1525 1581 1526
1526 1581 1582
1526 1582 1527
1527 1582 1583
1527 1583 1528
1528 1583 1584
1528 1584 1529
1529 1584 1585
1529 1585 1530
1530 1585 1586
1530 1586 1531
1531 1586 1532
1532 1586 1587
1532 1587 1533
1533 1587 1588
1533 1588 1534
1534 1588 1589
1534 1589 1535
1535 1589 1590
1535 1590 1536
1536 1590 1591
1536 1591 1537
1537 1591 1592
1537 1592 1538
1538 1592 1593
1538 1593 1539
1539 1593 1594
1539 1594 1540
1540 1594 1595
1540 1595 1541
1541 1595 1596
1541 1596 1542
1542 1596 1543
1543 1596 1597
1543 1597 1544
1544 1597 1598
1544 1598 1545
1545 1598 1599
1545 1599 1546
1546 1599 1600
1546 1600 1547
1547 1600 1601
1547 1601 1548
1548 1601 1602
1548 1602 1549
1549 1602 1603
1549 1603 1550
1550 1603 1604
1550 1604 1551
1551 1604 1605
1551 1605 1552
1552 1605 1606
1552 1606 1553
1553 1606 1554
1554 1606 1607
1554 1607 1555
1555 1607 1608
1555 1608 1556
1556 1608 1609
1556 1609 1557
1557 1609 1610
1557 1610 1558
1558 1610 1611
1558 1611 1559
1559 1611 1612
1559 1612 1560
1560 1612 1613
1560 1613 1561
1561 1613 1614
1561 1614 1562
1562 1614 1615
1562 1615 1563
1563 1615 1616
1563 1616 1564
1564 1616 1565
1565 1616 1617
1565 1617 1566
1566 1617 1618
1566 1618 1567
1567 1618 1619
1567 1619 1568
1568 1619 1620
1568 1620 1569
1569 1620 1621
1569 1621 1570
1570 1621 1622
1570 1622 1571
1571 1622 1623
1571 1623 1572
1572 1623 1624
1572 1624 1573
1573 1624 1625
1573 1625 1574
1574 1625 1626
1574 1626 1575
1575 1626 1520
1520 1626 1576
1576 1627 1577
1577 1627 1628
1577 1628 1578
1578 1628 1629
1578 1629 1579
1579 1629 1630
1579 1630 1580
1580 1630 1631
1580 1631 1581
1581 1631 1632
1581 1632 1582
1582 1632 1633
1582 1633 1583
1583 1633 1634
1583 1634 1584
1584 1634 1635
1584 1635 1585
1585 1635 1636
1585 1636 1586
1586 1636 1637
1586 1637 1587
1587 1637 1638
1587 1638 1588
1588 1638 1589
1589 1638 1639
1589 1639 1590
1590 1639 1640
1590 1640 1591
1591 1640 1641
1591 1641 1592
1592 1641 1642
1592 1642 1593
1593 1642 1643
1593 1643 1594
1594 1643 1644
1594 1644 1595
1595 1644 1645
1595 1645 1596
1596 1645 1646
1596 1646 1597
1597 1646 1647
1597 1647 1598
1598 1647 1648
1598 1648 1599
1599 1648 1649
1599 1649 1600
1600 1649 1650
1600 1650 1601
1601 1650 1602
1602 1650 1651
1602 1651 1603
1603 1651 1652
1603 1652 1604
1604 1652 1653
1604 1653 1605
1605 1653 1654
1605 1654 1606
1606 1654 1655
1606 1655 1607
1607 1655 1656
1607 1656 1608
1608 1656 1657
1608 1657 1609
1609 1657 1658
1609 1658 1610
1610 1658 1659
1610 1659 1611
1611 1659 1660
1611 1660 1612
1612 1660 1661
1612 1661 1613
1613 1661 1662
1613 1662 1614
1614 1662 1615
1615 1662 1663
1615 1663 1616
1616 1663 1664
1616 1664 1617
1617 1664 1665
1617 1665 1618
1618 1665 1666
1618 1666 1619
1619 1666 1667
1619 1667 1620
1620 1667 1668
1620 1668 1621
1621 1668 1669
1621 1669 1622
1622 1669 1670
1622 1670 1623
1623 1670 1671
1623 1671 1624
1624 1671 1672
1624 1672 1625
1625 1672 1673
1625 1673 1626
1626 1673 1576
1576 1673 1627
1627 1674 1628
1628 1674 1675
1628 1675 1629
1629 1675 1676
1629 1676 1630
1630 1676 1677
1630 1677 1631
1631 1677 1678
1631 1678 1632
1632 1678 1679
1632 1679 1633
1633 1679 1680
1633 1680 1634
1634 1680 1681
1634 1681 1635
1635 1681 1682
1635 1682 1636
1636 1682 1637
1637 1682 1683
1637 1683 1638
1638 1683 1684
1638 1684 1639
1639 1684 1685
1639 1685 1640
1640 1685 1686
1640 1686 1641
1641 1686 1687
1641 1687 1642
1642 1687 1688
1642 1688 1643
1643 1688 1689
1643 1689 1644
1644 1689 1690
1644 1690 1645
1645 1690 1646
1646 1690 1691
1646 1691 1647
1647 1691 1692
1647 1692 1648
1648 1692 1693
1648 1693 1649
1649 1693 1694
1649 1694 1650
1650 1694 1695
1650 1695 1651
1651 1695 1696
1651 1696 1652
1652 1696 1697
1652 1697 1653
1653 1697 1698
1653 1698 1654
1654 1698 1699
1654 1699 1655
1655 1699 1656
1656 1699 1700
1656 1700 1657
1657 1700 1701
1657 1701 1658
1658 1701 1702
1658 1702 1659
1659 1702 1703
1659 1703 1660
1660 1703 1704
1660 1704 1661
1661 1704 1705
1661 1705 1662
1662 1705 1706
1662 1706 1663
1663 1706 1707
1663 1707 1664
1664 1707 1665
1665 1707 1708
1665 1708 1666
1666 1708 1709
1666 1709 1667
1667 1709 1710
1667 1710 1668
1668 1710 1711
1668 1711 1669
1669 1711 1712
1669 1712 1670
1670 1712 1713
1670 1713 1671
1671 1713 1714
1671 1714 1672
1672 1714 1715
1672 1715 1673
1673 1715 1627
1627 1715 1674
1674 1716 1675
1675 1716 1717
1675 1717 1676
1676 1717 1718
1676 1718 1677
1677 1718 1719
1677 1719 1678
1678 1719 1720
1678 1720 1679
1679 1720 1721
1679 1721 1680
1680 1721 1722
1680 1722 1681
1681 1722 1682
1682 1722 1723
1682 1723 1683
1683 1723 1724
1683 1724 1684
1684 1724 1725
1684 1725 1685
1685 1725 1726
1685 1726 1686
1686 1726 1727
1686 1727 1687
1687 1727 1728
1687 1728 1688
1688 1728 1689
1689 1728 1729
1689 1729 1690
1690 1729 1730
1690 1730 1691
1691 1730 1731
1691 1731 1692
1692 1731 1732
1692 1732 1693
1693 1732 1733
1693 1733 1694
1694 1733 1695
1695 1733 1734
1695 1734 1696
1696 1734 1735
1696 1735 1697
1697 1735 1736
1697 1736 1698
1698 1736 1737
1698 1737 1699
1699 1737 1738
1699 1738 1700
1700 1738 1739
1700 1739 1701
1701 1739 1740
1701 1740 1702
1702 1740 1703
1703 1740 1741
1703 1741 1704
1704 1741 1742
1704 1742 1705
1705 1742 1743
1705 1743 1706
1706 1743 1744
1706 1744 1707
1707 1744 1745
1707 1745 1708
1708 1745 1709
1709 1745 1746
1709 1746 1710
1710 1746 1747
1710 1747 1711
1711 1747 1748
1711 1748 1712
1712 1748 1749
1712 1749 1713
1713 1749 1750
1713 1750 1714
1714 1750 1751
1714 1751 1715
1715 1751 1674
1674 1751 1716
1716 1752 1717
1717 1752 1753
1717 1753 1718
1718 1753 1754
1718 1754 1719
1719 1754 1755
1719 1755 1720
1720 1755 1756
1720 1756 1721
1721 1756 1757
1721 1757 1722
1722 1757 1758
1722 1758 1723
1723 1758 1724
1724 1758 1759
1724 1759 1725
1725 1759 1760
1725 1760 1726
1726 1760 1761
1726 1761 1727
1727 1761 1762
1727 1762 1728
1728 1762 1763
1728 1763 1729
1729 1763 1764
1729 1764 1730
1730 1764 1731
1731 1764 1765
1731 1765 1732
1732 1765 1766
1732 1766 1733
1733 1766 1767
1733 1767 1734
1734 1767 1768
1734 1768 1735
1735 1768 1769
1735 1769 1736
1736 1769 1770
1736 1770 1737
1737 1770 1738
1738 1770 1771
1738 1771 1739
1739 1771 1772
1739 1772 1740
1740 1772 1773
1740 1773 1741
1741 1773 1774
1741 1774 1742
1742 1774 1775
1742 1775 1743
1743 1775 1776
1743 1776 1744
1744 1776 1745
1745 1776 1777
1745 1777 1746
1746 1777 1778
1746 1778 1747
1747 1778 1779
1747 1779 1748
1748 1779 1780
1748 1780 1749
1749 1780 1781
1749 1781 1750
1750 1781 1782
1750 1782 1751
1751 1782 1716
1716 1782 1752
1752 1783 1753
1753 1783 1784
1753 1784 1754
1754 1784 1785
1754 1785 1755
1755 1785 1786
1755 1786 1756
1756 1786 1787
1756 1787 1757
1757 1787 1758
1758 1787 1788
1758 1788 1759
1759 1788 1789
1759 1789 1760
1760 1789 1790
1760 1790 1761
1761 1790 1791
1761 1791 1762
1762 1791 1763
1763 1791 1792
1763 1792 1764
1764 1792 1793
1764 1793 1765
1765 1793 1794
1765 1794 1766
1766 1794 1795
1766 1795 1767
1767 1795 1768
1768 1795 1796
1768 1796 1769
1769 1796 1797
1769 1797 1770
1770 1797 1798
1770 1798 1771
1771 1798 1799
1771 1799 1772
1772 1799 1773
1773 1799 1800
1773 1800 1774
1774 1800 1801
1774 1801 1775
1775 1801 1802
1775 1802 1776
1776 1802 1803
1776 1803 1777
1777 1803 1778
1778 1803 1804
1778 1804 1779
1779 1804 1805
1779 1805 1780
1780 1805 1806
1780 1806 1781
1781 1806 1807
1781 1807 1782
1782 1807 1752
1752 1807 1783
1783 1808 1784
1784 1808 1809
1784 1809 1785
1785 1809 1810
1785 1810 1786
1786 1810 1811
1786 1811 1787
1787 1811 1788
1788 1811 1812
1788 1812 1789
1789 1812 1813
1789 1813 1790
1790 1813 1814
1790 1814 1791
1791 1814 1792
1792 1814 1815
1792 1815 1793
1793 1815 1816
1793 1816 1794
1794 1816 1817
1794 1817 1795
1795 1817 1796
1796 1817 1818
1796 1818 1797
1797 1818 1819
1797 1819 1798
1798 1819 1820
1798 1820 1799
1799 1820 1800
1800 1820 1821
1800 1821 1801
1801 1821 1822
1801 1822 1802
1802 1822 1823
1802 1823 1803
1803 1823 1804
1804 1823 1824
1804 1824 1805
1805 1824 1825
1805 1825 1806
1806 1825 1826
1806 1826 1807
1807 1826 1808
1807 1808 1783
1808 1827 1809
1809 1827 1828
1809 1828 1810
1810 1828 1829
1810 1829 1811
1811 1829 1812
1812 1829 1830
1812 1830 1813
1813 1830 1831
1813 1831 1814
1814 1831 1815
1815 1831 1832
1815 1832 1816
1816 1832 1833
1816 1833 1817
1817 1833 1818
1818 1833 1834
1818 1834 1819
1819 1834 1835
1819 1835 1820
1820 1835 1821
1821 1835 1836
1821 1836 1822
1822 1836 1837
1822 1837 1823
1823 1837 1824
1824 1837 1838
1824 1838 1825
1825 1838 1839
1825 1839 1826
1826 1839 1808
1808 1839 1827
1827 1840 1828
1828 1840 1829
1829 1840 1841
1829 1841 1830
1830 1841 1831
1831 1841 1842
1831 1842 1832
1832 1842 1833
1833 1842 1843
1833 1843 1834
1834 1843 1835
1835 1843 1844
1835 1844 1836
1836 1844 1837
1837 1844 1845
1837 1845 1838
1838 1845 1839
1839 1845 1827
1827 1845 1840
1840 1846 1841
1841 1846 1842
1842 1846 1843
1843 1846 1844
1844 1846 1845
1845 1846 1840
