0.000000 0.000000 0.139347
0.011628 0.000000 0.141782
0.005871 0.010204 0.142352
-0.005800 0.010071 0.140448
-0.011379 0.000000 0.137852
-0.005585 -0.009696 0.135208
0.005633 -0.009812 0.136979
0.023662 0.000000 0.142895
0.021223 0.011141 0.143682
0.013564 0.019669 0.143261
0.002845 0.023456 0.141653
-0.008276 0.021833 0.139951
-0.017282 0.015289 0.138109
-0.022171 0.005448 0.136295
-0.021916 -0.005414 0.135672
-0.016610 -0.014751 0.133421
-0.007754 -0.020470 0.131247
0.002637 -0.021833 0.132035
0.012653 -0.018428 0.134422
0.020340 -0.010742 0.138800
0.035976 0.000000 0.142065
0.034471 0.011731 0.142294
0.028776 0.022397 0.143999
0.019640 0.030062 0.141800
0.008665 0.034218 0.139387
-0.002884 0.034800 0.137895
-0.013939 0.031778 0.137029
-0.023298 0.025079 0.134215
-0.030177 0.016331 0.135499
-0.033732 0.005629 0.135045
-0.033531 -0.005595 0.134241
-0.029526 -0.015979 0.132575
-0.022349 -0.024278 0.130309
-0.013049 -0.029748 0.128278
-0.002663 -0.032140 0.127351
0.007957 -0.031421 0.127995
0.018040 -0.027613 0.130248
0.026747 -0.020818 0.133844
0.033087 -0.011359 0.138142
0.048250 0.000000 0.140546
0.047379 0.012059 0.140862
0.043050 0.023667 0.143102
0.035410 0.033541 0.143101
0.025365 0.039968 0.137889
0.014313 0.044051 0.134920
0.002874 0.045678 0.133318
-0.008550 0.044820 0.132910
-0.019402 0.041231 0.132736
-0.028948 0.034992 0.132285
-0.036653 0.026630 0.131970
-0.042220 0.016716 0.132272
-0.045245 0.005716 0.132843
-0.045233 -0.005714 0.132806
-0.042038 -0.016644 0.131702
-0.036040 -0.026184 0.129763
-0.027908 -0.033736 0.127536
-0.018360 -0.039017 0.125606
-0.008007 -0.041973 0.124466
0.002680 -0.042600 0.124335
0.013281 -0.040874 0.125188
0.023361 -0.036811 0.126996
0.032467 -0.030489 0.129737
0.040076 -0.022032 0.133215
0.045565 -0.011699 0.137031
0.059983 0.000000 0.136747
0.059562 0.012131 0.136995
0.056193 0.023900 0.137787
0.049915 0.034742 0.138644
0.041041 0.043175 0.135803
0.030658 0.049186 0.132132
0.019642 0.053034 0.128930
0.008449 0.055154 0.127206
-0.002822 0.055651 0.127035
-0.014027 0.054175 0.127580
-0.024699 0.050353 0.127860
-0.034268 0.044271 0.127631
-0.042439 0.036433 0.127513
-0.049178 0.027296 0.128226
-0.054283 0.017031 0.129700
-0.057173 0.005814 0.131013
-0.057258 -0.005823 0.131209
-0.054584 -0.017288 0.132065
-0.049264 -0.027605 0.130084
-0.041901 -0.035971 0.125897
-0.033235 -0.042936 0.123782
-0.023577 -0.048065 0.122049
-0.013301 -0.051370 0.120974
-0.002680 -0.052852 0.120646
0.008031 -0.052427 0.120915
0.018534 -0.050043 0.121661
0.028534 -0.045778 0.122978
0.037771 -0.039735 0.124982
0.045935 -0.031972 0.127590
0.052639 -0.022589 0.130588
0.057468 -0.011810 0.133752
0.071113 0.000000 0.131405
0.071041 0.012527 0.133298
0.068239 0.024837 0.134187
0.062653 0.036173 0.133683
0.054451 0.045273 0.129766
0.044704 0.053277 0.128513
0.033804 0.058550 0.124927
0.022577 0.062030 0.121978
0.011325 0.064227 0.120512
0.000000 0.065297 0.120659
-0.011439 0.064875 0.121727
-0.022650 0.061645 0.120844
-0.033277 0.057638 0.122982
-0.042741 0.050937 0.122870
-0.051099 0.042877 0.123259
-0.058506 0.033778 0.124834
-0.064758 0.023570 0.127341
-0.069078 0.012180 0.129614
-0.070570 0.000000 0.130402
-0.069088 -0.012298 0.131278
-0.064696 -0.023774 0.128857
-0.058339 -0.034010 0.126099
-0.050439 -0.042324 0.121669
-0.041579 -0.049551 0.119527
-0.031853 -0.055171 0.117718
-0.021551 -0.059211 0.116435
-0.010888 -0.061751 0.115865
0.000000 -0.062718 0.115892
0.010920 -0.061933 0.116207
0.021603 -0.059354 0.116716
0.031837 -0.055143 0.117659
0.041490 -0.049446 0.119273
0.050357 -0.042255 0.121471
0.058088 -0.033537 0.123943
0.064317 -0.023409 0.126474
0.068754 -0.012123 0.129006
0.082219 0.000000 0.125846
0.082030 0.012364 0.126974
0.079541 0.024535 0.127406
0.074762 0.036003 0.127009
0.067668 0.045593 0.123403
0.059097 0.054313 0.121843
0.049302 0.061823 0.121033
0.038580 0.066823 0.118103
0.027591 0.070300 0.115592
0.016598 0.072721 0.114170
0.005572 0.074359 0.114134
-0.005624 0.075050 0.115195
-0.016954 0.074279 0.116616
-0.028010 0.070686 0.115861
-0.038567 0.066799 0.118061
-0.048154 0.060383 0.118213
-0.056965 0.052856 0.118943
-0.065284 0.044510 0.120939
-0.073093 0.035200 0.124175
-0.079737 0.024596 0.127721
-0.084087 0.012674 0.130159
-0.085196 0.000000 0.130402
-0.083141 -0.012651 0.130336
-0.078187 -0.024354 0.126874
-0.071588 -0.034817 0.123237
-0.063861 -0.043540 0.118303
-0.055549 -0.051542 0.115986
-0.046437 -0.058231 0.114000
-0.036644 -0.063469 0.112175
-0.026429 -0.067340 0.110725
-0.015986 -0.070038 0.109958
-0.005364 -0.071581 0.109870
0.005376 -0.071741 0.110115
0.016048 -0.070313 0.110390
0.026444 -0.067379 0.110790
0.036495 -0.063211 0.111720
0.046210 -0.057946 0.113443
0.055450 -0.051450 0.115779
0.063836 -0.043523 0.118257
0.070936 -0.034161 0.120510
0.076468 -0.023587 0.122485
0.080286 -0.012101 0.124275
0.094303 0.000000 0.121161
0.093587 0.012586 0.121324
0.090665 0.024836 0.120777
0.085741 0.036358 0.119655
0.079171 0.046893 0.118223
0.071015 0.055390 0.114348
0.062004 0.063478 0.113078
0.052129 0.070750 0.112909
0.041440 0.075618 0.110786
0.030470 0.079114 0.108925
0.019455 0.081639 0.107827
0.008398 0.083480 0.107796
-0.002828 0.084575 0.108723
-0.014256 0.084518 0.110122
-0.025691 0.082822 0.111411
-0.036774 0.079246 0.112243
-0.047210 0.073954 0.112726
-0.056987 0.067404 0.113404
-0.066382 0.060039 0.114997
-0.075707 0.051970 0.117982
-0.084881 0.042892 0.122188
-0.093388 0.032737 0.128618
-0.099438 0.020402 0.131990
-0.101731 0.006810 0.130996
-0.100331 -0.006716 0.129194
-0.096072 -0.019907 0.129221
-0.089175 -0.031583 0.124525
-0.081170 -0.041435 0.118449
-0.072869 -0.050022 0.113558
-0.064337 -0.058189 0.111454
-0.055067 -0.065134 0.109584
-0.045048 -0.070567 0.107564
-0.034586 -0.074531 0.105566
-0.024003 -0.077378 0.104089
-0.013393 -0.079401 0.103456
-0.002692 -0.080516 0.103504
0.008085 -0.080364 0.103772
0.018761 -0.078726 0.103980
0.029187 -0.075782 0.104337
0.039412 -0.071918 0.105365
0.049585 -0.067298 0.107399
0.059645 -0.061672 0.110230
0.069166 -0.054620 0.113232
0.077558 -0.045938 0.115814
0.084393 -0.035786 0.117773
0.089517 -0.024521 0.119249
0.092874 -0.012490 0.120399
0.108204 0.000000 0.117541
0.106713 0.013214 0.116807
0.102763 0.025846 0.115106
0.096818 0.037508 0.112789
0.089572 0.048099 0.110442
0.081539 0.057721 0.108522
0.072857 0.066418 0.107094
0.063420 0.074024 0.105888
0.053185 0.080264 0.104595
0.042332 0.085015 0.103166
0.031170 0.088453 0.101877
0.019918 0.090946 0.101135
0.008596 0.092761 0.101197
-0.002891 0.093846 0.101992
-0.014569 0.093858 0.103178
-0.026289 0.092396 0.104353
-0.037781 0.089262 0.105293
-0.048958 0.085635 0.107765
-0.059569 0.079670 0.108811
-0.069946 0.072860 0.110618
-0.080206 0.064542 0.111834
-0.090752 0.055887 0.115113
-0.101382 0.046643 0.121227
-0.111186 0.036042 0.129920
-0.117449 0.022265 0.132203
-0.119253 0.007355 0.129790
-0.117055 -0.007220 0.127398
-0.111789 -0.021310 0.126788
-0.103766 -0.033682 0.121511
-0.095120 -0.044670 0.116917
-0.086336 -0.054016 0.111865
-0.077525 -0.062384 0.108095
-0.068113 -0.069518 0.104811
-0.058088 -0.076921 0.104707
-0.047093 -0.081567 0.102313
-0.035835 -0.084664 0.099869
-0.024707 -0.086836 0.098073
-0.013739 -0.088506 0.097295
-0.002759 -0.089548 0.097322
0.008291 -0.089471 0.097608
0.019262 -0.087953 0.097807
0.030019 -0.085189 0.098117
0.040679 -0.081695 0.099138
0.051533 -0.077771 0.101346
0.062670 -0.073149 0.104636
0.073692 -0.067179 0.108322
0.083840 -0.059349 0.111584
0.092435 -0.049637 0.113972
0.099197 -0.038429 0.115560
0.104144 -0.026193 0.116654
0.107239 -0.013279 0.117383
0.124055 0.000000 0.114201
0.121987 0.013745 0.113007
0.117074 0.026721 0.110546
0.109939 0.038469 0.107223
0.101597 0.048927 0.103807
0.092923 0.058388 0.101027
0.084257 0.067193 0.099209
0.075415 0.075415 0.098181
0.066022 0.082789 0.097480
0.055878 0.088929 0.096684
0.045093 0.093637 0.095674
0.033959 0.097049 0.094651
0.022712 0.099507 0.093958
0.011413 0.101290 0.093834
0.000000 0.102413 0.094278
-0.011565 0.102642 0.095087
-0.023208 0.101679 0.096009
-0.034768 0.099362 0.096907
-0.046234 0.096967 0.099405
-0.057513 0.093378 0.102197
-0.068531 0.087683 0.103939
-0.079406 0.080218 0.104793
-0.090491 0.072164 0.106549
-0.101915 0.063684 0.109989
-0.113338 0.054285 0.114970
-0.124196 0.043881 0.122688
-0.131731 0.030067 0.124386
-0.135591 0.015197 0.124734
-0.135123 0.000000 0.123507
-0.130635 -0.014719 0.121019
-0.122987 -0.028071 0.116130
-0.114047 -0.039907 0.111229
-0.105404 -0.051303 0.109255
-0.096615 -0.060707 0.105041
-0.088012 -0.069785 0.102831
-0.078835 -0.078393 0.101862
-0.068474 -0.085388 0.100351
-0.056996 -0.089786 0.097277
-0.045278 -0.094021 0.096065
-0.033555 -0.095895 0.093526
-0.022219 -0.097349 0.091921
-0.011117 -0.098666 0.091403
0.000000 -0.099503 0.091599
0.011183 -0.099256 0.091950
0.022284 -0.097632 0.092188
0.033214 -0.094919 0.092574
0.044170 -0.091721 0.093716
0.055533 -0.088381 0.096088
0.067470 -0.084605 0.099618
0.079609 -0.079609 0.103641
0.091114 -0.072661 0.107282
0.101142 -0.063552 0.109962
0.108982 -0.051940 0.109809
0.115301 -0.039922 0.110867
0.120347 -0.027468 0.113637
0.123330 -0.013896 0.114252
0.141207 0.000000 0.109906
0.138609 0.014406 0.106841
0.133005 0.027953 0.104216
0.125038 0.040627 0.102329
0.115253 0.051314 0.098195
0.105281 0.060784 0.094620
0.095780 0.069588 0.092147
0.086680 0.078047 0.090784
0.077467 0.086036 0.090110
0.067648 0.093109 0.089578
0.057060 0.098831 0.088823
0.045892 0.103076 0.087819
0.034468 0.106080 0.086814
0.023006 0.108236 0.086126
0.011541 0.109802 0.085933
0.000000 0.110753 0.086202
-0.011651 0.110850 0.086754
-0.023352 0.109860 0.087418
-0.035002 0.107724 0.088160
-0.046687 0.105929 0.090556
-0.058398 0.103221 0.093399
-0.069867 0.097158 0.093798
-0.081683 0.091661 0.096337
-0.093739 0.085280 0.099544
-0.105692 0.076790 0.101683
-0.118039 0.068470 0.106751
-0.130281 0.059187 0.114007
-0.140357 0.046298 0.117183
-0.146737 0.030748 0.114575
-0.151065 0.015878 0.118227
-0.150823 0.000000 0.119009
-0.145998 -0.015507 0.115880
-0.137779 -0.029286 0.109634
-0.127992 -0.040872 0.102308
-0.118930 -0.052360 0.099790
-0.110524 -0.063811 0.099333
-0.101800 -0.073163 0.096513
-0.093060 -0.083314 0.096720
-0.083156 -0.092354 0.096727
-0.071747 -0.098751 0.095005
-0.059383 -0.102854 0.092439
-0.046794 -0.105101 0.089545
-0.034571 -0.106399 0.087076
-0.022867 -0.107581 0.085604
-0.011446 -0.108897 0.085225
0.000000 -0.109928 0.085560
0.011559 -0.109974 0.086068
0.023094 -0.108648 0.086453
0.034503 -0.106188 0.086903
0.045970 -0.103249 0.087967
0.057917 -0.100316 0.090158
0.070635 -0.097220 0.093533
0.083875 -0.093153 0.097563
0.096387 -0.085434 0.098861
0.108399 -0.078756 0.104287
0.118016 -0.068137 0.106066
0.125325 -0.055207 0.105259
0.131463 -0.042252 0.106018
0.136776 -0.029073 0.108835
0.140183 -0.014734 0.109710
0.158725 0.000000 0.103700
0.156316 0.015118 0.100105
0.150727 0.029438 0.097928
0.142089 0.042594 0.095444
0.131696 0.054550 0.093131
0.120483 0.064399 0.089254
0.109843 0.073395 0.086310
0.099957 0.082032 0.084481
0.090376 0.090376 0.083503
0.080470 0.098053 0.082872
0.069843 0.104528 0.082133
0.058509 0.109462 0.081090
0.046773 0.112920 0.079852
0.035072 0.116804 0.080020
0.023344 0.118558 0.079245
0.011657 0.118351 0.077697
0.000000 0.119160 0.077851
-0.011737 0.119172 0.078235
-0.023505 0.118169 0.078716
-0.035238 0.116164 0.079309
-0.047093 0.114865 0.081506
-0.058982 0.111492 0.082881
-0.071165 0.107617 0.084857
-0.083470 0.101708 0.085962
-0.096508 0.097522 0.090422
-0.109052 0.089496 0.092168
-0.121668 0.081296 0.095602
-0.134564 0.073456 0.102521
-0.146236 0.062513 0.107839
-0.154955 0.047514 0.107321
-0.160965 0.031667 0.105650
-0.165078 0.016341 0.109103
-0.164203 0.000000 0.107279
-0.160105 -0.015948 0.106728
-0.152029 -0.030240 0.101271
-0.142720 -0.043294 0.097440
-0.132607 -0.054280 0.092261
-0.123645 -0.066090 0.091597
-0.114752 -0.076675 0.090167
-0.105811 -0.086837 0.089430
-0.096113 -0.096113 0.088804
-0.084884 -0.102113 0.085935
-0.073050 -0.109326 0.085904
-0.060229 -0.112681 0.083475
-0.047405 -0.114446 0.080932
-0.035053 -0.115553 0.078892
-0.023229 -0.116782 0.077792
-0.011654 -0.118323 0.077678
0.000000 -0.119722 0.078218
0.011843 -0.120243 0.078938
0.023755 -0.119422 0.079551
0.035615 -0.117408 0.080158
0.047560 -0.114820 0.081197
0.059990 -0.112234 0.083144
0.073263 -0.109646 0.086155
0.087523 -0.107711 0.091326
0.101298 -0.101298 0.093594
0.114224 -0.093741 0.096540
0.125886 -0.085841 0.101611
0.133934 -0.071589 0.099219
0.141028 -0.058416 0.099730
0.147607 -0.045284 0.102326
0.152645 -0.030363 0.101682
0.156885 -0.015452 0.102994
0.177192 0.000000 0.099154
0.175276 0.016486 0.095273
0.169324 0.031522 0.090830
0.160437 0.045483 0.088018
0.149852 0.059006 0.087156
0.137713 0.069762 0.083543
0.125958 0.079439 0.080589
0.114988 0.088591 0.078555
0.104497 0.097394 0.077305
0.093858 0.105560 0.076442
0.082575 0.112541 0.075540
0.070541 0.117887 0.074347
0.058027 0.121535 0.072883
0.045570 0.125462 0.072564
0.033261 0.128662 0.072484
0.021030 0.128279 0.070600
0.008993 0.127654 0.069254
-0.003006 0.128209 0.069402
-0.015067 0.127939 0.069716
-0.027130 0.126665 0.070102
-0.039171 0.124517 0.070641
-0.051447 0.123432 0.072724
-0.063943 0.120444 0.074220
-0.076764 0.115618 0.075105
-0.090324 0.111719 0.077747
-0.104191 0.106663 0.080693
-0.117423 0.097932 0.081485
-0.130607 0.089667 0.084275
-0.143641 0.081441 0.089360
-0.154767 0.069059 0.091050
-0.164975 0.056181 0.094315
-0.172886 0.041292 0.096193
-0.178222 0.025388 0.098204
-0.179981 0.008548 0.099126
-0.177536 -0.008433 0.097808
-0.171447 -0.024580 0.095315
-0.162589 -0.039320 0.092030
-0.152613 -0.053272 0.090266
-0.141689 -0.065193 0.086934
-0.130642 -0.074975 0.082640
-0.120093 -0.083857 0.079267
-0.110043 -0.093318 0.078082
-0.099287 -0.100514 0.075743
-0.087976 -0.107413 0.074418
-0.075758 -0.112234 0.072498
-0.063351 -0.118104 0.072529
-0.050580 -0.120114 0.070531
-0.038203 -0.121441 0.068896
-0.026317 -0.122865 0.067999
-0.014687 -0.124715 0.067959
-0.002971 -0.126701 0.068586
0.009026 -0.128124 0.069509
0.021257 -0.128365 0.070414
0.033579 -0.127307 0.071251
0.046010 -0.125395 0.072285
0.058853 -0.123264 0.073921
0.072515 -0.121185 0.076427
0.087366 -0.120255 0.080972
0.102024 -0.114121 0.082500
0.116668 -0.108738 0.086309
0.130189 -0.102353 0.091342
0.141084 -0.091817 0.094099
0.148988 -0.077166 0.093108
0.156462 -0.063774 0.095346
0.163057 -0.048840 0.096430
0.168906 -0.032851 0.096210
0.174256 -0.016798 0.097962
0.196181 0.000000 0.092543
0.194496 0.017859 0.088058
0.189065 0.034310 0.084286
0.180007 0.049029 0.080436
0.169323 0.063548 0.079331
0.157292 0.076691 0.077884
0.144709 0.087506 0.075161
0.133083 0.098943 0.074434
0.121117 0.107003 0.071611
0.109507 0.115766 0.070505
0.097347 0.123336 0.069429
0.084442 0.129217 0.068133
0.070773 0.131518 0.065511
0.057204 0.133836 0.063844
0.044144 0.138556 0.064303
0.031115 0.137679 0.062142
0.018522 0.136732 0.060524
0.006172 0.137434 0.060345
-0.006200 0.139438 0.061417
-0.018572 0.137106 0.060689
-0.030944 0.135574 0.060997
-0.043318 0.133318 0.061488
-0.055886 0.130752 0.062372
-0.068966 0.128161 0.063839
-0.082814 0.125457 0.065939
-0.097420 0.122160 0.068537
-0.112113 0.116035 0.070177
-0.126745 0.108914 0.072217
-0.140882 0.100632 0.074675
-0.154735 0.092450 0.079065
-0.165958 0.078473 0.078830
-0.176590 0.065024 0.080625
-0.186468 0.051462 0.084850
-0.194409 0.036192 0.089737
-0.197378 0.018001 0.088518
-0.198151 0.000000 0.090952
-0.193301 -0.017751 0.087538
-0.185109 -0.034049 0.084083
-0.174380 -0.048777 0.080845
-0.162414 -0.062582 0.078927
-0.148782 -0.072596 0.073768
-0.135416 -0.080908 0.069194
-0.123099 -0.089436 0.066743
-0.110949 -0.095454 0.063267
-0.099446 -0.102088 0.061524
-0.087941 -0.108293 0.060357
-0.076102 -0.113263 0.059152
-0.064259 -0.119414 0.059482
-0.051967 -0.120848 0.057524
-0.040048 -0.122513 0.056384
-0.028556 -0.125111 0.056290
-0.017229 -0.127193 0.056302
-0.005822 -0.129631 0.056919
0.005923 -0.131897 0.057914
0.017999 -0.131179 0.057819
0.030407 -0.131859 0.059126
0.043161 -0.132835 0.061265
0.056233 -0.131565 0.062760
0.070272 -0.131904 0.065915
0.085436 -0.132012 0.069816
0.100987 -0.127892 0.071975
0.116883 -0.123470 0.075161
0.132503 -0.119279 0.080258
0.145692 -0.110042 0.083128
0.156710 -0.098822 0.086006
0.165185 -0.084249 0.086851
0.173154 -0.069857 0.089462
0.180414 -0.053694 0.091007
0.186963 -0.036213 0.091160
0.193412 -0.018706 0.094036
0.214419 0.000000 0.078424
0.214214 0.019592 0.078538
0.208263 0.037239 0.074028
0.199910 0.054323 0.072442
0.188608 0.069576 0.070186
0.176859 0.085645 0.070515
0.162937 0.096380 0.066739
0.150289 0.108907 0.065941
0.137450 0.119157 0.064320
0.124227 0.126848 0.061996
0.110648 0.133203 0.059883
0.096758 0.139543 0.058657
0.082050 0.142114 0.056335
0.067414 0.144569 0.054761
0.053161 0.147463 0.054031
0.039241 0.147860 0.052708
0.025796 0.146294 0.050998
0.012827 0.146617 0.050526
0.000000 0.148626 0.051177
-0.012843 0.148226 0.051234
-0.025591 0.145136 0.050594
-0.038339 0.143084 0.050854
-0.051178 0.140611 0.051370
-0.064424 0.138157 0.052333
-0.078458 0.135893 0.053869
-0.093773 0.135289 0.056881
-0.109426 0.130409 0.058443
-0.125759 0.125759 0.061056
-0.142294 0.120663 0.064659
-0.157695 0.111630 0.067047
-0.172865 0.102659 0.071135
-0.184670 0.086113 0.069951
-0.196567 0.071544 0.071812
-0.206411 0.054897 0.072616
-0.213465 0.036805 0.072140
-0.218683 0.018978 0.074517
-0.220223 0.000000 0.077183
-0.216766 -0.019532 0.077822
-0.207411 -0.037114 0.073801
-0.196094 -0.054441 0.073217
-0.181080 -0.068240 0.069431
-0.163889 -0.077489 0.063293
-0.146906 -0.084816 0.058235
-0.131147 -0.091830 0.054963
-0.116590 -0.097831 0.052249
-0.103293 -0.103293 0.050149
-0.090953 -0.108393 0.048576
-0.079228 -0.113787 0.047789
-0.067640 -0.118578 0.047218
-0.055802 -0.119668 0.045329
-0.044102 -0.118935 0.043148
-0.033023 -0.122453 0.043417
-0.022109 -0.125384 0.043708
-0.011185 -0.127848 0.044058
0.000000 -0.130681 0.044863
0.011701 -0.135187 0.046759
0.023857 -0.135298 0.047164
0.036507 -0.136247 0.048424
0.049783 -0.138197 0.050659
0.063662 -0.137930 0.052420
0.078817 -0.139292 0.055570
0.095288 -0.140178 0.059288
0.111801 -0.134575 0.060495
0.129494 -0.132744 0.064934
0.146909 -0.130199 0.070690
0.161349 -0.120236 0.073356
0.173147 -0.106832 0.074930
0.182913 -0.091618 0.076244
0.191376 -0.075100 0.077439
0.199455 -0.057998 0.079322
0.206916 -0.039739 0.081202
0.211622 -0.019650 0.079260
0.232116 0.000000 0.058780
0.230677 0.019633 0.058626
0.225440 0.038656 0.057922
0.216670 0.056417 0.056698
0.205863 0.073803 0.056411
0.193844 0.091174 0.056854
0.179050 0.102553 0.053712
0.164853 0.114061 0.051986
0.151330 0.126262 0.051432
0.137799 0.137599 0.050997
0.122876 0.142416 0.048332
0.108323 0.149291 0.047290
0.092726 0.150597 0.044786
0.077467 0.153647 0.043574
0.062466 0.156902 0.042938
0.047680 0.157146 0.041735
0.033496 0.156884 0.040756
0.019801 0.154633 0.039478
0.006553 0.154261 0.039099
-0.006525 0.153614 0.038935
-0.019512 0.152368 0.038900
-0.032415 0.150405 0.038962
-0.045305 0.147937 0.039180
-0.058424 0.145394 0.039680
-0.072165 0.143131 0.040592
-0.086908 0.141148 0.041976
-0.103106 0.140838 0.044502
-0.119640 0.135938 0.045858
-0.137348 0.133018 0.048840
-0.154597 0.126176 0.051033
-0.171348 0.117117 0.053153
-0.188362 0.108346 0.056792
-0.202090 0.091350 0.056162
-0.215167 0.074400 0.056119
-0.226049 0.055794 0.054941
-0.237082 0.039312 0.058140
-0.244048 0.020381 0.060399
-0.246222 0.000000 0.061953
-0.240283 -0.019618 0.057580
-0.231998 -0.038768 0.057485
-0.219637 -0.057189 0.057474
-0.204904 -0.076139 0.058991
-0.183627 -0.084201 0.052055
-0.162825 -0.090959 0.047230
-0.143167 -0.096764 0.043759
-0.125021 -0.100948 0.040692
-0.109229 -0.106133 0.039060
-0.095020 -0.109436 0.037122
-0.082326 -0.112803 0.035721
-0.070529 -0.116050 0.034692
-0.058967 -0.116953 0.033168
-0.047824 -0.119015 0.032481
-0.036911 -0.120526 0.031920
-0.026284 -0.121959 0.031593
-0.015860 -0.123850 0.031619
-0.005372 -0.126464 0.032054
0.005506 -0.129622 0.032854
0.017056 -0.134702 0.034528
0.029193 -0.135458 0.035090
0.042179 -0.139224 0.037007
0.055673 -0.138547 0.037811
0.070285 -0.139402 0.039534
0.086461 -0.141871 0.042329
0.103872 -0.141870 0.044826
0.122034 -0.138658 0.046775
0.141648 -0.138501 0.050993
0.160470 -0.134250 0.054691
0.176863 -0.124077 0.056750
0.190640 -0.110231 0.057866
0.202098 -0.094280 0.058582
0.211645 -0.076898 0.059049
0.219611 -0.058484 0.059296
0.225251 -0.038623 0.057874
0.229191 -0.019154 0.056726
0.252500 0.000000 0.042135
0.248742 0.020887 0.041654
0.241654 0.040873 0.040898
0.230402 0.057822 0.038417
0.219339 0.076940 0.039152
0.206868 0.096053 0.040005
0.190734 0.107602 0.037605
0.174522 0.117361 0.035532
0.159151 0.127574 0.034398
0.145439 0.142366 0.035148
0.130020 0.148773 0.033706
0.114633 0.153951 0.032435
0.099067 0.157574 0.031228
0.083315 0.159366 0.030008
0.067979 0.163197 0.029619
0.052663 0.163572 0.028777
0.037872 0.162965 0.028008
0.023619 0.159949 0.026980
0.009986 0.158730 0.026540
-0.003296 0.157337 0.026261
-0.016352 0.155577 0.026104
-0.029247 0.153317 0.026045
-0.042067 0.150665 0.026103
-0.055024 0.147955 0.026341
-0.068484 0.145537 0.026840
-0.082855 0.143508 0.027652
-0.098395 0.141572 0.028770
-0.115080 0.139108 0.030127
-0.132613 0.135420 0.031628
-0.150604 0.129998 0.033199
-0.168773 0.122621 0.034812
-0.187032 0.113270 0.036487
-0.204952 0.101015 0.037820
-0.223451 0.088471 0.040104
-0.242033 0.074766 0.043517
-0.258264 0.057238 0.046648
-0.273969 0.038472 0.053244
-0.276067 0.012154 0.049377
-0.272914 -0.011438 0.045581
-0.264809 -0.032472 0.042718
-0.256019 -0.055786 0.045191
-0.242017 -0.078749 0.046679
-0.220184 -0.092874 0.043047
-0.194989 -0.099506 0.037720
-0.170621 -0.104753 0.033917
-0.147317 -0.107032 0.030386
-0.126588 -0.109268 0.027905
-0.108460 -0.110756 0.025868
-0.092891 -0.112286 0.024318
-0.079335 -0.114148 0.023197
-0.067051 -0.116136 0.022378
-0.055441 -0.117817 0.021728
-0.044356 -0.120850 0.021631
-0.033375 -0.119536 0.020710
-0.022934 -0.120225 0.020424
-0.012781 -0.121608 0.020405
-0.002599 -0.124052 0.020705
0.008018 -0.127436 0.021307
0.019377 -0.131223 0.022135
0.031611 -0.134774 0.023100
0.044739 -0.137692 0.024159
0.058661 -0.138019 0.024890
0.073916 -0.139873 0.026244
0.090980 -0.143361 0.028334
0.109585 -0.144373 0.030246
0.129175 -0.141217 0.031557
0.150898 -0.141702 0.034542
0.172960 -0.139880 0.037799
0.192803 -0.130823 0.039692
0.209700 -0.116606 0.040529
0.224454 -0.101202 0.041686
0.234256 -0.080110 0.040391
0.241114 -0.058652 0.038522
0.246760 -0.039181 0.038107
0.250569 -0.020061 0.039073
0.268596 0.000000 0.020369
0.262297 0.020677 0.020110
0.253214 0.040577 0.019991
0.240582 0.057680 0.018979
0.227916 0.076129 0.019211
0.213743 0.093757 0.019340
0.198107 0.109325 0.019163
0.180070 0.117646 0.017823
0.163298 0.127100 0.017147
0.148099 0.139328 0.017163
0.132954 0.148930 0.016931
0.117461 0.153919 0.016258
0.102456 0.159828 0.015908
0.086768 0.160333 0.015106
0.071484 0.162966 0.014746
0.056386 0.165760 0.014561
0.041422 0.165091 0.014150
0.026947 0.161487 0.013566
0.013210 0.159420 0.013255
0.000000 0.157169 0.013023
-0.012824 0.154757 0.012867
-0.025383 0.152114 0.012779
-0.037799 0.149264 0.012759
-0.050257 0.146392 0.012825
-0.063054 0.143748 0.013007
-0.076549 0.141451 0.013327
-0.091031 0.139333 0.013791
-0.106600 0.136960 0.014381
-0.123167 0.133795 0.015069
-0.140577 0.129410 0.015833
-0.157988 0.120646 0.016169
-0.176993 0.113346 0.017052
-0.195480 0.100304 0.017129
-0.217174 0.091690 0.018652
-0.241041 0.083353 0.021328
-0.263610 0.069757 0.023927
-0.283239 0.051182 0.026542
-0.295344 0.026530 0.027470
-0.297069 0.000000 0.025509
-0.293905 -0.024354 0.024437
-0.289119 -0.050589 0.025892
-0.274096 -0.072291 0.024734
-0.253618 -0.089635 0.023092
-0.231013 -0.105447 0.022033
-0.204599 -0.113593 0.019945
-0.177947 -0.117742 0.017916
-0.152528 -0.118717 0.016016
-0.129274 -0.116608 0.014157
-0.109614 -0.116642 0.013032
-0.092753 -0.116715 0.012154
-0.078140 -0.117132 0.011496
-0.065341 -0.120739 0.011376
-0.053082 -0.121015 0.010950
-0.041456 -0.120758 0.010580
-0.030433 -0.120175 0.010272
-0.020005 -0.119884 0.010071
-0.009994 -0.120604 0.010028
0.000000 -0.122753 0.010172
0.010458 -0.126212 0.010494
0.021757 -0.130383 0.010953
0.034065 -0.134519 0.011498
0.047407 -0.138091 0.012098
0.061839 -0.140979 0.012756
0.077366 -0.141411 0.013275
0.095070 -0.145515 0.014403
0.114620 -0.147263 0.015463
0.135231 -0.143118 0.015991
0.158840 -0.143970 0.017534
0.183840 -0.143738 0.019416
0.207140 -0.135965 0.020625
0.226712 -0.120598 0.020894
0.245271 -0.106872 0.022003
0.257845 -0.086584 0.021942
0.262311 -0.060230 0.019601
0.264885 -0.037813 0.017707
0.266250 -0.018582 0.016831
0.281426 0.000000 0.000000
0.275911 0.023282 -0.000000
0.263046 0.043221 -0.000000
0.247930 0.059942 0.000000
0.231941 0.075231 0.000000
0.216620 0.092764 0.000000
0.199709 0.108077 -0.000000
0.181082 0.118307 0.000000
0.163366 0.128667 0.000000
0.146514 0.137919 -0.000000
0.129966 0.142706 -0.000000
0.114857 0.149094 -0.000000
0.100210 0.154908 0.000000
0.085290 0.157602 -0.000000
0.070429 0.160563 -0.000000
0.055614 0.163530 -0.000000
0.040811 0.162693 0.000000
0.026461 0.158571 0.000000
0.012909 0.155785 0.000000
0.000000 0.152799 0.000000
-0.012414 0.149811 0.000000
-0.024502 0.146831 0.000000
-0.036427 0.143845 0.000000
-0.048375 0.140913 0.000000
-0.060591 0.138134 0.000000
-0.073342 0.135524 0.000000
-0.086841 0.132920 -0.000000
-0.101498 0.131980 0.000000
-0.116767 0.128413 0.000000
-0.133003 0.124001 0.000000
-0.150002 0.116751 -0.000000
-0.169132 0.110499 -0.000000
-0.188840 0.098807 0.000000
-0.211333 0.088597 -0.000000
-0.237908 0.081674 0.000000
-0.262773 0.067839 0.000000
-0.282268 0.047102 0.000000
-0.297725 0.024670 0.000000
-0.303196 0.000000 0.000000
-0.302509 -0.023550 0.000000
-0.298270 -0.048315 0.000000
-0.284189 -0.069060 0.000000
-0.266105 -0.088132 -0.000000
-0.246092 -0.107946 -0.000000
-0.220356 -0.119251 -0.000000
-0.193310 -0.126296 -0.000000
-0.166570 -0.129647 0.000000
-0.140881 -0.127319 0.000000
-0.118131 -0.123502 0.000000
-0.099005 -0.122321 -0.000000
-0.082611 -0.122389 0.000000
-0.068253 -0.124137 0.000000
-0.054822 -0.122490 -0.000000
-0.042535 -0.123016 0.000000
-0.030892 -0.120364 0.000000
-0.020184 -0.120954 0.000000
-0.009999 -0.120669 0.000000
0.000000 -0.122050 0.000000
0.010365 -0.125083 0.000000
0.021558 -0.129188 0.000000
0.033810 -0.133514 0.000000
0.047153 -0.137353 0.000000
0.061782 -0.142424 0.000000
0.077570 -0.144898 0.000000
0.095096 -0.147101 -0.000000
0.115244 -0.151116 -0.000000
0.136891 -0.148703 0.000000
0.160869 -0.145820 -0.000000
0.187032 -0.143357 -0.000000
0.213966 -0.139031 -0.000000
0.236339 -0.123738 -0.000000
0.258444 -0.111364 -0.000000
0.273592 -0.091413 -0.000000
0.280624 -0.066357 0.000000
0.279297 -0.039267 0.000000
0.281024 -0.019783 0.000000
0.293515 0.000000 -0.027265
0.287828 0.027661 -0.029605
0.269694 0.047546 -0.024512
0.250532 0.061531 -0.020505
0.233726 0.076818 -0.019273
0.216256 0.091280 -0.018565
0.198512 0.105982 -0.018364
0.179548 0.117305 -0.017772
0.160816 0.126666 -0.017157
0.142266 0.130965 -0.016023
0.125810 0.136666 -0.015392
0.110719 0.142252 -0.014937
0.096412 0.147569 -0.014606
0.082272 0.152026 -0.014324
0.067956 0.154924 -0.014018
0.053654 0.157821 -0.013868
0.039436 0.158809 -0.013657
0.025509 0.154417 -0.013014
0.012371 0.149299 -0.012414
0.000000 0.146020 -0.012100
-0.011840 0.142885 -0.011880
-0.023350 0.139930 -0.011755
-0.034712 0.137073 -0.011717
-0.046085 0.134240 -0.011761
-0.057629 0.131380 -0.011888
-0.069496 0.128417 -0.012099
-0.081794 0.125194 -0.012392
-0.094587 0.121525 -0.012761
-0.107979 0.117296 -0.013211
-0.122259 0.112547 -0.013770
-0.137999 0.107409 -0.014490
-0.156493 0.103788 -0.015821
-0.176783 0.095670 -0.016656
-0.199733 0.086148 -0.017645
-0.226106 0.077622 -0.019809
-0.252843 0.065269 -0.022203
-0.274093 0.045196 -0.022642
-0.292011 0.023884 -0.023843
-0.301376 0.000000 -0.023751
-0.304887 -0.024442 -0.024259
-0.300490 -0.048391 -0.024100
-0.288526 -0.069590 -0.023159
-0.273274 -0.090533 -0.022874
-0.254709 -0.111031 -0.022865
-0.228813 -0.121015 -0.020933
-0.202631 -0.130220 -0.019635
-0.176037 -0.136226 -0.018346
-0.149362 -0.135198 -0.016453
-0.125544 -0.134028 -0.015009
-0.104606 -0.132012 -0.013776
-0.086610 -0.131002 -0.012911
-0.070920 -0.131049 -0.012347
-0.056525 -0.127997 -0.011552
-0.043533 -0.126808 -0.011110
-0.031483 -0.124324 -0.010627
-0.020382 -0.122143 -0.010261
-0.010028 -0.121023 -0.010063
0.000000 -0.121564 -0.010073
0.010263 -0.123857 -0.010298
0.021260 -0.127406 -0.010703
0.033263 -0.131352 -0.011228
0.046308 -0.134890 -0.011818
0.060725 -0.141579 -0.012909
0.076024 -0.143592 -0.013629
0.093047 -0.146274 -0.014605
0.112535 -0.149911 -0.015920
0.133551 -0.146571 -0.016559
0.157838 -0.145300 -0.017777
0.185415 -0.145737 -0.019715
0.214794 -0.144454 -0.022053
0.237994 -0.126763 -0.021977
0.263507 -0.116832 -0.024167
0.282673 -0.099369 -0.025517
0.290235 -0.072351 -0.024312
0.290162 -0.044826 -0.021987
0.292284 -0.023347 -0.023092
0.293541 0.000000 -0.058335
0.282908 0.026883 -0.056028
0.265481 0.047317 -0.048273
0.247409 0.062955 -0.042101
0.230523 0.078429 -0.039463
0.211985 0.091090 -0.036907
0.193858 0.105214 -0.036285
0.175026 0.117695 -0.035632
0.154774 0.122672 -0.032956
0.136388 0.128077 -0.031221
0.119690 0.132929 -0.029849
0.104484 0.137652 -0.028838
0.090183 0.142105 -0.028085
0.076175 0.145709 -0.027437
0.062131 0.147803 -0.026755
0.048239 0.149986 -0.026402
0.034475 0.148512 -0.025541
0.021254 0.143934 -0.024279
0.008862 0.140853 -0.023551
-0.002887 0.137835 -0.023006
-0.014198 0.135085 -0.022666
-0.025283 0.132538 -0.022515
-0.036299 0.130008 -0.022524
-0.047348 0.127316 -0.022667
-0.058498 0.124314 -0.022926
-0.069782 0.120866 -0.023289
-0.081208 0.116844 -0.023744
-0.092820 0.112200 -0.024299
-0.104831 0.107050 -0.025002
-0.117778 0.101663 -0.025963
-0.132531 0.096290 -0.027336
-0.150062 0.090881 -0.029275
-0.170981 0.084875 -0.031854
-0.195038 0.077221 -0.035004
-0.222565 0.069540 -0.040723
-0.251239 0.058190 -0.048276
-0.272967 0.037048 -0.050653
-0.287284 0.012489 -0.050414
-0.298904 -0.013282 -0.053917
-0.297875 -0.038498 -0.051604
-0.294392 -0.065084 -0.052803
-0.277888 -0.082886 -0.047696
-0.263239 -0.105662 -0.048070
-0.242970 -0.124300 -0.047017
-0.216907 -0.133969 -0.043382
-0.188609 -0.137033 -0.038903
-0.162095 -0.141327 -0.036199
-0.136458 -0.140799 -0.032990
-0.113098 -0.136712 -0.029608
-0.093157 -0.134035 -0.027238
-0.075941 -0.131534 -0.025345
-0.061010 -0.131203 -0.024302
-0.047358 -0.128905 -0.023055
-0.034851 -0.126396 -0.022005
-0.023262 -0.121942 -0.020715
-0.012617 -0.120041 -0.020142
-0.002502 -0.119423 -0.019933
0.007577 -0.120441 -0.020138
0.018145 -0.122881 -0.020728
0.029650 -0.127986 -0.022041
0.041930 -0.129048 -0.022643
0.055363 -0.133255 -0.024223
0.069806 -0.136602 -0.025928
0.085331 -0.137504 -0.027385
0.102891 -0.139313 -0.029451
0.122588 -0.138365 -0.031231
0.145017 -0.136180 -0.033196
0.171377 -0.137168 -0.036956
0.200053 -0.136274 -0.041378
0.226905 -0.126655 -0.044051
0.250801 -0.112206 -0.046093
0.275388 -0.101370 -0.052182
0.287981 -0.077704 -0.052845
0.291876 -0.050801 -0.051265
0.291633 -0.025316 -0.051037
0.275740 0.000000 -0.078136
0.267280 0.024629 -0.075494
0.253852 0.045449 -0.069107
0.237528 0.061372 -0.061514
0.222522 0.078054 -0.059188
0.204626 0.090430 -0.055175
0.186873 0.103714 -0.053737
0.168283 0.115052 -0.052224
0.148972 0.121647 -0.049216
0.130359 0.124939 -0.045725
0.113700 0.129188 -0.043581
0.098398 0.133043 -0.041905
0.083989 0.136407 -0.040566
0.070002 0.138841 -0.039375
0.056215 0.139897 -0.038180
0.042702 0.139438 -0.036929
0.029687 0.137746 -0.035683
0.017337 0.135389 -0.034565
0.005647 0.132930 -0.033693
-0.005552 0.130693 -0.033126
-0.016479 0.128686 -0.032854
-0.027308 0.126708 -0.032824
-0.038129 0.124504 -0.032974
-0.048970 0.121866 -0.033259
-0.059821 0.118648 -0.033649
-0.070649 0.114741 -0.034123
-0.081421 0.110088 -0.034674
-0.092202 0.104761 -0.035341
-0.103308 0.099013 -0.036236
-0.115418 0.093193 -0.037566
-0.129501 0.087527 -0.039582
-0.146487 0.081833 -0.042491
-0.166770 0.075385 -0.046346
-0.190435 0.068366 -0.052324
-0.216953 0.060084 -0.061871
-0.243811 0.047033 -0.073520
-0.261140 0.024125 -0.074099
-0.275357 0.000000 -0.078051
-0.280282 -0.025351 -0.077094
-0.278620 -0.049908 -0.075719
-0.270455 -0.072474 -0.073411
-0.256571 -0.092120 -0.070326
-0.239401 -0.110956 -0.068668
-0.217797 -0.125826 -0.065922
-0.190958 -0.130328 -0.059097
-0.164686 -0.134299 -0.054292
-0.139674 -0.137307 -0.050641
-0.115553 -0.132713 -0.044927
-0.095049 -0.129968 -0.041094
-0.077321 -0.125578 -0.037345
-0.062312 -0.123589 -0.035050
-0.049290 -0.125692 -0.034621
-0.036922 -0.122087 -0.032493
-0.025478 -0.118219 -0.030624
-0.014888 -0.116263 -0.029682
-0.004882 -0.114934 -0.029132
0.004876 -0.114783 -0.029093
0.014848 -0.115950 -0.029602
0.025517 -0.119935 -0.031229
0.036849 -0.120324 -0.031867
0.048974 -0.121052 -0.032950
0.061711 -0.120078 -0.033807
0.075821 -0.123141 -0.036621
0.090860 -0.122052 -0.038352
0.107798 -0.120261 -0.040306
0.127782 -0.120304 -0.043761
0.150043 -0.117126 -0.046690
0.175059 -0.114325 -0.051145
0.200795 -0.108415 -0.055719
0.226944 -0.101976 -0.062587
0.246559 -0.085579 -0.064721
0.265265 -0.071148 -0.072105
0.275792 -0.050059 -0.076258
0.278282 -0.025357 -0.077305
0.251586 0.000000 -0.092258
0.246466 0.022817 -0.091505
0.236258 0.043255 -0.086561
0.222385 0.059588 -0.079038
0.208678 0.075953 -0.076237
0.192125 0.088305 -0.071395
0.175513 0.101332 -0.069575
0.157758 0.111674 -0.067074
0.139489 0.118315 -0.063410
0.121630 0.121630 -0.059051
0.105297 0.125488 -0.056237
0.090002 0.128536 -0.053869
0.075474 0.130725 -0.051821
0.061482 0.131848 -0.049943
0.047975 0.131810 -0.048154
0.035048 0.130800 -0.046488
0.022791 0.129254 -0.045057
0.011167 0.127636 -0.043985
0.000000 0.126213 -0.043329
-0.010932 0.124950 -0.043059
-0.021794 0.123600 -0.043087
-0.032656 0.121875 -0.043316
-0.043522 0.119575 -0.043684
-0.054375 0.116608 -0.044170
-0.065198 0.112927 -0.044765
-0.075968 0.108494 -0.045469
-0.086699 0.103324 -0.046304
-0.097561 0.097561 -0.047366
-0.109016 0.091476 -0.048855
-0.121826 0.085303 -0.051056
-0.136826 0.078997 -0.054239
-0.154499 0.072044 -0.058523
-0.174532 0.063524 -0.063762
-0.196301 0.053358 -0.071173
-0.218040 0.040066 -0.080409
-0.236073 0.021778 -0.087345
-0.247359 0.000000 -0.089375
-0.253300 -0.022989 -0.091573
-0.252764 -0.046133 -0.092125
-0.245130 -0.067129 -0.089593
-0.230278 -0.082892 -0.082942
-0.212847 -0.098004 -0.079325
-0.192232 -0.110985 -0.076203
-0.168103 -0.117707 -0.070451
-0.143181 -0.120143 -0.064166
-0.119380 -0.119380 -0.057959
-0.098295 -0.117765 -0.052875
-0.080021 -0.113518 -0.047454
-0.064799 -0.110029 -0.043273
-0.051966 -0.109203 -0.041025
-0.040603 -0.111557 -0.040755
-0.029719 -0.110913 -0.039420
-0.019348 -0.109728 -0.038251
-0.009471 -0.108259 -0.037307
0.000000 -0.107134 -0.036779
0.009355 -0.106925 -0.036848
0.019004 -0.107778 -0.037571
0.029287 -0.109300 -0.038846
0.040175 -0.108567 -0.039392
0.051804 -0.108854 -0.040891
0.064097 -0.108809 -0.042785
0.077291 -0.108643 -0.045247
0.091998 -0.108888 -0.048669
0.108344 -0.106276 -0.051224
0.128246 -0.107611 -0.057473
0.149520 -0.102806 -0.061147
0.171946 -0.095358 -0.064597
0.196204 -0.089895 -0.072617
0.218775 -0.080528 -0.081107
0.235131 -0.063737 -0.084836
0.246489 -0.044514 -0.088642
0.250881 -0.022502 -0.089324
0.225955 0.000000 -0.105236
0.222469 0.020960 -0.104050
0.213953 0.039732 -0.098326
0.202750 0.055955 -0.092259
0.190626 0.071543 -0.089311
0.175892 0.083555 -0.084099
0.161035 0.096214 -0.082284
0.145065 0.106509 -0.079750
0.128400 0.113356 -0.075827
0.111741 0.116871 -0.070925
0.096081 0.120481 -0.067595
0.081112 0.122880 -0.064584
0.066814 0.124161 -0.061847
0.053191 0.124447 -0.059365
0.040291 0.124002 -0.057192
0.028126 0.123226 -0.055442
0.016593 0.122496 -0.054223
0.005478 0.121974 -0.053557
-0.005458 0.121527 -0.053360
-0.016367 0.120825 -0.053483
-0.027286 0.119546 -0.053786
-0.038189 0.117535 -0.054209
-0.049077 0.114821 -0.054773
-0.060001 0.111501 -0.055541
-0.071033 0.107611 -0.056559
-0.082222 0.103103 -0.057845
-0.093627 0.097926 -0.059428
-0.105429 0.092111 -0.061409
-0.118013 0.085741 -0.063985
-0.131884 0.078797 -0.067389
-0.147392 0.070980 -0.071758
-0.164364 0.061687 -0.077007
-0.181895 0.050200 -0.082769
-0.199082 0.036583 -0.090269
-0.213595 0.019694 -0.097154
-0.223086 0.000000 -0.100926
-0.227935 -0.021213 -0.104878
-0.226218 -0.042397 -0.105153
-0.218023 -0.061441 -0.101926
-0.204170 -0.076987 -0.096240
-0.187008 -0.090980 -0.092256
-0.165386 -0.098813 -0.084507
-0.142139 -0.102662 -0.076465
-0.118805 -0.101961 -0.067549
-0.097727 -0.100287 -0.060422
-0.079672 -0.097905 -0.054479
-0.064880 -0.096233 -0.050124
-0.052738 -0.095905 -0.047320
-0.042218 -0.096643 -0.045657
-0.032506 -0.099284 -0.045637
-0.022948 -0.100543 -0.045237
-0.013537 -0.099934 -0.044236
-0.004434 -0.098738 -0.043354
0.004388 -0.097702 -0.042899
0.013203 -0.097470 -0.043145
0.022409 -0.098180 -0.044173
0.032297 -0.099399 -0.045844
0.042757 -0.098329 -0.046555
0.054040 -0.099685 -0.049499
0.065625 -0.097774 -0.051028
0.078352 -0.098251 -0.055123
0.092426 -0.097924 -0.059734
0.108264 -0.095789 -0.064173
0.127049 -0.095135 -0.071786
0.146259 -0.087386 -0.074734
0.166916 -0.079872 -0.080571
0.187601 -0.071212 -0.089229
0.205942 -0.059086 -0.098616
0.217281 -0.040560 -0.100522
0.223739 -0.020721 -0.102313
0.198068 0.000000 -0.110334
0.195955 0.018838 -0.109633
0.189493 0.036360 -0.105903
0.180226 0.052086 -0.101525
0.169385 0.066697 -0.098517
0.156887 0.079475 -0.095176
0.143154 0.090285 -0.091592
0.128603 0.099080 -0.087856
0.113645 0.105920 -0.084072
0.098639 0.110937 -0.080336
0.083867 0.114301 -0.076721
0.069553 0.116235 -0.073305
0.055891 0.117060 -0.070200
0.043011 0.117219 -0.067571
0.030914 0.117203 -0.065596
0.019435 0.117359 -0.064376
0.008294 0.117726 -0.063868
-0.002767 0.118003 -0.063878
-0.013864 0.117727 -0.064151
-0.024963 0.116546 -0.064502
-0.035993 0.114415 -0.064910
-0.046981 0.111569 -0.065513
-0.058096 0.108309 -0.066514
-0.069563 0.104772 -0.068059
-0.081530 0.100842 -0.070178
-0.094015 0.096245 -0.072811
-0.106492 0.088649 -0.073664
-0.119679 0.081485 -0.076300
-0.133799 0.074465 -0.081147
-0.148917 0.066861 -0.088340
-0.163540 0.055692 -0.093494
-0.177421 0.042375 -0.098716
-0.189177 0.026717 -0.103032
-0.199125 0.009549 -0.111008
-0.204272 -0.009944 -0.116100
-0.202726 -0.029459 -0.114600
-0.195546 -0.047187 -0.110269
-0.184107 -0.063340 -0.106665
-0.168529 -0.077227 -0.102687
-0.148387 -0.085029 -0.093619
-0.126462 -0.088304 -0.083471
-0.105070 -0.089101 -0.074553
-0.085649 -0.087681 -0.066332
-0.069383 -0.085817 -0.059722
-0.056422 -0.084979 -0.055202
-0.046001 -0.085759 -0.052666
-0.036940 -0.087724 -0.051511
-0.028248 -0.089796 -0.050943
-0.019479 -0.090944 -0.050333
-0.010691 -0.090788 -0.049471
-0.002105 -0.089751 -0.048584
0.006251 -0.088733 -0.048139
0.014656 -0.088503 -0.048548
0.023539 -0.089240 -0.049946
0.033190 -0.090454 -0.052142
0.043598 -0.091313 -0.054760
0.054537 -0.091141 -0.057479
0.065850 -0.089747 -0.060240
0.077943 -0.088827 -0.064680
0.091479 -0.088590 -0.071407
0.106291 -0.085011 -0.076487
0.122349 -0.078117 -0.079619
0.139499 -0.069618 -0.082910
0.157466 -0.061112 -0.089805
0.175009 -0.051434 -0.100818
0.188565 -0.037081 -0.108864
0.196733 -0.019319 -0.113181
0.171914 0.000000 -0.113919
0.171026 0.017204 -0.115461
0.165930 0.033707 -0.113659
0.157664 0.048335 -0.109162
0.148016 0.061957 -0.106139
0.137061 0.074024 -0.102944
0.125118 0.084464 -0.099661
0.112073 0.091976 -0.094722
0.098801 0.098801 -0.091287
0.085197 0.103813 -0.087741
0.071590 0.107142 -0.084187
0.058330 0.109127 -0.080842
0.045687 0.110299 -0.077999
0.033741 0.111230 -0.075940
0.022337 0.112295 -0.074803
0.011176 0.113473 -0.074495
0.000000 0.114353 -0.074711
-0.011264 0.114367 -0.075081
-0.022506 0.113146 -0.075370
-0.033596 0.110752 -0.075614
-0.044580 0.107626 -0.076109
-0.055741 0.104285 -0.077255
-0.067467 0.100971 -0.079338
-0.080014 0.097498 -0.082403
-0.093359 0.093359 -0.086259
-0.106741 0.086135 -0.088189
-0.120645 0.079276 -0.092693
-0.134390 0.070888 -0.097809
-0.147894 0.061260 -0.104585
-0.159746 0.048458 -0.109064
-0.169731 0.033762 -0.113063
-0.177520 0.017664 -0.118113
-0.182292 0.000000 -0.123829
-0.181977 -0.018550 -0.124939
-0.175629 -0.035460 -0.119295
-0.165337 -0.050661 -0.114379
-0.150923 -0.063160 -0.108186
-0.133092 -0.071905 -0.100017
-0.113086 -0.075561 -0.088858
-0.093562 -0.076784 -0.079077
-0.075962 -0.075962 -0.070185
-0.061406 -0.074824 -0.063240
-0.049973 -0.074791 -0.058767
-0.040825 -0.076378 -0.056582
-0.032745 -0.079053 -0.055903
-0.024767 -0.081646 -0.055742
-0.016531 -0.083105 -0.055359
-0.008186 -0.083112 -0.054562
0.000000 -0.082216 -0.053714
0.008018 -0.081412 -0.053446
0.016206 -0.081474 -0.054272
0.025017 -0.082470 -0.056305
0.034690 -0.083749 -0.059224
0.045093 -0.084363 -0.062497
0.055872 -0.083619 -0.065704
0.066992 -0.082707 -0.070288
0.078493 -0.080535 -0.075199
0.090920 -0.077471 -0.080989
0.103910 -0.070298 -0.083075
0.118491 -0.063335 -0.087779
0.133503 -0.054498 -0.092543
0.148039 -0.044278 -0.099159
0.160849 -0.032263 -0.108351
0.169300 -0.017034 -0.114338
0.148144 0.000000 -0.116932
0.147534 0.015831 -0.118696
0.142971 0.031026 -0.116952
0.135532 0.044499 -0.112477
0.126913 0.057097 -0.109643
0.116913 0.067500 -0.105075
0.106419 0.077318 -0.102382
0.095115 0.085642 -0.099618
0.083100 0.092292 -0.096661
0.070640 0.097228 -0.093540
0.058132 0.100687 -0.090492
0.045937 0.103176 -0.087905
0.034207 0.105277 -0.086157
0.022815 0.107337 -0.085410
0.011482 0.109242 -0.085495
0.000000 0.110456 -0.085971
-0.011599 0.110357 -0.086367
-0.023097 0.108665 -0.086467
-0.034333 0.105666 -0.086476
-0.045434 0.102047 -0.086943
-0.056838 0.098446 -0.088477
-0.069040 0.095026 -0.091422
-0.082263 0.091362 -0.095688
-0.096256 0.086669 -0.100814
-0.110213 0.079640 -0.105272
-0.123422 0.070390 -0.109146
-0.135959 0.060533 -0.115835
-0.146144 0.047485 -0.119602
-0.153933 0.032719 -0.122487
-0.159303 0.016906 -0.126256
-0.161316 0.000000 -0.128739
-0.158569 -0.016829 -0.125683
-0.151671 -0.032239 -0.120688
-0.140416 -0.044910 -0.112534
-0.125939 -0.054836 -0.104137
-0.109291 -0.062012 -0.095926
-0.091662 -0.065609 -0.086373
-0.075197 -0.067708 -0.078758
-0.060819 -0.067547 -0.070745
-0.049315 -0.067877 -0.065302
-0.040137 -0.069519 -0.062480
-0.032165 -0.072243 -0.061551
-0.024378 -0.075029 -0.061403
-0.016324 -0.076797 -0.061109
-0.008107 -0.077132 -0.060365
0.000000 -0.076519 -0.059557
0.007983 -0.075950 -0.059440
0.016197 -0.076201 -0.060635
0.025112 -0.077286 -0.063250
0.034926 -0.078444 -0.066834
0.045399 -0.078634 -0.070672
0.056058 -0.077157 -0.074231
0.066603 -0.073970 -0.077472
0.077418 -0.070585 -0.082523
0.088615 -0.065180 -0.086735
0.100520 -0.058035 -0.090342
0.113463 -0.050517 -0.096670
0.125962 -0.040675 -0.102221
0.136531 -0.028627 -0.106652
0.144912 -0.015393 -0.115033
0.126322 0.000000 -0.116287
0.125735 0.014167 -0.116479
0.121929 0.027829 -0.115130
0.115856 0.040540 -0.112994
0.108347 0.052177 -0.110704
0.099843 0.062735 -0.108550
0.090443 0.072126 -0.106492
0.080146 0.080146 -0.104340
0.069084 0.086628 -0.102000
0.057581 0.091640 -0.099631
0.046014 0.095548 -0.097626
0.034589 0.098848 -0.096406
0.023242 0.101830 -0.096152
0.011754 0.104321 -0.096642
0.000000 0.105739 -0.097340
-0.011885 0.105483 -0.097718
-0.023598 0.103392 -0.097626
-0.034965 0.099924 -0.097456
-0.046178 0.095889 -0.097974
-0.057740 0.091892 -0.099906
-0.070113 0.087920 -0.103521
-0.083323 0.083323 -0.108476
-0.096810 0.077203 -0.113988
-0.109256 0.067851 -0.116972
-0.120807 0.058178 -0.123434
-0.129641 0.045363 -0.126438
-0.135743 0.030982 -0.128174
-0.139303 0.015844 -0.130645
-0.138996 0.000000 -0.127955
-0.135169 -0.015000 -0.122737
-0.127870 -0.028286 -0.115813
-0.117689 -0.039872 -0.109911
-0.104589 -0.048689 -0.102054
-0.090129 -0.055632 -0.095613
-0.075126 -0.059002 -0.086576
-0.061614 -0.061614 -0.080214
-0.050032 -0.062738 -0.073871
-0.040525 -0.064495 -0.070119
-0.032273 -0.067016 -0.068473
-0.024359 -0.069614 -0.067895
-0.016293 -0.071383 -0.067403
-0.008103 -0.071913 -0.066619
0.000000 -0.071602 -0.065915
0.008036 -0.071323 -0.066073
0.016368 -0.071713 -0.067714
0.025420 -0.072647 -0.070852
0.035289 -0.073278 -0.074871
0.045454 -0.071197 -0.076888
0.055849 -0.070032 -0.082459
0.065720 -0.065720 -0.085560
0.075445 -0.060165 -0.088832
0.085506 -0.053727 -0.092962
0.096114 -0.046286 -0.098205
0.106395 -0.036706 -0.101770
0.116061 -0.026332 -0.108700
0.123096 -0.013870 -0.114035
0.107459 0.000000 -0.116732
0.107523 0.013314 -0.117693
0.104571 0.026301 -0.117132
0.099388 0.038503 -0.115783
0.092662 0.049758 -0.114252
0.084735 0.059983 -0.112775
0.075700 0.069010 -0.111274
0.065665 0.076645 -0.109636
0.054904 0.082859 -0.107975
0.043771 0.087903 -0.106671
0.032476 0.092160 -0.106146
0.020979 0.095792 -0.106524
0.009128 0.098503 -0.107461
-0.003071 0.099667 -0.108319
-0.015337 0.098802 -0.108613
-0.027315 0.096003 -0.108426
-0.038914 0.091937 -0.108448
-0.050438 0.087361 -0.109580
-0.062328 0.082536 -0.112351
-0.074687 0.077023 -0.116546
-0.086993 0.070003 -0.121297
-0.098248 0.060833 -0.125528
-0.107416 0.049419 -0.128442
-0.113831 0.036212 -0.129759
-0.117288 0.021925 -0.129616
-0.117359 0.007131 -0.125220
-0.115101 -0.006991 -0.122751
-0.109497 -0.019831 -0.115979
-0.101485 -0.031248 -0.110695
-0.090975 -0.040594 -0.104334
-0.079174 -0.048718 -0.100294
-0.066298 -0.052552 -0.090504
-0.054637 -0.056347 -0.085259
-0.044264 -0.058614 -0.079788
-0.035232 -0.061024 -0.076545
-0.026880 -0.063508 -0.074913
-0.018628 -0.065472 -0.073944
-0.010313 -0.066440 -0.073038
-0.002050 -0.066553 -0.072331
0.006159 -0.066465 -0.072510
0.014614 -0.066729 -0.074205
0.023688 -0.067221 -0.077423
0.033429 -0.067134 -0.081468
0.043423 -0.065532 -0.085396
0.053106 -0.061986 -0.088668
0.062241 -0.056740 -0.091490
0.071086 -0.050321 -0.094609
0.080052 -0.042987 -0.098705
0.089118 -0.034524 -0.103818
0.097515 -0.024526 -0.109229
0.103994 -0.012877 -0.113830
0.091151 0.000000 -0.117111
0.092001 0.012373 -0.119266
0.090061 0.024670 -0.119973
0.085813 0.036388 -0.119755
0.079748 0.047235 -0.119084
0.072179 0.056999 -0.118165
0.063329 0.065482 -0.117040
0.053482 0.072586 -0.115838
0.042983 0.078434 -0.114911
0.032080 0.083295 -0.114680
0.020805 0.087300 -0.115305
0.009074 0.090203 -0.116478
-0.003058 0.091465 -0.117579
-0.015295 0.090673 -0.118142
-0.027271 0.087913 -0.118260
-0.038850 0.083720 -0.118580
-0.050187 0.078616 -0.119833
-0.061432 0.072662 -0.122250
-0.072339 0.065427 -0.125317
-0.082164 0.056402 -0.128043
-0.089976 0.045467 -0.129523
-0.095120 0.033029 -0.129369
-0.097447 0.019807 -0.127760
-0.097177 0.006505 -0.125133
-0.094574 -0.006331 -0.121781
-0.089747 -0.018242 -0.117665
-0.082473 -0.028257 -0.110136
-0.073879 -0.037333 -0.106350
-0.063839 -0.043823 -0.099485
-0.053586 -0.048465 -0.092829
-0.043886 -0.051908 -0.087333
-0.034970 -0.054780 -0.083500
-0.026586 -0.057291 -0.081146
-0.018372 -0.059224 -0.079669
-0.010177 -0.060335 -0.078614
-0.002031 -0.060738 -0.078079
0.006122 -0.060859 -0.078587
0.014531 -0.060974 -0.080534
0.023418 -0.060804 -0.083715
0.032673 -0.059621 -0.087350
0.041837 -0.056782 -0.090618
0.050469 -0.052185 -0.093274
0.058522 -0.046215 -0.095807
0.066310 -0.039276 -0.099018
0.074048 -0.031399 -0.103337
0.081391 -0.022295 -0.108424
0.087429 -0.011758 -0.113340
0.077104 0.000000 -0.118017
0.078489 0.011830 -0.121494
0.077083 0.023777 -0.123470
0.073106 0.035206 -0.124197
0.066945 0.045642 -0.124016
0.059010 0.054754 -0.123214
0.049746 0.062379 -0.122121
0.039601 0.068591 -0.121227
0.028892 0.073617 -0.121046
0.017705 0.077569 -0.121781
0.006011 0.080215 -0.123123
-0.006077 0.081089 -0.124463
-0.018230 0.079871 -0.125395
-0.030085 0.076656 -0.126043
-0.041446 0.071786 -0.126875
-0.052198 0.065455 -0.128143
-0.062015 0.057541 -0.129487
-0.070222 0.047876 -0.130086
-0.076062 0.036630 -0.129219
-0.079127 0.024408 -0.126744
-0.079534 0.011988 -0.123112
-0.077709 0.000000 -0.118942
-0.074019 -0.011157 -0.114574
-0.068642 -0.021173 -0.109949
-0.061743 -0.029734 -0.104893
-0.053723 -0.036628 -0.099522
-0.045196 -0.041935 -0.094368
-0.036695 -0.046014 -0.090084
-0.028421 -0.049226 -0.087002
-0.020287 -0.051689 -0.084992
-0.012177 -0.053349 -0.083757
-0.004065 -0.054247 -0.083263
0.004092 -0.054601 -0.083807
0.012447 -0.054534 -0.085616
0.021105 -0.053774 -0.088420
0.029884 -0.051761 -0.091482
0.038360 -0.048101 -0.094169
0.046220 -0.042886 -0.096508
0.053540 -0.036503 -0.099183
0.060584 -0.029176 -0.102924
0.067320 -0.020766 -0.107832
0.073138 -0.011024 -0.113210
0.064726 0.000000 -0.119604
0.066127 0.011660 -0.124077
0.064475 0.023467 -0.126785
0.059863 0.034562 -0.127729
0.052766 0.044276 -0.127280
0.043855 0.052264 -0.126070
0.033803 0.058549 -0.124925
0.023065 0.063370 -0.124612
0.011786 0.066841 -0.125416
0.000000 0.068716 -0.126976
-0.012089 0.068563 -0.128647
-0.024067 0.066124 -0.130029
-0.035466 0.061429 -0.131070
-0.045801 0.054583 -0.131665
-0.054437 0.045678 -0.131312
-0.060630 0.035004 -0.129365
-0.063886 0.023253 -0.125627
-0.064291 0.011336 -0.120631
-0.062382 0.000000 -0.115271
-0.058717 -0.010353 -0.110174
-0.053620 -0.019516 -0.105440
-0.047306 -0.027312 -0.100936
-0.040102 -0.033650 -0.096734
-0.032413 -0.038628 -0.093178
-0.024508 -0.042450 -0.090575
-0.016469 -0.045248 -0.088977
-0.008301 -0.047076 -0.088330
0.000000 -0.048011 -0.088716
0.008480 -0.048092 -0.090237
0.017148 -0.047113 -0.092645
0.025789 -0.044668 -0.095309
0.034006 -0.040527 -0.097759
0.041555 -0.034869 -0.100238
0.048529 -0.028018 -0.103546
0.055040 -0.020033 -0.108232
0.060729 -0.010708 -0.113949
0.053306 0.000000 -0.121525
0.054141 0.011126 -0.126009
0.051620 0.021889 -0.126031
0.046377 0.032280 -0.128819
0.038584 0.040590 -0.127672
0.029269 0.046958 -0.126146
0.019099 0.051569 -0.125370
0.008364 0.054596 -0.125918
-0.002834 0.055875 -0.127546
-0.014240 0.054998 -0.129518
-0.025326 0.051630 -0.131102
-0.035355 0.045675 -0.131679
-0.043476 0.037323 -0.130629
-0.048903 0.027143 -0.127509
-0.051276 0.016088 -0.122515
-0.050871 0.005173 -0.116573
-0.048343 -0.004916 -0.110780
-0.044266 -0.013889 -0.105767
-0.038973 -0.021632 -0.101618
-0.032705 -0.028076 -0.098266
-0.025717 -0.033223 -0.095781
-0.018214 -0.037132 -0.094289
-0.010318 -0.039849 -0.093843
-0.002099 -0.041379 -0.094456
0.006380 -0.041649 -0.096059
0.014980 -0.040447 -0.098331
0.023384 -0.037517 -0.100784
0.031209 -0.032832 -0.103269
0.038266 -0.026634 -0.106290
0.044547 -0.019117 -0.110514
0.049805 -0.010235 -0.115917
0.042276 0.000000 -0.123146
0.042138 0.010819 -0.126726
0.038497 0.021164 -0.127965
0.031796 0.029859 -0.127056
0.023052 0.036324 -0.125315
0.013191 0.040596 -0.124339
0.002693 0.042810 -0.124948
-0.008153 0.042738 -0.126737
-0.018784 0.039918 -0.128507
-0.028215 0.034106 -0.128937
-0.035288 0.025638 -0.127056
-0.039175 0.015511 -0.122733
-0.039823 0.005031 -0.116922
-0.037841 -0.004780 -0.111102
-0.033938 -0.013437 -0.106325
-0.028583 -0.020767 -0.102914
-0.022069 -0.026677 -0.100852
-0.014632 -0.031095 -0.100104
-0.006472 -0.033928 -0.100612
0.002203 -0.035018 -0.102206
0.011087 -0.034123 -0.104513
0.019702 -0.031045 -0.107103
0.027518 -0.025841 -0.109961
0.034175 -0.018788 -0.113600
0.039326 -0.010097 -0.118268
0.031381 0.000000 -0.123922
0.030159 0.010354 -0.125919
0.025091 0.019529 -0.125556
0.017159 0.026264 -0.123889
0.007641 0.030173 -0.122911
-0.002584 0.031188 -0.123580
-0.012710 0.028976 -0.124946
-0.021452 0.023303 -0.125077
-0.027319 0.014784 -0.122663
-0.029495 0.004922 -0.118085
-0.028244 -0.004713 -0.113076
-0.024329 -0.013166 -0.109241
-0.018392 -0.019979 -0.107235
-0.010890 -0.024826 -0.107052
-0.002267 -0.027355 -0.108394
0.006884 -0.027184 -0.110735
0.015724 -0.024068 -0.113527
0.023315 -0.018147 -0.116671
0.028824 -0.009895 -0.120343
0.020640 0.000000 -0.123690
0.018342 0.009627 -0.124140
0.011649 0.016876 -0.122886
0.002455 0.020216 -0.122036
-0.007240 0.019089 -0.122346
-0.015228 0.013491 -0.121921
-0.019331 0.004765 -0.119314
-0.018765 -0.004625 -0.115817
-0.014198 -0.012578 -0.113669
-0.006733 -0.017753 -0.113784
0.002327 -0.019168 -0.115710
0.011230 -0.016269 -0.118468
0.017934 -0.009412 -0.121375
0.010164 0.000000 -0.122664
0.005062 0.008767 -0.122168
-0.005024 0.008702 -0.121266
-0.009898 0.000000 -0.119456
-0.004908 -0.008502 -0.118474
0.004996 -0.008653 -0.120577
0.000000 0.000000 -0.121185
