-9.95564e-01 2.15467e+00 1.21659e+02
1.78103e+01 -3.28908e+00 1.22321e+02
4.34375e+00 2.03092e+01 1.17811e+02
-1.99674e+01 7.67188e+00 1.22487e+02
-6.34018e+00 -1.63915e+01 1.20280e+02
3.80464e+01 -9.12571e+00 1.24280e+02
3.25506e+01 2.04534e+01 1.15921e+02
9.32588e+00 3.69420e+01 1.09922e+02
-1.93355e+01 3.55017e+01 1.14909e+02
-4.00009e+01 1.34813e+01 1.22391e+02
-3.56897e+01 -1.69883e+01 1.20127e+02
-1.13423e+01 -3.40731e+01 1.14456e+02
1.77035e+01 -3.17911e+01 1.18219e+02
6.01272e+01 -1.55271e+01 1.24493e+02
5.63070e+01 1.60786e+01 1.14400e+02
3.82766e+01 3.92496e+01 1.04205e+02
1.39154e+01 5.21018e+01 1.00380e+02
-1.37314e+01 5.45360e+01 1.03583e+02
-4.16974e+01 4.44976e+01 1.12461e+02
-6.03213e+01 1.93069e+01 1.18342e+02
-5.95581e+01 -1.23935e+01 1.16237e+02
-4.20078e+01 -3.76161e+01 1.10533e+02
-1.58999e+01 -5.04172e+01 1.05878e+02
1.23776e+01 -5.15956e+01 1.07603e+02
4.11599e+01 -4.17731e+01 1.19131e+02
8.21194e+01 -2.19992e+01 1.19018e+02
7.81044e+01 1.06230e+01 1.08496e+02
6.28504e+01 3.66160e+01 9.82290e+01
4.27164e+01 5.56687e+01 9.31458e+01
1.84128e+01 6.69502e+01 9.09340e+01
-8.24269e+00 7.05900e+01 9.23078e+01
-3.65322e+01 6.68219e+01 9.87038e+01
-6.31652e+01 5.17648e+01 1.06264e+02
-7.93733e+01 2.46783e+01 1.09203e+02
-7.95847e+01 -6.90433e+00 1.06436e+02
-6.65269e+01 -3.45074e+01 1.01499e+02
-4.56663e+01 -5.46134e+01 9.79834e+01
-2.00858e+01 -6.55930e+01 9.56914e+01
7.08035e+00 -6.76716e+01 9.57657e+01
3.55295e+01 -6.40925e+01 1.03645e+02
6.49970e+01 -5.07110e+01 1.16514e+02
1.01025e+02 -2.76980e+01 1.06348e+02
9.72231e+01 4.76170e+00 9.75368e+01
8.45309e+01 3.21386e+01 8.92757e+01
6.84349e+01 5.48989e+01 8.53860e+01
4.78391e+01 7.24910e+01 8.34473e+01
2.31339e+01 8.25715e+01 8.14960e+01
-3.13619e+00 8.61303e+01 8.12945e+01
-3.06285e+01 8.49958e+01 8.49320e+01
-5.89086e+01 7.66536e+01 9.09497e+01
-8.30161e+01 5.75430e+01 9.54567e+01
-9.66523e+01 2.94706e+01 9.62488e+01
-9.71501e+01 -1.51786e+00 9.35356e+01
-8.62708e+01 -2.94626e+01 8.88366e+01
-6.89535e+01 -5.18119e+01 8.51244e+01
-4.82207e+01 -6.90390e+01 8.41444e+01
-2.39346e+01 -7.97099e+01 8.40406e+01
2.24511e+00 -8.22190e+01 8.36772e+01
2.88410e+01 -7.98792e+01 8.68211e+01
5.80361e+01 -7.39216e+01 9.63367e+01
8.65223e+01 -5.74359e+01 1.06274e+02
1.15748e+02 -3.22695e+01 8.86141e+01
1.14076e+02 -1.00994e+00 8.31979e+01
1.04988e+02 2.71605e+01 7.80826e+01
9.26503e+01 5.23608e+01 7.56564e+01
7.59339e+01 7.43678e+01 7.46337e+01
5.36473e+01 9.03181e+01 7.29010e+01
2.80006e+01 9.85747e+01 7.03718e+01
1.79704e+00 1.01353e+02 6.90655e+01
-2.49066e+01 1.01145e+02 7.06595e+01
-5.28302e+01 9.65512e+01 7.45852e+01
-7.96014e+01 8.37768e+01 7.84753e+01
-1.00639e+02 6.19300e+01 8.06296e+01
-1.13054e+02 3.39719e+01 8.11449e+01
-1.15287e+02 3.63038e+00 8.00404e+01
-1.06485e+02 -2.49229e+01 7.67028e+01
-8.97488e+01 -4.81453e+01 7.22242e+01
-7.04784e+01 -6.63985e+01 6.94376e+01
-5.02598e+01 -8.16796e+01 6.95408e+01
-2.73533e+01 -9.24694e+01 7.06147e+01
-2.20827e+00 -9.57173e+01 7.06230e+01
2.29527e+01 -9.31373e+01 7.10948e+01
4.90416e+01 -8.84858e+01 7.52306e+01
7.75663e+01 -7.99150e+01 8.29348e+01
1.03100e+02 -6.12255e+01 8.90760e+01
1.28054e+02 -3.61724e+01 6.89797e+01
1.30468e+02 -6.57968e+00 6.70257e+01
1.26211e+02 2.21942e+01 6.49646e+01
1.17472e+02 4.94126e+01 6.37908e+01
1.03532e+02 7.42124e+01 6.29326e+01
8.34526e+01 9.40928e+01 6.13123e+01
5.86742e+01 1.06740e+02 5.86069e+01
3.23609e+01 1.12577e+02 5.56977e+01
6.54750e+00 1.14452e+02 5.40047e+01
-1.91844e+01 1.14601e+02 5.44145e+01
-4.59695e+01 1.12140e+02 5.66153e+01
-7.28692e+01 1.03772e+02 5.92586e+01
-9.67534e+01 8.75364e+01 6.11595e+01
-1.15529e+02 6.49472e+01 6.24742e+01
-1.29113e+02 3.83395e+01 6.40142e+01
-1.35898e+02 8.83236e+00 6.54008e+01
-1.31725e+02 -2.11608e+01 6.48031e+01
-1.15747e+02 -4.67851e+01 6.13335e+01
-9.38952e+01 -6.55695e+01 5.68839e+01
-7.24129e+01 -8.00318e+01 5.42038e+01
-5.20324e+01 -9.30593e+01 5.41549e+01
-3.02132e+01 -1.03434e+02 5.53117e+01
-6.28486e+00 -1.07601e+02 5.57816e+01
1.78248e+01 -1.05337e+02 5.55942e+01
4.15557e+01 -1.00119e+02 5.66175e+01
6.66312e+01 -9.35300e+01 6.01296e+01
9.29080e+01 -8.25163e+01 6.50884e+01
1.15360e+02 -6.31200e+01 6.86596e+01
1.40276e+02 -4.00630e+01 4.86138e+01
1.47396e+02 -1.20879e+01 4.87418e+01
1.48218e+02 1.70278e+01 4.85231e+01
1.42797e+02 4.58089e+01 4.80495e+01
1.30411e+02 7.23103e+01 4.69996e+01
1.11188e+02 9.40123e+01 4.50935e+01
8.70712e+01 1.09113e+02 4.24562e+01
6.10046e+01 1.17679e+02 3.96066e+01
3.53348e+01 1.21521e+02 3.72146e+01
1.07866e+01 1.23014e+02 3.58450e+01
-1.34385e+01 1.23554e+02 3.57545e+01
-3.84582e+01 1.22433e+02 3.67400e+01
-6.40340e+01 1.17093e+02 3.81568e+01
-8.80983e+01 1.05340e+02 3.93272e+01
-1.08777e+02 8.76395e+01 4.01917e+01
-1.26585e+02 6.62279e+01 4.14397e+01
-1.43034e+02 4.20338e+01 4.37528e+01
-1.56495e+02 1.40637e+01 4.67837e+01
-1.60505e+02 -1.71886e+01 4.88152e+01
-1.49279e+02 -4.67216e+01 4.80199e+01
-1.25621e+02 -6.86996e+01 4.45635e+01
-9.86981e+01 -8.27863e+01 4.06070e+01
-7.46978e+01 -9.32575e+01 3.81481e+01
-5.35687e+01 -1.03369e+02 3.76734e+01
-3.24564e+01 -1.12388e+02 3.83493e+01
-9.88244e+00 -1.17129e+02 3.89542e+01
1.31538e+01 -1.16091e+02 3.90209e+01
3.55689e+01 -1.11149e+02 3.91809e+01
5.80535e+01 -1.04671e+02 4.03288e+01
8.17024e+01 -9.64234e+01 4.26664e+01
1.05519e+02 -8.38203e+01 4.54623e+01
1.26096e+02 -6.48012e+01 4.76226e+01
1.52357e+02 -4.39428e+01 2.64963e+01
1.62763e+02 -1.74241e+01 2.68945e+01
1.67058e+02 1.12917e+01 2.69392e+01
1.63850e+02 4.03700e+01 2.64822e+01
1.52281e+02 6.71945e+01 2.53803e+01
1.33321e+02 8.91528e+01 2.36812e+01
1.09727e+02 1.04952e+02 2.16559e+01
8.45697e+01 1.15040e+02 1.96518e+01
5.99157e+01 1.20898e+02 1.79391e+01
3.65230e+01 1.24155e+02 1.66716e+01
1.41544e+01 1.26080e+02 1.59182e+01
-8.00159e+00 1.27216e+02 1.56807e+01
-3.07591e+01 1.26978e+02 1.58716e+01
-5.41251e+01 1.23645e+02 1.62977e+01
-7.68395e+01 1.15361e+02 1.67285e+01
-9.72403e+01 1.01781e+02 1.70700e+01
-1.15110e+02 8.44914e+01 1.75041e+01
-1.32315e+02 6.52507e+01 1.84159e+01
-1.50913e+02 4.39184e+01 2.01250e+01
-1.69827e+02 1.84798e+01 2.25495e+01
-1.82686e+02 -1.21366e+01 2.49514e+01
-1.80803e+02 -4.44668e+01 2.61562e+01
-1.61511e+02 -7.13977e+01 2.54875e+01
-1.31910e+02 -8.86336e+01 2.34826e+01
-1.01878e+02 -9.82391e+01 2.13599e+01
-7.63048e+01 -1.05069e+02 2.00158e+01
-5.45863e+01 -1.12141e+02 1.96556e+01
-3.40392e+01 -1.19165e+02 1.99656e+01
-1.28790e+01 -1.23805e+02 2.04451e+01
8.81859e+00 -1.24258e+02 2.07728e+01
3.02558e+01 -1.20883e+02 2.10070e+01
5.14057e+01 -1.15269e+02 2.14381e+01
7.30003e+01 -1.08186e+02 2.22749e+01
9.53099e+01 -9.87564e+01 2.34612e+01
1.17257e+02 -8.53280e+01 2.47230e+01
1.36847e+02 -6.69421e+01 2.57754e+01
1.60834e+02 -4.68238e+01 1.61598e+00
1.71439e+02 -2.18860e+01 1.24196e+00
1.76102e+02 5.17885e+00 7.36374e-01
1.73234e+02 3.25605e+01 1.14423e-01
1.62248e+02 5.77869e+01 -5.80045e-01
1.44460e+02 7.86338e+01 -1.28074e+00
1.22688e+02 9.41969e+01 -1.92749e+00
9.98030e+01 1.05077e+02 -2.49121e+00
7.75653e+01 1.12612e+02 -2.97462e+00
5.64823e+01 1.18006e+02 -3.39587e+00
3.63153e+01 1.21977e+02 -3.77362e+00
1.65759e+01 1.24841e+02 -4.12169e+00
-3.24854e+00 1.26621e+02 -4.44802e+00
-2.35621e+01 1.26933e+02 -4.75037e+00
-4.43807e+01 1.24838e+02 -5.00909e+00
-6.50192e+01 1.19110e+02 -5.18818e+00
-8.42570e+01 1.09060e+02 -5.25531e+00
-1.01268e+02 9.52638e+01 -5.21065e+00
-1.16624e+02 7.92232e+01 -5.09434e+00
-1.32237e+02 6.20252e+01 -4.95723e+00
-1.49937e+02 4.32121e+01 -4.81629e+00
-1.69338e+02 2.09050e+01 -4.62608e+00
-1.86076e+02 -6.46932e+00 -4.28973e+00
-1.92608e+02 -3.74953e+01 -3.72743e+00
-1.83257e+02 -6.68622e+01 -2.96903e+00
-1.59635e+02 -8.87881e+01 -2.16053e+00
-1.29535e+02 -1.01675e+02 -1.44923e+00
-1.00488e+02 -1.08431e+02 -8.83180e-01
-7.56518e+01 -1.13069e+02 -4.23322e-01
-5.44111e+01 -1.17924e+02 -1.12222e-02
-3.47594e+01 -1.23050e+02 3.83504e-01
-1.51396e+01 -1.27065e+02 7.54225e-01
4.88201e+00 -1.28567e+02 1.07755e+00
2.50355e+01 -1.27185e+02 1.34168e+00
4.51605e+01 -1.23480e+02 1.55616e+00
6.55091e+01 -1.18010e+02 1.73652e+00
8.63408e+01 -1.10600e+02 1.88279e+00
1.07363e+02 -1.00397e+02 1.97266e+00
1.27609e+02 -8.65090e+01 1.97315e+00
1.45824e+02 -6.85730e+01 1.85829e+00
1.61061e+02 -4.73369e+01 -2.47471e+01
1.70045e+02 -1.92445e+01 -2.57458e+01
1.70588e+02 1.03466e+01 -2.63547e+01
1.61575e+02 3.85012e+01 -2.63544e+01
1.44285e+02 6.22515e+01 -2.57273e+01
1.22282e+02 8.02550e+01 -2.47450e+01
9.92849e+01 9.33270e+01 -2.38109e+01
7.72355e+01 1.03242e+02 -2.32199e+01
5.61965e+01 1.11242e+02 -2.30519e+01
3.54357e+01 1.17551e+02 -2.32313e+01
1.43674e+01 1.21875e+02 -2.36560e+01
-7.25728e+00 1.23948e+02 -2.42759e+01
-2.95000e+01 1.23419e+02 -2.50509e+01
-5.20301e+01 1.19399e+02 -2.58480e+01
-7.37165e+01 1.10725e+02 -2.64369e+01
-9.30395e+01 9.71417e+01 -2.66757e+01
-1.09578e+02 7.99799e+01 -2.67367e+01
-1.24921e+02 6.09781e+01 -2.70831e+01
-1.41427e+02 4.03477e+01 -2.81535e+01
-1.59353e+02 1.63164e+01 -2.99678e+01
-1.74303e+02 -1.28351e+01 -3.18555e+01
-1.78118e+02 -4.52618e+01 -3.26174e+01
-1.65346e+02 -7.46629e+01 -3.13946e+01
-1.39273e+02 -9.51777e+01 -2.85201e+01
-1.08823e+02 -1.06545e+02 -2.51981e+01
-8.06855e+01 -1.12810e+02 -2.24626e+01
-5.63421e+01 -1.17766e+02 -2.06765e+01
-3.42201e+01 -1.22623e+02 -1.97033e+01
-1.25016e+01 -1.26504e+02 -1.92422e+01
9.60151e+00 -1.28123e+02 -1.90719e+01
3.21398e+01 -1.27008e+02 -1.91419e+01
5.51758e+01 -1.23320e+02 -1.95103e+01
7.88427e+01 -1.16879e+02 -2.02168e+01
1.02742e+02 -1.06768e+02 -2.12095e+01
1.25596e+02 -9.19217e+01 -2.23687e+01
1.45628e+02 -7.19507e+01 -2.35783e+01
1.51445e+02 -4.49640e+01 -4.92974e+01
1.56574e+02 -1.48413e+01 -4.97072e+01
1.51602e+02 1.51810e+01 -4.89188e+01
1.37529e+02 4.16878e+01 -4.69898e+01
1.17898e+02 6.27487e+01 -4.45446e+01
9.67712e+01 7.89493e+01 -4.25000e+01
7.61607e+01 9.21699e+01 -4.14681e+01
5.57000e+01 1.03455e+02 -4.14504e+01
3.42931e+01 1.12264e+02 -4.20261e+01
1.16093e+01 1.17589e+02 -4.28270e+01
-1.19862e+01 1.19227e+02 -4.38411e+01
-3.61974e+01 1.17328e+02 -4.51944e+01
-6.04881e+01 1.11098e+02 -4.66836e+01
-8.31493e+01 9.91202e+01 -4.77303e+01
-1.02035e+02 8.14029e+01 -4.80070e+01
-1.16888e+02 5.99766e+01 -4.80210e+01
-1.29657e+02 3.65840e+01 -4.87535e+01
-1.41428e+02 1.08232e+01 -5.06317e+01
-1.49219e+02 -1.82546e+01 -5.28020e+01
-1.46953e+02 -4.86030e+01 -5.34590e+01
-1.31578e+02 -7.47826e+01 -5.14322e+01
-1.07153e+02 -9.28473e+01 -4.74545e+01
-8.05710e+01 -1.03808e+02 -4.33414e+01
-5.55673e+01 -1.11068e+02 -4.03673e+01
-3.21047e+01 -1.16684e+02 -3.87714e+01
-8.92014e+00 -1.20647e+02 -3.82389e+01
1.47867e+01 -1.22273e+02 -3.84831e+01
3.93733e+01 -1.21205e+02 -3.94615e+01
6.50539e+01 -1.16958e+02 -4.11925e+01
9.13503e+01 -1.08223e+02 -4.34819e+01
1.16400e+02 -9.33994e+01 -4.58865e+01
1.37347e+02 -7.19426e+01 -4.79350e+01
1.34968e+02 -4.05282e+01 -6.95588e+01
1.36796e+02 -9.70281e+00 -6.84485e+01
1.28223e+02 1.94455e+01 -6.56352e+01
1.12625e+02 4.39899e+01 -6.21725e+01
9.42575e+01 6.37998e+01 -5.95105e+01
7.53323e+01 8.05468e+01 -5.86034e+01
5.52405e+01 9.49584e+01 -5.92469e+01
3.27475e+01 1.05615e+02 -6.04204e+01
8.17180e+00 1.11011e+02 -6.14963e+01
-1.73986e+01 1.11655e+02 -6.29397e+01
-4.37064e+01 1.08375e+02 -6.53780e+01
-7.00163e+01 9.96607e+01 -6.82048e+01
-9.30342e+01 8.31365e+01 -6.97333e+01
-1.09046e+02 5.96236e+01 -6.91576e+01
-1.17951e+02 3.28681e+01 -6.76504e+01
-1.21955e+02 5.33519e+00 -6.67550e+01
-1.21077e+02 -2.24742e+01 -6.64793e+01
-1.12858e+02 -4.90427e+01 -6.54920e+01
-9.65726e+01 -7.12354e+01 -6.29540e+01
-7.51460e+01 -8.73397e+01 -5.95930e+01
-5.20236e+01 -9.83040e+01 -5.67377e+01
-2.85612e+01 -1.05619e+02 -5.50914e+01
-4.67255e+00 -1.09887e+02 -5.47395e+01
2.00464e+01 -1.11266e+02 -5.57330e+01
4.61141e+01 -1.09553e+02 -5.81926e+01
7.34982e+01 -1.03315e+02 -6.18473e+01
1.00185e+02 -9.01058e+01 -6.57317e+01
1.22057e+02 -6.86362e+01 -6.85853e+01
1.16086e+02 -3.53232e+01 -8.55796e+01
1.16864e+02 -4.54778e+00 -8.34167e+01
1.07373e+02 2.38422e+01 -7.95747e+01
9.22907e+01 4.77227e+01 -7.63853e+01
7.47061e+01 6.79105e+01 -7.54520e+01
5.43675e+01 8.47493e+01 -7.64313e+01
3.03638e+01 9.61584e+01 -7.76283e+01
3.99769e+00 1.00774e+02 -7.85517e+01
-2.32991e+01 1.00365e+02 -8.08858e+01
-5.18269e+01 9.55708e+01 -8.56175e+01
-7.94648e+01 8.26186e+01 -9.01853e+01
-9.92037e+01 5.89439e+01 -9.04322e+01
-1.06481e+02 2.92297e+01 -8.59837e+01
-1.04160e+02 5.12811e-02 -8.03582e+01
-9.63685e+01 -2.62182e+01 -7.61013e+01
-8.41002e+01 -4.92827e+01 -7.31967e+01
-6.73279e+01 -6.83093e+01 -7.09096e+01
-4.69452e+01 -8.24735e+01 -6.90927e+01
-2.42302e+01 -9.15935e+01 -6.80161e+01
-1.35982e-01 -9.61064e+01 -6.81734e+01
2.51725e+01 -9.67882e+01 -7.02954e+01
5.21088e+01 -9.32690e+01 -7.46750e+01
7.95171e+01 -8.29297e+01 -8.01879e+01
1.02787e+02 -6.31848e+01 -8.44665e+01
9.72289e+01 -3.00743e+01 -9.86123e+01
9.87330e+01 5.99446e-01 -9.69111e+01
8.92570e+01 2.90059e+01 -9.36698e+01
7.33209e+01 5.29305e+01 -9.19608e+01
5.24055e+01 7.17358e+01 -9.20620e+01
2.68885e+01 8.31273e+01 -9.21239e+01
-7.39284e-01 8.66706e+01 -9.26771e+01
-2.94152e+01 8.51209e+01 -9.70794e+01
-5.94523e+01 7.68756e+01 -1.04897e+02
-8.40862e+01 5.59624e+01 -1.08615e+02
-9.30584e+01 2.50497e+01 -1.02878e+02
-8.75883e+01 -5.24492e+00 -9.26614e+01
-7.56427e+01 -3.02197e+01 -8.47506e+01
-6.05674e+01 -5.06878e+01 -8.07099e+01
-4.19357e+01 -6.67364e+01 -7.90519e+01
-1.98122e+01 -7.70914e+01 -7.84779e+01
4.48365e+00 -8.14779e+01 -7.93481e+01
3.03150e+01 -8.07092e+01 -8.30484e+01
5.74260e+01 -7.35898e+01 -8.95583e+01
8.21256e+01 -5.67372e+01 -9.59618e+01
7.83968e+01 -2.47884e+01 -1.09031e+02
8.05948e+01 5.93875e+00 -1.09034e+02
6.94003e+01 3.42327e+01 -1.06842e+02
4.89236e+01 5.56258e+01 -1.04930e+02
2.25136e+01 6.72540e+01 -1.02941e+02
-5.76646e+00 6.98231e+01 -1.03610e+02
-3.52638e+01 6.56205e+01 -1.11088e+02
-6.29838e+01 4.94699e+01 -1.19147e+02
-7.58037e+01 1.98320e+01 -1.15412e+02
-7.02564e+01 -1.06456e+01 -1.02983e+02
-5.60689e+01 -3.44387e+01 -9.32787e+01
-3.78374e+01 -5.21971e+01 -8.91208e+01
-1.56292e+01 -6.33411e+01 -8.81055e+01
9.27261e+00 -6.70236e+01 -8.97671e+01
3.57015e+01 -6.33583e+01 -9.55578e+01
6.12737e+01 -4.98319e+01 -1.03763e+02
5.89793e+01 -1.92735e+01 -1.15956e+02
5.99612e+01 1.12385e+01 -1.17290e+02
4.37380e+01 3.68103e+01 -1.14265e+02
1.76786e+01 5.00313e+01 -1.10417e+02
-1.08997e+01 5.12201e+01 -1.12156e+02
-3.90474e+01 4.03310e+01 -1.20992e+02
-5.54230e+01 1.38206e+01 -1.21284e+02
-5.08612e+01 -1.58512e+01 -1.09751e+02
-3.42372e+01 -3.75838e+01 -1.00706e+02
-1.15556e+01 -4.99776e+01 -9.78646e+01
1.44310e+01 -5.20441e+01 -1.00448e+02
4.05370e+01 -4.24950e+01 -1.08437e+02
3.93056e+01 -1.36151e+01 -1.18801e+02
3.60886e+01 1.55257e+01 -1.19508e+02
1.26959e+01 3.24708e+01 -1.15484e+02
-1.56691e+01 3.00689e+01 -1.18535e+02
-3.46154e+01 7.78160e+00 -1.21482e+02
-2.91461e+01 -2.01835e+01 -1.12632e+02
-7.26310e+00 -3.58332e+01 -1.07265e+02
1.96808e+01 -3.41779e+01 -1.11032e+02
2.03823e+01 -8.12584e+00 -1.18790e+02
7.63308e+00 1.47865e+01 -1.18415e+02
-1.53608e+01 2.22965e+00 -1.19525e+02
-2.54843e+00 -2.00868e+01 -1.14641e+02
2.49997e+00 -2.93273e+00 -1.18437e+02
