-9.9556326145e-01  2.1546676811e+00  1.2165858373e+02
1.7810235189e+01  -3.2890787940e+00  1.2232045412e+02
4.3437450607e+00  2.0309161904e+01  1.1781127705e+02
-1.9967419791e+01  7.6718722159e+00  1.2248733088e+02
-6.3401732489e+00  -1.6391454087e+01  1.2028022167e+02
3.8046376094e+01  -9.1257034284e+00  1.2428019156e+02
3.2550557621e+01  2.0453371300e+01  1.1592114452e+02
9.3258657492e+00  3.6941968755e+01  1.0992140802e+02
-1.9335495618e+01  3.5501661697e+01  1.1490930724e+02
-4.0000861552e+01  1.3481313903e+01  1.2239095482e+02
-3.5689667060e+01  -1.6988242007e+01  1.2012728619e+02
-1.1342288676e+01  -3.4073065848e+01  1.1445545353e+02
1.7703462230e+01  -3.1791018718e+01  1.1821934773e+02
6.0127164223e+01  -1.5527050265e+01  1.2449245800e+02
5.6306924157e+01  1.6078579037e+01  1.1439997935e+02
3.8276569365e+01  3.9249538794e+01  1.0420472778e+02
1.3915394917e+01  5.2101718443e+01  1.0038019513e+02
-1.3731351687e+01  5.4535924835e+01  1.0358309935e+02
-4.1697320647e+01  4.4497536404e+01  1.1246100649e+02
-6.0321194750e+01  1.9306918638e+01  1.1834224547e+02
-5.9558034693e+01  -1.2393479233e+01  1.1623704042e+02
-4.2007713764e+01  -3.7616046756e+01  1.1053294118e+02
-1.5899913612e+01  -5.0417126839e+01  1.0587781016e+02
1.2377538423e+01  -5.1595510707e+01  1.0760293714e+02
4.1159803814e+01  -4.1773022527e+01  1.1913107493e+02
8.2119331857e+01  -2.1999171266e+01  1.1901803846e+02
7.8104255308e+01  1.0622995011e+01  1.0849540068e+02
6.2850309441e+01  3.6615913644e+01  9.8228905837e+01
4.2716347557e+01  5.5668671749e+01  9.3145648684e+01
1.8412751933e+01  6.6950102246e+01  9.0933869472e+01
-8.2426839776e+00  7.0589889701e+01  9.2307687483e+01
-3.6532157057e+01  6.6821779025e+01  9.8703710028e+01
-6.3165082572e+01  5.1764745825e+01  1.0626404955e+02
-7.9373165701e+01  2.4678242638e+01  1.0920285514e+02
-7.9584591729e+01  -6.9043177387e+00  1.0643592223e+02
-6.6526845931e+01  -3.4507316751e+01  1.0149863125e+02
-4.5666259535e+01  -5.4613284826e+01  9.7983240777e+01
-2.0085763397e+01  -6.5592894022e+01  9.5691308353e+01
7.0803394519e+00  -6.7671476486e+01  9.5765587408e+01
3.5529431958e+01  -6.4092429971e+01  1.0364535513e+02
6.4996871842e+01  -5.0710932463e+01  1.1651382756e+02
1.0102460277e+02  -2.7697970635e+01  1.0634740332e+02
9.7222945156e+01  4.7616989948e+00  9.7536729162e+01
8.4530834924e+01  3.2138547903e+01  8.9275579452e+01
6.8434838222e+01  5.4898840064e+01  8.5385932339e+01
4.7839037286e+01  7.2490863789e+01  8.3447170554e+01
2.3133864322e+01  8.2571401852e+01  8.1495853161e+01
-3.1361880507e+00  8.6130187683e+01  8.1294399551e+01
-3.0628491387e+01  8.4995690966e+01  8.4931898640e+01
-5.8908479042e+01  7.6653499385e+01  9.0949549783e+01
-8.3016038681e+01  5.7542888313e+01  9.5456630475e+01
-9.6652167808e+01  2.9470562740e+01  9.6248718287e+01
-9.7149976445e+01  -1.5178552088e+00  9.3535493906e+01
-8.6270714211e+01  -2.9462566776e+01  8.8836458884e+01
-6.8953425440e+01  -5.1811813012e+01  8.5124279099e+01
-4.8220643339e+01  -6.9038889252e+01  8.4144282097e+01
-2.3934526918e+01  -7.9709774038e+01  8.4040497445e+01
2.2451032213e+00  -8.2218907233e+01  8.3677117650e+01
2.8840975837e+01  -7.9879151235e+01  8.6821027845e+01
5.8036026402e+01  -7.3921476446e+01  9.6336557356e+01
8.6522191041e+01  -5.7435832292e+01  1.0627414883e+02
1.1574750221e+02  -3.2269489737e+01  8.8613973027e+01
1.1407612450e+02  -1.0099375554e+00  8.3197789424e+01
1.0498739438e+02  2.7160516382e+01  7.8082515655e+01
9.2650176734e+01  5.2360760962e+01  7.5656350421e+01
7.5933852609e+01  7.4367704547e+01  7.4633615430e+01
5.3647240343e+01  9.0317965546e+01  7.2900884360e+01
2.8000522211e+01  9.8574616312e+01  7.0371761466e+01
1.7970407041e+00  1.0135302486e+02  6.9065383785e+01
-2.4906521610e+01  1.0114530110e+02  7.0659434371e+01
-5.2830101959e+01  9.6551104911e+01  7.4585076389e+01
-7.9601252096e+01  8.3776654000e+01  7.8475182047e+01
-1.0063850030e+02  6.1929916101e+01  8.0629517149e+01
-1.1305354000e+02  3.3971837323e+01  8.1144841447e+01
-1.1528679215e+02  3.6303804294e+00  8.0040320593e+01
-1.0648513925e+02  -2.4922896320e+01  7.6702723151e+01
-8.9748641999e+01  -4.8145218770e+01  7.2224120866e+01
-7.0478272168e+01  -6.6398444430e+01  6.9437517976e+01
-5.0259689621e+01  -8.1679517561e+01  6.9540749663e+01
-2.7353292125e+01  -9.2469267795e+01  7.0614639221e+01
-2.2082692755e+00  -9.5717202056e+01  7.0622905718e+01
2.2952636426e+01  -9.3137147926e+01  7.1094711602e+01
4.9041527359e+01  -8.8485653263e+01  7.5230550342e+01
7.7566195825e+01  -7.9914909353e+01  8.2934689491e+01
1.0309943372e+02  -6.1225432024e+01  8.9075887973e+01
1.2805402748e+02  -3.6172344597e+01  6.8979646950e+01
1.3046816681e+02  -6.5796692674e+00  6.7025573934e+01
1.2621047118e+02  2.2194151473e+01  6.4964505903e+01
1.1747204608e+02  4.9412562366e+01  6.3790712658e+01
1.0353211224e+02  7.4212331018e+01  6.2932558128e+01
8.3452491469e+01  9.4092682370e+01  6.1312265559e+01
5.8674175793e+01  1.0673944139e+02  5.8606787650e+01
3.2360868180e+01  1.1257660525e+02  5.5697605347e+01
6.5474964023e+00  1.1445196899e+02  5.4004661048e+01
-1.9184387512e+01  1.1460056462e+02  5.4414418799e+01
-4.5969463124e+01  1.1214034021e+02  5.6615221082e+01
-7.2869091548e+01  1.0377163499e+02  5.9258506184e+01
-9.6753307328e+01  8.7536311323e+01  6.1159458078e+01
-1.1552859236e+02  6.4947130814e+01  6.2474099192e+01
-1.2911251754e+02  3.8339406629e+01  6.4014128541e+01
-1.3589826843e+02  8.8323495492e+00  6.5400704560e+01
-1.3172457217e+02  -2.1160780769e+01  6.4802987348e+01
-1.1574671355e+02  -4.6785019577e+01  6.1333433609e+01
-9.3895035885e+01  -6.5569424107e+01  5.6883804555e+01
-7.2412811460e+01  -8.0031702187e+01  5.4203688309e+01
-5.2032303866e+01  -9.3059206551e+01  5.4154820173e+01
-3.0213176540e+01  -1.0343381475e+02  5.5311623282e+01
-6.2848570549e+00  -1.0760125560e+02  5.5781505260e+01
1.7824729535e+01  -1.0533735167e+02  5.5594143105e+01
4.1555635241e+01  -1.0011909086e+02  5.6617463069e+01
6.6631138723e+01  -9.3529870519e+01  6.0129531757e+01
9.2907888750e+01  -8.2516195999e+01  6.5088360292e+01
1.1535997602e+02  -6.3119891490e+01  6.8659495352e+01
1.4027548723e+02  -4.0062936209e+01  4.8613762420e+01
1.4739628716e+02  -1.2087866443e+01  4.8741749685e+01
1.4821770575e+02  1.7027761546e+01  4.8523002055e+01
1.4279673800e+02  4.5808892162e+01  4.8049441141e+01
1.3041102415e+02  7.2310236741e+01  4.6999517671e+01
1.1118780587e+02  9.4012194064e+01  4.5093481513e+01
8.7071107570e+01  1.0911272831e+02  4.2456106311e+01
6.1004498146e+01  1.1767836159e+02  3.9606577544e+01
3.5334756938e+01  1.2152093397e+02  3.7214525183e+01
1.0786546499e+01  1.2301367068e+02  3.5844994859e+01
-1.3438482269e+01  1.2355390805e+02  3.5754477538e+01
-3.8458125358e+01  1.2243282732e+02  3.6739953874e+01
-6.4033968147e+01  1.1709254504e+02  3.8156788132e+01
-8.8098188897e+01  1.0533947927e+02  3.9327104357e+01
-1.0877657092e+02  8.7639419691e+01  4.0191641165e+01
-1.2658446496e+02  6.6227828977e+01  4.1439678012e+01
-1.4303378919e+02  4.2033778647e+01  4.3752711696e+01
-1.5649517021e+02  1.4063646062e+01  4.6783612647e+01
-1.6050516576e+02  -1.7188566366e+01  4.8815136395e+01
-1.4927905031e+02  -4.6721557625e+01  4.8019873016e+01
-1.2562053769e+02  -6.8699537668e+01  4.4563460483e+01
-9.8698003029e+01  -8.2786214892e+01  4.0606989594e+01
-7.4697663802e+01  -9.3257362961e+01  3.8148033940e+01
-5.3568618923e+01  -1.0336915404e+02  3.7673357605e+01
-3.2456330245e+01  -1.1238818084e+02  3.8349211410e+01
-9.8824254322e+00  -1.1712929226e+02  3.8954143210e+01
1.3153806068e+01  -1.1609100316e+02  3.9020849296e+01
3.5568877624e+01  -1.1114930679e+02  3.9180811483e+01
5.8053386224e+01  -1.0467083539e+02  4.0328797532e+01
8.1702308225e+01  -9.6423241861e+01  4.2666384854e+01
1.0551908126e+02  -8.3820185446e+01  4.5462284744e+01
1.2609539946e+02  -6.4801099245e+01  4.7622541874e+01
1.5235720146e+02  -4.3942710186e+01  2.6496244302e+01
1.6276298564e+02  -1.7424105253e+01  2.6894446835e+01
1.6705737162e+02  1.1291694421e+01  2.6939134411e+01
1.6384992570e+02  4.0369945046e+01  2.6482185237e+01
1.5228067074e+02  6.7194412603e+01  2.5380284027e+01
1.3332124326e+02  8.9152734908e+01  2.3681139109e+01
1.0972658467e+02  1.0495199430e+02  2.1655893479e+01
8.4569595802e+01  1.1503996444e+02  1.9651746424e+01
5.9915638976e+01  1.2089745575e+02  1.7939072154e+01
3.6522908458e+01  1.2415439016e+02  1.6671611175e+01
1.4154426607e+01  1.2607963473e+02  1.5918227994e+01
-8.0015835404e+00  1.2721556756e+02  1.5680690801e+01
-3.0759053227e+01  1.2697827537e+02  1.5871604165e+01
-5.4125072843e+01  1.2364480076e+02  1.6297720874e+01
-7.6839405179e+01  1.1536055041e+02  1.6728491559e+01
-9.7240179586e+01  1.0178093681e+02  1.7069982343e+01
-1.1511000229e+02  8.4491283897e+01  1.7504113841e+01
-1.3231472967e+02  6.5250589943e+01  1.8415886084e+01
-1.5091274170e+02  4.3918348722e+01  2.0124936945e+01
-1.6982630093e+02  1.8479730691e+01  2.2549481205e+01
-1.8268536771e+02  -1.2136631718e+01  2.4951403194e+01
-1.8080303298e+02  -4.4466744761e+01  2.6156131724e+01
-1.6151042195e+02  -7.1397572535e+01  2.5487474720e+01
-1.3191020989e+02  -8.8633483497e+01  2.3482564996e+01
-1.0187797554e+02  -9.8238930328e+01  2.1359846005e+01
-7.6304681933e+01  -1.0506933833e+02  2.0015805160e+01
-5.4586219558e+01  -1.1214060539e+02  1.9655530460e+01
-3.4039141285e+01  -1.1916482129e+02  1.9965532047e+01
-1.2878992166e+01  -1.2380529063e+02  2.0445037633e+01
8.8185829902e+00  -1.2425772712e+02  2.0772755624e+01
3.0255772172e+01  -1.2088273746e+02  2.1006927200e+01
5.1405609181e+01  -1.1526874253e+02  2.1438027887e+01
7.3000201656e+01  -1.0818557770e+02  2.2274861549e+01
9.5309760161e+01  -9.8756279924e+01  2.3461162384e+01
1.1725699683e+02  -8.5327891228e+01  2.4722945832e+01
1.3684704677e+02  -6.6941970116e+01  2.5775321502e+01
1.6083406575e+02  -4.6823702345e+01  1.6159769265e+00
1.7143830019e+02  -2.1885953943e+01  1.2419554806e+00
1.7610183357e+02  5.1788471347e+00  7.3637349101e-01
1.7323345125e+02  3.2560415426e+01  1.1442284210e-01
1.6224749173e+02  5.7786794206e+01  -5.8004460011e-01
1.4445965750e+02  7.8633692558e+01  -1.2807429472e+00
1.2268773917e+02  9.4196824200e+01  -1.9274871865e+00
9.9802860339e+01  1.0507680903e+02  -2.4912034009e+00
7.7565228887e+01  1.1261184429e+02  -2.9746200021e+00
5.6482200266e+01  1.1800622846e+02  -3.3958684046e+00
3.6315285631e+01  1.2197711975e+02  -3.7736166698e+00
1.6575909436e+01  1.2484081718e+02  -4.1216800194e+00
-3.2485327127e+00  1.2662058213e+02  -4.4480143135e+00
-2.3562041808e+01  1.2693259431e+02  -4.7503685793e+00
-4.4380634697e+01  1.2483793126e+02  -5.0090811078e+00
-6.5019069850e+01  1.1910959570e+02  -5.1881765779e+00
-8.4256860502e+01  1.0905942179e+02  -5.2553044082e+00
-1.0126761173e+02  9.5263668303e+01  -5.2106435599e+00
-1.1662428789e+02  7.9223110379e+01  -5.0943358175e+00
-1.3223678331e+02  6.2025088548e+01  -4.9572269425e+00
-1.4993662887e+02  4.3212056494e+01  -4.8162870881e+00
-1.6933741064e+02  2.0904928772e+01  -4.6260743999e+00
-1.8607528375e+02  -6.4693074884e+00  -4.2897252679e+00
-1.9260825071e+02  -3.7495271323e+01  -3.7274268676e+00
-1.8325691234e+02  -6.6862154630e+01  -2.9690243103e+00
-1.5963477032e+02  -8.8787975491e+01  -2.1605232989e+00
-1.2953442798e+02  -1.0167516522e+02  -1.4492268230e+00
-1.0048765526e+02  -1.0843135531e+02  -8.8317939845e-01
-7.5651672514e+01  -1.1306925023e+02  -4.2332129482e-01
-5.4411050681e+01  -1.1792356125e+02  -1.1222152956e-02
-3.4759353707e+01  -1.2304969655e+02  3.8350364316e-01
-1.5139612688e+01  -1.2706489466e+02  7.5422446496e-01
4.8820074264e+00  -1.2856727563e+02  1.0775519503e+00
2.5035447718e+01  -1.2718515240e+02  1.3416786252e+00
4.5160465149e+01  -1.2347967339e+02  1.5561617374e+00
6.5509006555e+01  -1.1800996968e+02  1.7365168332e+00
8.6340674437e+01  -1.1059968321e+02  1.8827865841e+00
1.0736261356e+02  -1.0039678812e+02  1.9726536923e+00
1.2760863510e+02  -8.6508895140e+01  1.9731425769e+00
1.4582363566e+02  -6.8572898084e+01  1.8582863886e+00
1.6106110622e+02  -4.7336835194e+01  -2.4747101362e+01
1.7004441826e+02  -1.9244486735e+01  -2.5745748205e+01
1.7058732800e+02  1.0346588787e+01  -2.6354656125e+01
1.6157510486e+02  3.8501159405e+01  -2.6354377262e+01
1.4428519685e+02  6.2251418473e+01  -2.5727236339e+01
1.2228233940e+02  8.0254873695e+01  -2.4744919723e+01
9.9284740847e+01  9.3326851017e+01  -2.3810836691e+01
7.7235431678e+01  1.0324217271e+02  -2.3219882960e+01
5.6196390351e+01  1.1124146973e+02  -2.3051910001e+01
3.5435609229e+01  1.1755071790e+02  -2.3231276196e+01
1.4367391148e+01  1.2187439600e+02  -2.3655988412e+01
-7.2572726028e+00  1.2394778463e+02  -2.4275887880e+01
-2.9499931454e+01  1.2341861417e+02  -2.5050854344e+01
-5.2030046790e+01  1.1939877457e+02  -2.5847993194e+01
-7.3716451572e+01  1.1072439528e+02  -2.6436850973e+01
-9.3039414208e+01  9.7141584874e+01  -2.6675642539e+01
-1.0957769607e+02  7.9979846025e+01  -2.6736690676e+01
-1.2492098090e+02  6.0977988780e+01  -2.7083070399e+01
-1.4142653249e+02  4.0347605588e+01  -2.8153416470e+01
-1.5935299728e+02  1.6316371473e+01  -2.9967791366e+01
-1.7430236458e+02  -1.2835113897e+01  -3.1855416868e+01
-1.7811769145e+02  -4.5261769425e+01  -3.2617337438e+01
-1.6534621188e+02  -7.4662811769e+01  -3.1394562777e+01
-1.3927244279e+02  -9.5177621968e+01  -2.8520047198e+01
-1.0882284188e+02  -1.0654468574e+02  -2.5198044659e+01
-8.0685389982e+01  -1.1280974819e+02  -2.2462542121e+01
-5.6342064738e+01  -1.1776561647e+02  -2.0676506836e+01
-3.4220059875e+01  -1.2262327694e+02  -1.9703312655e+01
-1.2501609443e+01  -1.2650407101e+02  -1.9242224063e+01
9.6015017087e+00  -1.2812234924e+02  -1.9071865881e+01
3.2139717101e+01  -1.2700795693e+02  -1.9141846155e+01
5.5175700523e+01  -1.2332011581e+02  -1.9510241404e+01
7.8842621982e+01  -1.1687921651e+02  -2.0216744065e+01
1.0274202705e+02  -1.0676739977e+02  -2.1209448312e+01
1.2559614552e+02  -9.1921615371e+01  -2.2368712062e+01
1.4562829348e+02  -7.1950634033e+01  -2.3578304048e+01
1.5144458402e+02  -4.4963900362e+01  -4.9297312182e+01
1.5657337387e+02  -1.4841294134e+01  -4.9707094785e+01
1.5160220419e+02  1.5180982802e+01  -4.8918730514e+01
1.3752836209e+02  4.1687730429e+01  -4.6989738707e+01
1.1789777512e+02  6.2748625993e+01  -4.4544556508e+01
9.6771098279e+01  7.8949172954e+01  -4.2499899616e+01
7.6160557272e+01  9.2169749989e+01  -4.1468034404e+01
5.5699969361e+01  1.0345534190e+02  -4.1450339744e+01
3.4293011746e+01  1.1226416263e+02  -4.2026089532e+01
1.1609288504e+01  1.1758886807e+02  -4.2826929084e+01
-1.1986188150e+01  1.1922662631e+02  -4.3841051666e+01
-3.6197311420e+01  1.1732785445e+02  -4.5194332426e+01
-6.0487987427e+01  1.1109766770e+02  -4.6683546553e+01
-8.3149217121e+01  9.9120038625e+01  -4.7730282611e+01
-1.0203506164e+02  8.1402759905e+01  -4.8006892181e+01
-1.1688764243e+02  5.9976480332e+01  -4.8020970081e+01
-1.2965635471e+02  3.6583944154e+01  -4.8753455001e+01
-1.4142751970e+02  1.0823150775e+01  -5.0631596309e+01
-1.4921849950e+02  -1.8254573248e+01  -5.2801963561e+01
-1.4695281030e+02  -4.8602894636e+01  -5.3458954039e+01
-1.3157821866e+02  -7.4782481425e+01  -5.1432173906e+01
-1.0715284409e+02  -9.2847139269e+01  -4.7454407164e+01
-8.0570939473e+01  -1.0380817957e+02  -4.3341345685e+01
-5.5567278917e+01  -1.1106826388e+02  -4.0367277308e+01
-3.2104610583e+01  -1.1668375701e+02  -3.8771320774e+01
-8.9201298439e+00  -1.2064656778e+02  -3.8238839531e+01
1.4786691238e+01  -1.2227299128e+02  -3.8483090169e+01
3.9373225182e+01  -1.2120487300e+02  -3.9461437820e+01
6.5053789981e+01  -1.1695755579e+02  -4.1192454450e+01
9.1350178154e+01  -1.0822289699e+02  -4.3481843948e+01
1.1639936904e+02  -9.3399327014e+01  -4.5886440135e+01
1.3734724146e+02  -7.1942461555e+01  -4.7934941759e+01
1.3496757311e+02  -4.0528188068e+01  -6.9558728698e+01
1.3679613378e+02  -9.7027952377e+00  -6.8448453640e+01
1.2822237434e+02  1.9445439715e+01  -6.5635145034e+01
1.1262531357e+02  4.3989826463e+01  -6.2172403859e+01
9.4257354017e+01  6.3799718968e+01  -5.9510448782e+01
7.5332221959e+01  8.0546732354e+01  -5.8603282346e+01
5.5240414624e+01  9.4958293600e+01  -5.9246792324e+01
3.2747425127e+01  1.0561525069e+02  -6.0420360179e+01
8.1717911074e+00  1.1101134664e+02  -6.1496217875e+01
-1.7398610509e+01  1.1165515479e+02  -6.2939603622e+01
-4.3706376527e+01  1.0837438835e+02  -6.5377874048e+01
-7.0016251218e+01  9.9660543590e+01  -6.8204765657e+01
-9.3034051567e+01  8.3136417064e+01  -6.9733199148e+01
-1.0904581802e+02  5.9623552760e+01  -6.9157499979e+01
-1.1795121624e+02  3.2868044006e+01  -6.7650355248e+01
-1.2195525946e+02  5.3351825956e+00  -6.6754946706e+01
-1.2107663231e+02  -2.2474168148e+01  -6.6479226242e+01
-1.1285778614e+02  -4.9042628558e+01  -6.5491955923e+01
-9.6572437774e+01  -7.1235339313e+01  -6.2953943967e+01
-7.5145941448e+01  -8.7339599825e+01  -5.9592897260e+01
-5.2023577676e+01  -9.8303846308e+01  -5.6737652919e+01
-2.8561144295e+01  -1.0561892228e+02  -5.5091342482e+01
-4.6725398049e+00  -1.0988672167e+02  -5.4739384670e+01
2.0046341168e+01  -1.1126550170e+02  -5.5732966775e+01
4.6114088433e+01  -1.0955300533e+02  -5.8192541186e+01
7.3498074059e+01  -1.0331501437e+02  -6.1847223016e+01
1.0018453424e+02  -9.0105696173e+01  -6.5731630771e+01
1.2205729492e+02  -6.8636127621e+01  -6.8585258472e+01
1.1608626062e+02  -3.5323116495e+01  -8.5579520640e+01
1.1686408003e+02  -4.5477736443e+00  -8.3416563331e+01
1.0737304615e+02  2.3842141666e+01  -7.9574574288e+01
9.2290560568e+01  4.7722673576e+01  -7.6385219400e+01
7.4705980139e+01  6.7910444395e+01  -7.5451916157e+01
5.4367406373e+01  8.4749158933e+01  -7.6431168643e+01
3.0363723994e+01  9.6158234567e+01  -7.7628168482e+01
3.9976827101e+00  1.0077371284e+02  -7.8551609540e+01
-2.3299097832e+01  1.0036525550e+02  -8.0885721267e+01
-5.1826830205e+01  9.5570666430e+01  -8.5617352965e+01
-7.9464704221e+01  8.2618523268e+01  -9.0185156522e+01
-9.9203555206e+01  5.8943865760e+01  -9.0432062400e+01
-1.0648051782e+02  2.9229711381e+01  -8.5983552411e+01
-1.0415943300e+02  5.1281062584e-02  -8.0358133257e+01
-9.6368405342e+01  -2.6218211783e+01  -7.6101156211e+01
-8.4100142117e+01  -4.9282645297e+01  -7.3196600443e+01
-6.7327822168e+01  -6.8309195271e+01  -7.0909465762e+01
-4.6945150466e+01  -8.2473348431e+01  -6.9092640573e+01
-2.4230201457e+01  -9.1593435768e+01  -6.8015997395e+01
-1.3598160170e-01  -9.6106271126e+01  -6.8173319880e+01
2.5172486055e+01  -9.6788054285e+01  -7.0295335635e+01
5.2108691533e+01  -9.3268926788e+01  -7.4674936789e+01
7.9517038402e+01  -8.2929601987e+01  -8.0187813595e+01
1.0278642450e+02  -6.3184694962e+01  -8.4466360387e+01
9.7228749123e+01  -3.0074251703e+01  -9.8612147801e+01
9.8732908730e+01  5.9944527644e-01  -9.6910944697e+01
8.9256860103e+01  2.9005839336e+01  -9.3669711044e+01
7.3320847080e+01  5.2930449135e+01  -9.1960666116e+01
5.2405391444e+01  7.1735712095e+01  -9.2061925182e+01
2.6888438873e+01  8.3127231898e+01  -9.2123755520e+01
-7.3928342988e-01  8.6670481427e+01  -9.2676979927e+01
-2.9415125940e+01  8.5120827042e+01  -9.7079252898e+01
-5.9452254698e+01  7.6875515783e+01  -1.0489667934e+02
-8.4086107836e+01  5.5962364810e+01  -1.0861468565e+02
-9.3058236306e+01  2.5049698106e+01  -1.0287782579e+02
-8.7588237399e+01  -5.2449154091e+00  -9.2661286397e+01
-7.5642607780e+01  -3.0219615132e+01  -8.4750527297e+01
-6.0567289058e+01  -5.0687730056e+01  -8.0709836437e+01
-4.1935695790e+01  -6.6736338275e+01  -7.9051810444e+01
-1.9812152345e+01  -7.7091344312e+01  -7.8477847555e+01
4.4836435387e+00  -8.1477809678e+01  -7.9348042522e+01
3.0314948026e+01  -8.0709077941e+01  -8.3048326071e+01
5.7425918678e+01  -7.3589746955e+01  -8.9558196091e+01
8.2125477410e+01  -5.6737116994e+01  -9.5961690427e+01
7.8396675293e+01  -2.4788415313e+01  -1.0903070443e+02
8.0594707577e+01  5.9387466712e+00  -1.0903420219e+02
6.9400191091e+01  3.4232687350e+01  -1.0684198383e+02
4.8923534353e+01  5.5625700965e+01  -1.0492962038e+02
2.2513550185e+01  6.7253942665e+01  -1.0294054485e+02
-5.7664563238e+00  6.9823038950e+01  -1.0360968438e+02
-3.5263798903e+01  6.5620439346e+01  -1.1108769261e+02
-6.2983721328e+01  4.9469861903e+01  -1.1914709413e+02
-7.5803583629e+01  1.9832015261e+01  -1.1541150203e+02
-7.0256351013e+01  -1.0645629691e+01  -1.0298315201e+02
-5.6068847313e+01  -3.4438616422e+01  -9.3278549016e+01
-3.7837335458e+01  -5.2197062398e+01  -8.9120662228e+01
-1.5629159515e+01  -6.3340975563e+01  -8.8105360120e+01
9.2726024114e+00  -6.7023557159e+01  -8.9766965909e+01
3.5701499457e+01  -6.3358176837e+01  -9.5557658523e+01
6.1273612245e+01  -4.9831815846e+01  -1.0376270939e+02
5.8979245467e+01  -1.9273515348e+01  -1.1595579654e+02
5.9961130967e+01  1.1238462767e+01  -1.1728977567e+02
4.3737951504e+01  3.6810259865e+01  -1.1426526254e+02
1.7678586768e+01  5.0031286799e+01  -1.1041690941e+02
-1.0899702933e+01  5.1220013935e+01  -1.1215568642e+02
-3.9047335940e+01  4.0330940827e+01  -1.2099170499e+02
-5.5422975428e+01  1.3820602802e+01  -1.2128404768e+02
-5.0861158606e+01  -1.5851196920e+01  -1.0975046955e+02
-3.4237149339e+01  -3.7583771628e+01  -1.0070609223e+02
-1.1555557512e+01  -4.9977586723e+01  -9.7864485208e+01
1.4430995245e+01  -5.2044082234e+01  -1.0044779932e+02
4.0536939546e+01  -4.2494906753e+01  -1.0843689436e+02
3.9305516334e+01  -1.3615047954e+01  -1.1880078322e+02
3.6088585884e+01  1.5525641399e+01  -1.1950779061e+02
1.2695867061e+01  3.2470733457e+01  -1.1548425135e+02
-1.5669057829e+01  3.0068892274e+01  -1.1853530479e+02
-3.4615345082e+01  7.7815953252e+00  -1.2148225061e+02
-2.9146034006e+01  -2.0183494115e+01  -1.1263170158e+02
-7.2630911987e+00  -3.5833113416e+01  -1.0726465134e+02
1.9680791204e+01  -3.4177831173e+01  -1.1103201643e+02
2.0382319635e+01  -8.1258250269e+00  -1.1878937214e+02
7.6330738380e+00  1.4786442147e+01  -1.1841491791e+02
-1.5360758566e+01  2.2296481507e+00  -1.1952492169e+02
-2.5484282482e+00  -2.0086744349e+01  -1.1464040457e+02
2.4999673666e+00  -2.9327281957e+00  -1.1843666517e+02
