                1                   2                   3
                1                   3                   4
                1                   4                   5
                1                   5                   2
                2                   6                   7
                7                   3                   2
                3                   7                   8
                3                   8                   9
                9                   4                   3
                4                   9                  10
                4                  10                  11
               11                   5                   4
                5                  11                  12
                5                  12                  13
               13                   2                   5
                2                  13                   6
                6                  14                  15
               15                   7                   6
                7                  15                  16
               16                   8                   7
                8                  16                  17
                8                  17                  18
               18                   9                   8
                9                  18                  19
               19                  10                   9
               10                  19                  20
               10                  20                  21
               21                  11                  10
               11                  21                  22
               22                  12                  11
               12                  22                  23
               12                  23                  24
               24                  13                  12
               13                  24                  25
               25                   6                  13
                6                  25                  14
               14                  26                  27
               27                  15                  14
               15                  27                  28
               28                  16                  15
               16                  28                  29
               29                  17                  16
               17                  29                  30
               17                  30                  31
               31                  18                  17
               18                  31                  32
               32                  19                  18
               19                  32                  33
               33                  20                  19
               20                  33                  34
               20                  34                  35
               35                  21                  20
               21                  35                  36
               36                  22                  21
               22                  36                  37
               37                  23                  22
               23                  37                  38
               23                  38                  39
               39                  24                  23
               24                  39                  40
               40                  25                  24
               25                  40                  41
               41                  14                  25
               14                  41                  26
               26                  42                  43
               43                  27                  26
               27                  43                  44
               44                  28                  27
               28                  44                  45
               45                  29                  28
               29                  45                  46
               46                  30                  29
               30                  46                  47
               30                  47                  48
               48                  31                  30
               31                  48                  49
               49                  32                  31
               32                  49                  50
               50                  33                  32
               33                  50                  51
               51                  34                  33
               34                  51                  52
               34                  52                  53
               53                  35                  34
               35                  53                  54
               54                  36                  35
               36                  54                  55
               55                  37                  36
               37                  55                  56
               56                  38                  37
               38                  56                  57
               38                  57                  58
               58                  39                  38
               39                  58                  59
               59                  40                  39
               40                  59                  60
               60                  41                  40
               41                  60                  61
               61                  26                  41
               26                  61                  42
               42                  62                  63
               63                  43                  42
               43                  63                  64
               64                  44                  43
               44                  64                  65
               65                  45                  44
               45                  65                  66
               66                  46                  45
               46                  66                  67
               67                  47                  46
               47                  67                  68
               47                  68                  69
               69                  48                  47
               48                  69                  70
               70                  49                  48
               49                  70                  71
               71                  50                  49
               50                  71                  72
               72                  51                  50
               51                  72                  73
               73                  52                  51
               52                  73                  74
               52                  74                  75
               75                  53                  52
               53                  75                  76
               76                  54                  53
               54                  76                  77
               77                  55                  54
               55                  77                  78
               78                  56                  55
               56                  78                  79
               79                  57                  56
               57                  79                  80
               57                  80                  81
               81                  58                  57
               58                  81                  82
               82                  59                  58
               59                  82                  83
               83                  60                  59
               60                  83                  84
               84                  61                  60
               61                  84                  85
               85                  42                  61
               42                  85                  62
               62                  86                  87
               87                  63                  62
               63                  87                  88
               88                  64                  63
               64                  88                  89
               89                  65                  64
               65                  89                  90
               90                  66                  65
               66                  90                  91
               91                  67                  66
               67                  91                  92
               92                  68                  67
               68                  92                  93
               68                  93                  94
               94                  69                  68
               69                  94                  95
               95                  70                  69
               70                  95                  96
               96                  71                  70
               71                  96                  97
               97                  72                  71
               72                  97                  98
               98                  73                  72
               73                  98                  99
               99                  74                  73
               74                  99                 100
               74                 100                 101
              101                  75                  74
               75                 101                 102
              102                  76                  75
               76                 102                 103
              103                  77                  76
               77                 103                 104
              104                  78                  77
               78                 104                 105
              105                  79                  78
               79                 105                 106
              106                  80                  79
               80                 106                 107
               80                 107                 108
              108                  81                  80
               81                 108                 109
              109                  82                  81
               82                 109                 110
              110                  83                  82
               83                 110                 111
              111                  84                  83
               84                 111                 112
              112                  85                  84
               85                 112                 113
              113                  62                  85
               62                 113                  86
               86                 114                 115
              115                  87                  86
               87                 115                 116
              116                  88                  87
               88                 116                 117
              117                  89                  88
               89                 117                 118
              118                  90                  89
               90                 118                 119
              119                  91                  90
               91                 119                 120
              120                  92                  91
               92                 120                 121
              121                  93                  92
               93                 121                 122
               93                 122                 123
              123                  94                  93
               94                 123                 124
              124                  95                  94
               95                 124                 125
              125                  96                  95
               96                 125                 126
              126                  97                  96
               97                 126                 127
              127                  98                  97
               98                 127                 128
              128                  99                  98
               99                 128                 129
              129                 100                  99
              100                 129                 130
              100                 130                 131
              131                 101                 100
              101                 131                 132
              132                 102                 101
              102                 132                 133
              133                 103                 102
              103                 133                 134
              134                 104                 103
              104                 134                 135
              135                 105                 104
              105                 135                 136
              136                 106                 105
              106                 136                 137
              137                 107                 106
              107                 137                 138
              107                 138                 139
              139                 108                 107
              108                 139                 140
              140                 109                 108
              109                 140                 141
              141                 110                 109
              110                 141                 142
              142                 111                 110
              111                 142                 143
              143                 112                 111
              112                 143                 144
              144                 113                 112
              113                 144                 145
              145                  86                 113
               86                 145                 114
              114                 146                 147
              147                 115                 114
              115                 147                 148
              148                 116                 115
              116                 148                 149
              149                 117                 116
              117                 149                 150
              150                 118                 117
              118                 150                 151
              151                 119                 118
              119                 151                 152
              152                 120                 119
              120                 152                 153
              153                 121                 120
              121                 153                 154
              154                 122                 121
              122                 154                 155
              122                 155                 156
              156                 123                 122
              123                 156                 157
              157                 124                 123
              124                 157                 158
              158                 125                 124
              125                 158                 159
              159                 126                 125
              126                 159                 160
              160                 127                 126
              127                 160                 161
              161                 128                 127
              128                 161                 162
              162                 129                 128
              129                 162                 163
              163                 130                 129
              130                 163                 164
              130                 164                 165
              165                 131                 130
              131                 165                 166
              166                 132                 131
              132                 166                 167
              167                 133                 132
              133                 167                 168
              168                 134                 133
              134                 168                 169
              169                 135                 134
              135                 169                 170
              170                 136                 135
              136                 170                 171
              171                 137                 136
              137                 171                 172
              172                 138                 137
              138                 172                 173
              138                 173                 174
              174                 139                 138
              139                 174                 175
              175                 140                 139
              140                 175                 176
              176                 141                 140
              141                 176                 177
              177                 142                 141
              142                 177                 178
              178                 143                 142
              143                 178                 179
              179                 144                 143
              144                 179                 180
              180                 145                 144
              145                 180                 181
              181                 114                 145
              114                 181                 146
              146                 182                 183
              183                 147                 146
              147                 183                 184
              184                 148                 147
              148                 184                 185
              185                 149                 148
              149                 185                 186
              186                 150                 149
              150                 186                 187
              187                 151                 150
              151                 187                 188
              188                 152                 151
              152                 188                 189
              189                 153                 152
              153                 189                 190
              190                 154                 153
              154                 190                 191
              191                 155                 154
              155                 191                 192
              155                 192                 193
              193                 156                 155
              156                 193                 194
              194                 157                 156
              157                 194                 195
              195                 158                 157
              158                 195                 196
              196                 159                 158
              159                 196                 197
              197                 160                 159
              160                 197                 198
              198                 161                 160
              161                 198                 199
              199                 162                 161
              162                 199                 200
              200                 163                 162
              163                 200                 201
              201                 164                 163
              164                 201                 202
              164                 202                 203
              203                 165                 164
              165                 203                 204
              204                 166                 165
              166                 204                 205
              205                 167                 166
              167                 205                 206
              206                 168                 167
              168                 206                 207
              207                 169                 168
              169                 207                 208
              208                 170                 169
              170                 208                 209
              209                 171                 170
              171                 209                 210
              210                 172                 171
              172                 210                 211
              211                 173                 172
              173                 211                 212
              173                 212                 213
              213                 174                 173
              174                 213                 214
              214                 175                 174
              175                 214                 215
              215                 176                 175
              176                 215                 216
              216                 177                 176
              177                 216                 217
              217                 178                 177
              178                 217                 218
              218                 179                 178
              179                 218                 219
              219                 180                 179
              180                 219                 220
              220                 181                 180
              181                 220                 221
              221                 146                 181
              146                 221                 182
              222                 183                 182
              223                 183                 222
              223                 184                 183
              224                 184                 223
              224                 185                 184
              225                 185                 224
              225                 186                 185
              226                 186                 225
              226                 187                 186
              227                 187                 226
              227                 188                 187
              228                 188                 227
              228                 189                 188
              229                 189                 228
              229                 190                 189
              230                 190                 229
              230                 191                 190
              231                 191                 230
              231                 192                 191
              231                 193                 192
              232                 193                 231
              232                 194                 193
              233                 194                 232
              233                 195                 194
              234                 195                 233
              234                 196                 195
              235                 196                 234
              235                 197                 196
              236                 197                 235
              236                 198                 197
              237                 198                 236
              237                 199                 198
              238                 199                 237
              238                 200                 199
              239                 200                 238
              239                 201                 200
              240                 201                 239
              240                 202                 201
              240                 203                 202
              241                 203                 240
              241                 204                 203
              242                 204                 241
              242                 205                 204
              243                 205                 242
              243                 206                 205
              244                 206                 243
              244                 207                 206
              245                 207                 244
              245                 208                 207
              246                 208                 245
              246                 209                 208
              247                 209                 246
              247                 210                 209
              248                 210                 247
              248                 211                 210
              249                 211                 248
              249                 212                 211
              249                 213                 212
              250                 213                 249
              250                 214                 213
              251                 214                 250
              251                 215                 214
              252                 215                 251
              252                 216                 215
              253                 216                 252
              253                 217                 216
              254                 217                 253
              254                 218                 217
              255                 218                 254
              255                 219                 218
              256                 219                 255
              256                 220                 219
              257                 220                 256
              257                 221                 220
              222                 221                 257
              222                 182                 221
              258                 223                 222
              259                 223                 258
              259                 224                 223
              260                 224                 259
              260                 225                 224
              261                 225                 260
              261                 226                 225
              262                 226                 261
              262                 227                 226
              263                 227                 262
              263                 228                 227
              264                 228                 263
              264                 229                 228
              265                 229                 264
              265                 230                 229
              266                 230                 265
              266                 231                 230
              266                 232                 231
              267                 232                 266
              267                 233                 232
              268                 233                 267
              268                 234                 233
              269                 234                 268
              269                 235                 234
              270                 235                 269
              270                 236                 235
              271                 236                 270
              271                 237                 236
              272                 237                 271
              272                 238                 237
              273                 238                 272
              273                 239                 238
              274                 239                 273
              274                 240                 239
              274                 241                 240
              275                 241                 274
              275                 242                 241
              276                 242                 275
              276                 243                 242
              277                 243                 276
              277                 244                 243
              278                 244                 277
              278                 245                 244
              279                 245                 278
              279                 246                 245
              280                 246                 279
              280                 247                 246
              281                 247                 280
              281                 248                 247
              282                 248                 281
              282                 249                 248
              282                 250                 249
              283                 250                 282
              283                 251                 250
              284                 251                 283
              284                 252                 251
              285                 252                 284
              285                 253                 252
              286                 253                 285
              286                 254                 253
              287                 254                 286
              287                 255                 254
              288                 255                 287
              288                 256                 255
              289                 256                 288
              289                 257                 256
              258                 257                 289
              258                 222                 257
              290                 259                 258
              291                 259                 290
              291                 260                 259
              292                 260                 291
              292                 261                 260
              293                 261                 292
              293                 262                 261
              294                 262                 293
              294                 263                 262
              295                 263                 294
              295                 264                 263
              296                 264                 295
              296                 265                 264
              297                 265                 296
              297                 266                 265
              297                 267                 266
              298                 267                 297
              298                 268                 267
              299                 268                 298
              299                 269                 268
              300                 269                 299
              300                 270                 269
              301                 270                 300
              301                 271                 270
              302                 271                 301
              302                 272                 271
              303                 272                 302
              303                 273                 272
              304                 273                 303
              304                 274                 273
              304                 275                 274
              305                 275                 304
              305                 276                 275
              306                 276                 305
              306                 277                 276
              307                 277                 306
              307                 278                 277
              308                 278                 307
              308                 279                 278
              309                 279                 308
              309                 280                 279
              310                 280                 309
              310                 281                 280
              311                 281                 310
              311                 282                 281
              311                 283                 282
              312                 283                 311
              312                 284                 283
              313                 284                 312
              313                 285                 284
              314                 285                 313
              314                 286                 285
              315                 286                 314
              315                 287                 286
              316                 287                 315
              316                 288                 287
              317                 288                 316
              317                 289                 288
              290                 289                 317
              290                 258                 289
              318                 291                 290
              319                 291                 318
              319                 292                 291
              320                 292                 319
              320                 293                 292
              321                 293                 320
              321                 294                 293
              322                 294                 321
              322                 295                 294
              323                 295                 322
              323                 296                 295
              324                 296                 323
              324                 297                 296
              324                 298                 297
              325                 298                 324
              325                 299                 298
              326                 299                 325
              326                 300                 299
              327                 300                 326
              327                 301                 300
              328                 301                 327
              328                 302                 301
              329                 302                 328
              329                 303                 302
              330                 303                 329
              330                 304                 303
              330                 305                 304
              331                 305                 330
              331                 306                 305
              332                 306                 331
              332                 307                 306
              333                 307                 332
              333                 308                 307
              334                 308                 333
              334                 309                 308
              335                 309                 334
              335                 310                 309
              336                 310                 335
              336                 311                 310
              336                 312                 311
              337                 312                 336
              337                 313                 312
              338                 313                 337
              338                 314                 313
              339                 314                 338
              339                 315                 314
              340                 315                 339
              340                 316                 315
              341                 316                 340
              341                 317                 316
              318                 317                 341
              318                 290                 317
              342                 319                 318
              343                 319                 342
              343                 320                 319
              344                 320                 343
              344                 321                 320
              345                 321                 344
              345                 322                 321
              346                 322                 345
              346                 323                 322
              347                 323                 346
              347                 324                 323
              347                 325                 324
              348                 325                 347
              348                 326                 325
              349                 326                 348
              349                 327                 326
              350                 327                 349
              350                 328                 327
              351                 328                 350
              351                 329                 328
              352                 329                 351
              352                 330                 329
              352                 331                 330
              353                 331                 352
              353                 332                 331
              354                 332                 353
              354                 333                 332
              355                 333                 354
              355                 334                 333
              356                 334                 355
              356                 335                 334
              357                 335                 356
              357                 336                 335
              357                 337                 336
              358                 337                 357
              358                 338                 337
              359                 338                 358
              359                 339                 338
              360                 339                 359
              360                 340                 339
              361                 340                 360
              361                 341                 340
              342                 341                 361
              342                 318                 341
              362                 343                 342
              363                 343                 362
              363                 344                 343
              364                 344                 363
              364                 345                 344
              365                 345                 364
              365                 346                 345
              366                 346                 365
              366                 347                 346
              366                 348                 347
              367                 348                 366
              367                 349                 348
              368                 349                 367
              368                 350                 349
              369                 350                 368
              369                 351                 350
              370                 351                 369
              370                 352                 351
              370                 353                 352
              371                 353                 370
              371                 354                 353
              372                 354                 371
              372                 355                 354
              373                 355                 372
              373                 356                 355
              374                 356                 373
              374                 357                 356
              374                 358                 357
              375                 358                 374
              375                 359                 358
              376                 359                 375
              376                 360                 359
              377                 360                 376
              377                 361                 360
              362                 361                 377
              362                 342                 361
              378                 363                 362
              379                 363                 378
              379                 364                 363
              380                 364                 379
              380                 365                 364
              381                 365                 380
              381                 366                 365
              381                 367                 366
              382                 367                 381
              382                 368                 367
              383                 368                 382
              383                 369                 368
              384                 369                 383
              384                 370                 369
              384                 371                 370
              385                 371                 384
              385                 372                 371
              386                 372                 385
              386                 373                 372
              387                 373                 386
              387                 374                 373
              387                 375                 374
              388                 375                 387
              388                 376                 375
              389                 376                 388
              389                 377                 376
              378                 377                 389
              378                 362                 377
              390                 379                 378
              391                 379                 390
              391                 380                 379
              392                 380                 391
              392                 381                 380
              392                 382                 381
              393                 382                 392
              393                 383                 382
              394                 383                 393
              394                 384                 383
              394                 385                 384
              395                 385                 394
              395                 386                 385
              396                 386                 395
              396                 387                 386
              396                 388                 387
              397                 388                 396
              397                 389                 388
              390                 389                 397
              390                 378                 389
              398                 391                 390
              399                 391                 398
              399                 392                 391
              399                 393                 392
              400                 393                 399
              400                 394                 393
              400                 395                 394
              401                 395                 400
              401                 396                 395
              401                 397                 396
              398                 397                 401
              398                 390                 397
              402                 399                 398
              402                 400                 399
              402                 401                 400
              402                 398                 401
