-5.49749e-03 -1.31350e-04 1.94597e-01
1.28007e-02 -1.51424e-04 1.86036e-01
3.53474e-03 1.69938e-02 1.86134e-01
-1.44161e-02 1.72398e-02 1.89561e-01
-2.34183e-02 -1.09336e-04 1.93834e-01
-1.47106e-02 -1.82270e-02 1.98020e-01
3.76620e-03 -1.79273e-02 1.93441e-01
3.11035e-02 -1.71465e-04 1.77325e-01
2.58259e-02 1.89442e-02 1.76548e-01
1.24173e-02 3.32859e-02 1.79100e-01
-5.48517e-03 3.84485e-02 1.79676e-01
-2.28317e-02 3.36429e-02 1.82422e-01
-3.54555e-02 1.98060e-02 1.87198e-01
-4.01174e-02 -8.76670e-05 1.88631e-01
-3.60696e-02 -2.04825e-02 1.91892e-01
-2.37623e-02 -3.63496e-02 1.96441e-01
-5.54471e-03 -4.21358e-02 1.96276e-01
1.31233e-02 -3.53676e-02 1.88811e-01
2.65057e-02 -1.97809e-02 1.81246e-01
4.93927e-02 -1.91195e-04 1.67473e-01
4.61341e-02 1.79746e-02 1.68044e-01
3.72929e-02 3.44829e-02 1.70082e-01
2.38622e-02 4.74428e-02 1.72043e-01
7.44823e-03 5.47098e-02 1.71735e-01
-9.75476e-03 5.62276e-02 1.72261e-01
-2.59911e-02 5.21528e-02 1.74695e-01
-3.97872e-02 4.26525e-02 1.78823e-01
-4.96084e-02 2.77380e-02 1.80534e-01
-5.46361e-02 9.52617e-03 1.80275e-01
-5.48904e-02 -9.71078e-03 1.81215e-01
-5.03342e-02 -2.83820e-02 1.83750e-01
-4.08937e-02 -4.44801e-02 1.85908e-01
-2.73297e-02 -5.70970e-02 1.91245e-01
-1.01878e-02 -6.31064e-02 1.93465e-01
8.34876e-03 -6.10034e-02 1.91268e-01
2.54008e-02 -5.11084e-02 1.84368e-01
3.85782e-02 -3.59952e-02 1.75694e-01
4.68121e-02 -1.85687e-02 1.69962e-01
6.80623e-02 -2.11662e-04 1.58682e-01
6.52933e-02 1.87165e-02 1.59524e-01
5.75271e-02 3.65706e-02 1.60878e-01
4.57968e-02 5.28149e-02 1.64707e-01
3.01770e-02 6.45490e-02 1.64721e-01
1.26918e-02 7.20831e-02 1.65431e-01
-5.47535e-03 7.42573e-02 1.65131e-01
-2.29513e-02 7.18173e-02 1.66032e-01
-3.86950e-02 6.48659e-02 1.68113e-01
-5.19664e-02 5.37632e-02 1.71597e-01
-6.20093e-02 3.84876e-02 1.74533e-01
-6.78609e-02 1.97820e-02 1.73744e-01
-6.97289e-02 -4.74623e-05 1.72491e-01
-6.76413e-02 -1.96447e-02 1.71410e-01
-6.19838e-02 -3.81699e-02 1.72257e-01
-5.26991e-02 -5.46286e-02 1.73844e-01
-4.00176e-02 -6.83248e-02 1.76920e-01
-2.42003e-02 -7.88816e-02 1.82573e-01
-5.62351e-03 -8.24474e-02 1.83458e-01
1.39179e-02 -7.98451e-02 1.83084e-01
3.25160e-02 -7.07630e-02 1.80068e-01
4.76524e-02 -5.51960e-02 1.70785e-01
5.90590e-02 -3.78352e-02 1.64506e-01
6.60327e-02 -1.92857e-02 1.60671e-01
8.72522e-02 -2.33012e-04 1.50863e-01
8.49114e-02 1.85507e-02 1.51417e-01
7.85061e-02 3.67182e-02 1.52574e-01
6.86738e-02 5.39815e-02 1.55457e-01
5.57223e-02 6.97752e-02 1.59496e-01
3.92712e-02 8.03237e-02 1.57812e-01
2.17428e-02 8.82009e-02 1.58272e-01
3.51660e-03 9.10915e-02 1.56701e-01
-1.42723e-02 9.05103e-02 1.56226e-01
-3.10865e-02 8.72702e-02 1.58292e-01
-4.62230e-02 7.98493e-02 1.59818e-01
-5.95045e-02 6.96165e-02 1.63258e-01
-7.05849e-02 5.62199e-02 1.67570e-01
-7.84420e-02 3.90591e-02 1.68761e-01
-8.24836e-02 1.95998e-02 1.65797e-01
-8.33538e-02 -2.83339e-05 1.62620e-01
-8.13339e-02 -1.90833e-02 1.60532e-01
-7.66940e-02 -3.72718e-02 1.60115e-01
-6.92641e-02 -5.38698e-02 1.59700e-01
-5.89799e-02 -6.76829e-02 1.57969e-01
-4.65082e-02 -7.94432e-02 1.58386e-01
-3.20159e-02 -9.04862e-02 1.63823e-01
-1.49380e-02 -9.72180e-02 1.67719e-01
3.90536e-03 -9.92897e-02 1.70673e-01
2.34118e-02 -9.61629e-02 1.72225e-01
4.20969e-02 -8.73313e-02 1.71053e-01
5.79943e-02 -7.26000e-02 1.64737e-01
7.06865e-02 -5.55689e-02 1.58487e-01
8.00438e-02 -3.76582e-02 1.54388e-01
8.58271e-02 -1.91677e-02 1.52569e-01
1.07356e-01 -2.55933e-04 1.44822e-01
1.05070e-01 1.92038e-02 1.44991e-01
9.91991e-02 3.81698e-02 1.45723e-01
8.99940e-02 5.62017e-02 1.47031e-01
7.81042e-02 7.34314e-02 1.50159e-01
6.32532e-02 8.84328e-02 1.52680e-01
4.56798e-02 9.86175e-02 1.51488e-01
2.70482e-02 1.04771e-01 1.49317e-01
8.25993e-03 1.07055e-01 1.46742e-01
-9.96426e-03 1.06941e-01 1.45884e-01
-2.73576e-02 1.05078e-01 1.47590e-01
-4.35798e-02 1.00056e-01 1.49756e-01
-5.81496e-02 9.13830e-02 1.51385e-01
-7.10645e-02 8.02619e-02 1.54258e-01
-8.21481e-02 6.66044e-02 1.58161e-01
-9.03362e-02 4.94020e-02 1.59384e-01
-9.56580e-02 3.02096e-02 1.59198e-01
-9.70853e-02 9.89544e-03 1.54647e-01
-9.60497e-02 -9.71900e-03 1.51394e-01
-9.24676e-02 -2.83667e-02 1.48711e-01
-8.70513e-02 -4.61962e-02 1.48301e-01
-7.87396e-02 -6.14275e-02 1.44949e-01
-6.85937e-02 -7.45191e-02 1.42263e-01
-5.67618e-02 -8.58653e-02 1.41259e-01
-4.34400e-02 -9.70323e-02 1.44400e-01
-2.80565e-02 -1.07041e-01 1.49858e-01
-1.04199e-02 -1.13231e-01 1.54209e-01
8.87200e-03 -1.15762e-01 1.58462e-01
2.89504e-02 -1.13399e-01 1.61234e-01
4.83791e-02 -1.04987e-01 1.60567e-01
6.58071e-02 -9.15515e-02 1.56926e-01
8.06846e-02 -7.54676e-02 1.52979e-01
9.24196e-02 -5.76509e-02 1.49236e-01
1.00750e-01 -3.88873e-02 1.46256e-01
1.05959e-01 -1.97844e-02 1.45367e-01
1.25759e-01 -2.75514e-04 1.33853e-01
1.24252e-01 1.94819e-02 1.35452e-01
1.19754e-01 3.93798e-02 1.37984e-01
1.12459e-01 5.93257e-02 1.41630e-01
1.01127e-01 7.74322e-02 1.42955e-01
8.65268e-02 9.29040e-02 1.42787e-01
7.03763e-02 1.07473e-01 1.44853e-01
5.19264e-02 1.17408e-01 1.44039e-01
3.21715e-02 1.20754e-01 1.38895e-01
1.29661e-02 1.22105e-01 1.35481e-01
-5.49099e-03 1.21554e-01 1.33594e-01
-2.30662e-02 1.20134e-01 1.34277e-01
-3.97081e-02 1.16710e-01 1.36152e-01
-5.51647e-02 1.10296e-01 1.37965e-01
-6.88474e-02 9.98564e-02 1.38001e-01
-8.16444e-02 8.90891e-02 1.41521e-01
-9.28521e-02 7.58377e-02 1.45591e-01
-1.01308e-01 5.89436e-02 1.46911e-01
-1.07016e-01 3.99407e-02 1.46425e-01
-1.09906e-01 1.99687e-02 1.44586e-01
-1.09304e-01 9.10525e-06 1.39904e-01
-1.07354e-01 -1.91960e-02 1.38833e-01
-1.02948e-01 -3.75570e-02 1.37364e-01
-9.62744e-02 -5.43095e-02 1.34866e-01
-8.72109e-02 -6.79992e-02 1.29716e-01
-7.72866e-02 -8.04316e-02 1.26877e-01
-6.61983e-02 -9.18959e-02 1.26111e-01
-5.37679e-02 -1.02876e-01 1.27727e-01
-3.98346e-02 -1.14107e-01 1.32422e-01
-2.37934e-02 -1.23117e-01 1.37204e-01
-5.77829e-03 -1.28405e-01 1.40858e-01
1.38115e-02 -1.31686e-01 1.45895e-01
3.41996e-02 -1.29661e-01 1.48736e-01
5.42588e-02 -1.22339e-01 1.49248e-01
7.29499e-02 -1.10439e-01 1.47765e-01
8.97789e-02 -9.58079e-02 1.46098e-01
1.03693e-01 -7.85312e-02 1.43509e-01
1.14074e-01 -5.94720e-02 1.40136e-01
1.21420e-01 -3.99833e-02 1.37852e-01
1.24702e-01 -1.99104e-02 1.34371e-01
1.39414e-01 -2.87257e-04 1.14890e-01
1.38691e-01 1.85770e-02 1.17313e-01
1.36533e-01 3.85843e-02 1.22636e-01
1.30928e-01 5.88710e-02 1.26962e-01
1.21503e-01 7.80309e-02 1.29340e-01
1.09408e-01 9.63959e-02 1.32039e-01
9.42001e-02 1.12412e-01 1.33527e-01
7.69977e-02 1.26455e-01 1.35089e-01
5.75096e-02 1.34627e-01 1.32919e-01
3.69659e-02 1.35336e-01 1.26264e-01
1.75317e-02 1.35779e-01 1.22530e-01
-1.01001e-03 1.35366e-01 1.20735e-01
-1.86630e-02 1.34309e-01 1.20904e-01
-3.53326e-02 1.30803e-01 1.21211e-01
-5.11805e-02 1.26380e-01 1.23145e-01
-6.56156e-02 1.17829e-01 1.23308e-01
-7.87774e-02 1.07310e-01 1.23777e-01
-9.14165e-02 9.69536e-02 1.27432e-01
-1.02883e-01 8.45654e-02 1.31987e-01
-1.12055e-01 6.86749e-02 1.34648e-01
-1.18722e-01 5.02777e-02 1.35556e-01
-1.22228e-01 3.01585e-02 1.33720e-01
-1.22530e-01 9.84785e-03 1.29687e-01
-1.21266e-01 -9.65423e-03 1.27842e-01
-1.18197e-01 -2.86999e-02 1.27321e-01
-1.12304e-01 -4.62863e-02 1.24606e-01
-1.04295e-01 -6.15080e-02 1.20177e-01
-9.50627e-02 -7.44130e-02 1.15506e-01
-8.54152e-02 -8.64751e-02 1.13007e-01
-7.48720e-02 -9.77707e-02 1.12117e-01
-6.33106e-02 -1.09063e-01 1.13416e-01
-5.04427e-02 -1.20499e-01 1.16765e-01
-3.57903e-02 -1.30362e-01 1.20374e-01
-1.92360e-02 -1.36361e-01 1.22338e-01
-1.16503e-03 -1.41354e-01 1.25779e-01
1.84763e-02 -1.45448e-01 1.31062e-01
3.91142e-02 -1.45154e-01 1.35124e-01
5.97235e-02 -1.39555e-01 1.37056e-01
7.91503e-02 -1.28562e-01 1.36340e-01
9.64704e-02 -1.13437e-01 1.33583e-01
1.12206e-01 -9.75927e-02 1.32423e-01
1.24002e-01 -7.85751e-02 1.28787e-01
1.32264e-01 -5.86151e-02 1.24605e-01
1.37719e-01 -3.88429e-02 1.21236e-01
1.39726e-01 -1.91773e-02 1.17319e-01
1.47551e-01 -2.91034e-04 9.10756e-02
1.46477e-01 1.67840e-02 9.22805e-02
1.45126e-01 3.51324e-02 9.70814e-02
1.41646e-01 5.47522e-02 1.02566e-01
1.35362e-01 7.49476e-02 1.07750e-01
1.26982e-01 9.64471e-02 1.14306e-01
1.14724e-01 1.16722e-01 1.19444e-01
9.76608e-02 1.31433e-01 1.19976e-01
7.81734e-02 1.41276e-01 1.18123e-01
5.73510e-02 1.44992e-01 1.13440e-01
3.72186e-02 1.47526e-01 1.10268e-01
1.77186e-02 1.48509e-01 1.08060e-01
-9.81635e-04 1.48501e-01 1.07113e-01
-1.87828e-02 1.47033e-01 1.06962e-01
-3.55856e-02 1.43633e-01 1.07159e-01
-5.14862e-02 1.38879e-01 1.08112e-01
-6.62301e-02 1.31095e-01 1.08384e-01
-7.93536e-02 1.19770e-01 1.07250e-01
-9.22702e-02 1.09981e-01 1.09544e-01
-1.04868e-01 9.98524e-02 1.14164e-01
-1.16777e-01 8.78254e-02 1.19966e-01
-1.26504e-01 7.18402e-02 1.23828e-01
-1.33362e-01 5.26292e-02 1.25103e-01
-1.36713e-01 3.15058e-02 1.23334e-01
-1.37417e-01 1.04002e-02 1.21030e-01
-1.35291e-01 -1.00606e-02 1.18040e-01
-1.31418e-01 -2.96859e-02 1.16403e-01
-1.24700e-01 -4.75652e-02 1.12924e-01
-1.15909e-01 -6.28457e-02 1.07961e-01
-1.06261e-01 -7.58472e-02 1.03121e-01
-9.67075e-02 -8.81531e-02 1.00392e-01
-8.67875e-02 -1.00018e-01 9.93014e-02
-7.59730e-02 -1.11380e-01 9.94093e-02
-6.41996e-02 -1.23245e-01 1.01476e-01
-5.09317e-02 -1.34342e-01 1.04220e-01
-3.58843e-02 -1.42635e-01 1.06117e-01
-1.93153e-02 -1.49130e-01 1.08231e-01
-1.20271e-03 -1.54489e-01 1.11258e-01
1.85594e-02 -1.59700e-01 1.16179e-01
3.95075e-02 -1.60835e-01 1.20207e-01
6.07429e-02 -1.56934e-01 1.22627e-01
8.09051e-02 -1.46593e-01 1.21987e-01
9.87429e-02 -1.30612e-01 1.18218e-01
1.15575e-01 -1.14976e-01 1.16471e-01
1.29104e-01 -9.65414e-02 1.13247e-01
1.38432e-01 -7.60774e-02 1.08195e-01
1.44327e-01 -5.56272e-02 1.02821e-01
1.48128e-01 -3.63608e-02 9.87799e-02
1.48354e-01 -1.76077e-02 9.36042e-02
1.52713e-01 -2.91587e-04 6.88055e-02
1.51703e-01 1.51714e-02 6.96599e-02
1.50566e-01 3.18269e-02 7.33679e-02
1.48904e-01 5.06874e-02 7.92827e-02
1.47000e-01 7.31415e-02 8.80189e-02
1.42451e-01 9.80877e-02 9.72930e-02
1.32736e-01 1.21984e-01 1.04221e-01
1.16069e-01 1.38527e-01 1.05106e-01
9.51151e-02 1.46734e-01 1.01308e-01
7.38690e-02 1.52046e-01 9.76572e-02
5.32137e-02 1.56392e-01 9.52982e-02
3.30913e-02 1.59956e-01 9.41309e-02
1.34377e-02 1.62079e-01 9.36400e-02
-5.53391e-03 1.62503e-01 9.36271e-02
-2.35236e-02 1.59694e-01 9.30942e-02
-4.06134e-02 1.57108e-01 9.41251e-02
-5.65862e-02 1.51112e-01 9.44006e-02
-7.08383e-02 1.40258e-01 9.27339e-02
-8.35188e-02 1.27301e-01 9.06869e-02
-9.62512e-02 1.17075e-01 9.20298e-02
-1.09645e-01 1.08527e-01 9.68427e-02
-1.23203e-01 9.86315e-02 1.03358e-01
-1.35865e-01 8.52333e-02 1.09708e-01
-1.45802e-01 6.71174e-02 1.13504e-01
-1.52583e-01 4.59342e-02 1.15199e-01
-1.55779e-01 2.31211e-02 1.14992e-01
-1.54221e-01 7.11362e-05 1.11361e-01
-1.49905e-01 -2.15782e-02 1.07693e-01
-1.42341e-01 -4.09681e-02 1.02583e-01
-1.32388e-01 -5.73247e-02 9.64873e-02
-1.22400e-01 -7.22118e-02 9.24972e-02
-1.12005e-01 -8.52546e-02 8.90217e-02
-1.01773e-01 -9.74705e-02 8.68438e-02
-9.11415e-02 -1.08510e-01 8.52382e-02
-7.99326e-02 -1.19070e-01 8.46755e-02
-6.81523e-02 -1.30900e-01 8.62561e-02
-5.50437e-02 -1.42487e-01 8.86746e-02
-4.00608e-02 -1.50310e-01 8.97028e-02
-2.39236e-02 -1.60172e-01 9.32138e-02
-5.92888e-03 -1.68006e-01 9.67321e-02
1.38729e-02 -1.74056e-01 1.00646e-01
3.53173e-02 -1.78344e-01 1.05203e-01
5.74459e-02 -1.76972e-01 1.08117e-01
7.86784e-02 -1.67722e-01 1.07766e-01
9.85749e-02 -1.53929e-01 1.05907e-01
1.16588e-01 -1.37090e-01 1.03179e-01
1.31452e-01 -1.17281e-01 9.90815e-02
1.41850e-01 -9.50217e-02 9.30891e-02
1.48514e-01 -7.29752e-02 8.67504e-02
1.52975e-01 -5.27682e-02 8.16073e-02
1.54507e-01 -3.35877e-02 7.62017e-02
1.54147e-01 -1.61521e-02 7.15911e-02
1.58317e-01 -2.94032e-04 5.18015e-02
1.57545e-01 1.40867e-02 5.25460e-02
1.56818e-01 2.96799e-02 5.55478e-02
1.55891e-01 4.75678e-02 6.03866e-02
1.56379e-01 7.03760e-02 6.87784e-02
1.59114e-01 1.02122e-01 8.25034e-02
1.50543e-01 1.27405e-01 8.83208e-02
1.32888e-01 1.42580e-01 8.73308e-02
1.10376e-01 1.48203e-01 8.21294e-02
8.85923e-02 1.52850e-01 7.83622e-02
6.83908e-02 1.60032e-01 7.74439e-02
4.86125e-02 1.67857e-01 7.79969e-02
2.85944e-02 1.72950e-01 7.83056e-02
8.86267e-03 1.76256e-01 7.88853e-02
-1.02390e-02 1.76294e-01 7.90426e-02
-2.82912e-02 1.73263e-01 7.88287e-02
-4.54657e-02 1.70344e-01 7.97338e-02
-6.09208e-02 1.60717e-01 7.83222e-02
-7.41466e-02 1.45882e-01 7.49920e-02
-8.60950e-02 1.31484e-01 7.25009e-02
-9.82506e-02 1.20531e-01 7.27993e-02
-1.11595e-01 1.12319e-01 7.61751e-02
-1.26820e-01 1.05395e-01 8.27177e-02
-1.42824e-01 9.60277e-02 9.05774e-02
-1.56939e-01 8.09753e-02 9.67993e-02
-1.69226e-01 6.20896e-02 1.02867e-01
-1.77619e-01 3.90598e-02 1.07103e-01
-1.78402e-01 1.29182e-02 1.05183e-01
-1.73585e-01 -1.21114e-02 9.99187e-02
-1.64231e-01 -3.37758e-02 9.23793e-02
-1.52071e-01 -5.12285e-02 8.42595e-02
-1.40636e-01 -6.70723e-02 7.96429e-02
-1.29320e-01 -8.17654e-02 7.67918e-02
-1.17620e-01 -9.44479e-02 7.40673e-02
-1.05958e-01 -1.05356e-01 7.15724e-02
-9.44477e-02 -1.15121e-01 6.96441e-02
-8.30034e-02 -1.25041e-01 6.89390e-02
-7.12698e-02 -1.36385e-01 6.99388e-02
-5.88226e-02 -1.50198e-01 7.29554e-02
-4.40185e-02 -1.57913e-01 7.35760e-02
-2.81394e-02 -1.66925e-01 7.57138e-02
-1.06352e-02 -1.75118e-01 7.83571e-02
8.72938e-03 -1.83684e-01 8.22039e-02
2.97403e-02 -1.87887e-01 8.51991e-02
5.22905e-02 -1.91191e-01 8.91459e-02
7.40898e-02 -1.83981e-01 8.93402e-02
9.45421e-02 -1.70817e-01 8.76872e-02
1.15715e-01 -1.59935e-01 8.84979e-02
1.34427e-01 -1.43924e-01 8.75996e-02
1.46666e-01 -1.19753e-01 8.20285e-02
1.54332e-01 -9.47533e-02 7.54142e-02
1.58365e-01 -7.11105e-02 6.87370e-02
1.59688e-01 -4.96805e-02 6.23655e-02
1.60141e-01 -3.12607e-02 5.75122e-02
1.59344e-01 -1.49498e-02 5.36343e-02
1.63950e-01 -2.97305e-04 3.78694e-02
1.63429e-01 1.35992e-02 3.85442e-02
1.63321e-01 2.89056e-02 4.11224e-02
1.63863e-01 4.71899e-02 4.55849e-02
1.66333e-01 7.11980e-02 5.29375e-02
1.75378e-01 1.09533e-01 6.73585e-02
1.65654e-01 1.34187e-01 7.05455e-02
1.45403e-01 1.46061e-01 6.76016e-02
1.20652e-01 1.47969e-01 6.17495e-02
9.87592e-02 1.52935e-01 5.88996e-02
7.87345e-02 1.61361e-01 5.84932e-02
5.92484e-02 1.71668e-01 5.95571e-02
3.94956e-02 1.81789e-01 6.12536e-02
1.92495e-02 1.87977e-01 6.23252e-02
-7.29529e-04 1.88769e-01 6.23437e-02
-1.96633e-02 1.86305e-01 6.20400e-02
-3.75763e-02 1.83830e-01 6.24970e-02
-5.41470e-02 1.76746e-01 6.20596e-02
-6.81708e-02 1.61199e-01 5.91080e-02
-8.00584e-02 1.43448e-01 5.56680e-02
-9.20617e-02 1.31036e-01 5.47786e-02
-1.05015e-01 1.22021e-01 5.60403e-02
-1.20087e-01 1.15608e-01 5.96976e-02
-1.38259e-01 1.10728e-01 6.61936e-02
-1.57833e-01 1.02722e-01 7.37869e-02
-1.74161e-01 8.66009e-02 7.87546e-02
-1.89709e-01 6.74392e-02 8.50377e-02
-1.99798e-01 4.26224e-02 8.89577e-02
-2.01029e-01 1.41542e-02 8.76671e-02
-1.94555e-01 -1.30643e-02 8.22160e-02
-1.80131e-01 -3.46972e-02 7.19899e-02
-1.67076e-01 -5.28146e-02 6.59079e-02
-1.54174e-01 -6.90553e-02 6.22177e-02
-1.40922e-01 -8.37238e-02 5.96801e-02
-1.27462e-01 -9.66537e-02 5.75935e-02
-1.14288e-01 -1.07891e-01 5.57540e-02
-1.01615e-01 -1.17555e-01 5.40951e-02
-8.95724e-02 -1.26958e-01 5.31427e-02
-7.78137e-02 -1.37626e-01 5.33936e-02
-6.57266e-02 -1.50739e-01 5.51382e-02
-5.18415e-02 -1.61200e-01 5.63593e-02
-3.63639e-02 -1.68850e-01 5.71474e-02
-1.96350e-02 -1.77010e-01 5.87464e-02
-1.26962e-03 -1.85091e-01 6.09837e-02
1.89212e-02 -1.91754e-01 6.35041e-02
4.05955e-02 -1.94943e-01 6.57180e-02
6.32615e-02 -1.94915e-01 6.77914e-02
8.42758e-02 -1.83513e-01 6.66646e-02
1.05002e-01 -1.71369e-01 6.60577e-02
1.27636e-01 -1.63596e-01 6.82362e-02
1.47262e-01 -1.48791e-01 6.84875e-02
1.61951e-01 -1.27877e-01 6.65589e-02
1.67822e-01 -9.98049e-02 6.04855e-02
1.66933e-01 -7.10707e-02 5.22271e-02
1.65494e-01 -4.80493e-02 4.57744e-02
1.64955e-01 -2.98255e-02 4.15804e-02
1.64237e-01 -1.42689e-02 3.87581e-02
1.69111e-01 -3.00404e-04 2.55023e-02
1.69387e-01 1.34001e-02 2.63133e-02
1.69984e-01 2.87548e-02 2.83259e-02
1.72753e-01 4.82275e-02 3.22495e-02
1.80183e-01 7.64826e-02 3.93127e-02
1.86622e-01 1.12183e-01 4.73020e-02
1.76677e-01 1.36426e-01 4.90484e-02
1.55561e-01 1.47096e-01 4.64882e-02
1.30446e-01 1.48775e-01 4.23699e-02
1.08775e-01 1.54656e-01 4.05937e-02
8.87970e-02 1.63583e-01 4.03104e-02
6.95996e-02 1.75482e-01 4.12480e-02
5.00985e-02 1.88169e-01 4.27906e-02
2.95404e-02 1.95083e-01 4.34581e-02
9.06505e-03 1.95980e-01 4.32828e-02
-1.03325e-02 1.92662e-01 4.26710e-02
-2.85201e-02 1.90355e-01 4.27676e-02
-4.54385e-02 1.84147e-01 4.24252e-02
-6.07060e-02 1.73411e-01 4.14299e-02
-7.32736e-02 1.55433e-01 3.89493e-02
-8.53293e-02 1.41622e-01 3.77507e-02
-9.80816e-02 1.31889e-01 3.79838e-02
-1.12703e-01 1.25147e-01 3.96289e-02
-1.30589e-01 1.21021e-01 4.30524e-02
-1.52922e-01 1.18787e-01 4.88406e-02
-1.74322e-01 1.08780e-01 5.35797e-02
-1.94369e-01 9.32098e-02 5.81062e-02
-2.08412e-01 7.01003e-02 6.04178e-02
-2.12708e-01 4.14539e-02 5.88663e-02
-2.16990e-01 1.41728e-02 5.97661e-02
-2.11069e-01 -1.31426e-02 5.65802e-02
-1.97333e-01 -3.56018e-02 5.06015e-02
-1.83709e-01 -5.45714e-02 4.67030e-02
-1.69388e-01 -7.12321e-02 4.40294e-02
-1.53772e-01 -8.53086e-02 4.17085e-02
-1.37955e-01 -9.75254e-02 3.98816e-02
-1.22772e-01 -1.08479e-01 3.85295e-02
-1.08496e-01 -1.18015e-01 3.73829e-02
-9.54068e-02 -1.26962e-01 3.65902e-02
-8.32690e-02 -1.36723e-01 3.64475e-02
-7.13265e-02 -1.48301e-01 3.71228e-02
-5.83160e-02 -1.59491e-01 3.80017e-02
-4.39182e-02 -1.69838e-01 3.90096e-02
-2.79011e-02 -1.76529e-01 3.95357e-02
-1.06227e-02 -1.82754e-01 4.03640e-02
8.08920e-03 -1.86917e-01 4.11635e-02
2.87930e-02 -1.95739e-01 4.35201e-02
5.07595e-02 -1.98324e-01 4.50425e-02
7.26225e-02 -1.93237e-01 4.53901e-02
9.29399e-02 -1.80415e-01 4.44053e-02
1.13467e-01 -1.68851e-01 4.42297e-02
1.35461e-01 -1.60368e-01 4.55338e-02
1.57098e-01 -1.50083e-01 4.71693e-02
1.74158e-01 -1.32807e-01 4.73602e-02
1.82483e-01 -1.07178e-01 4.47206e-02
1.75626e-01 -7.21592e-02 3.65596e-02
1.71367e-01 -4.72686e-02 3.10739e-02
1.69611e-01 -2.88586e-02 2.77628e-02
1.69196e-01 -1.38697e-02 2.60196e-02
1.73522e-01 -3.02788e-04 1.39001e-02
1.73613e-01 1.33520e-02 1.42674e-02
1.74590e-01 2.88156e-02 1.53732e-02
1.78541e-01 4.90142e-02 1.75983e-02
1.92260e-01 8.27632e-02 2.25562e-02
1.96071e-01 1.16892e-01 2.58863e-02
1.81965e-01 1.36489e-01 2.57421e-02
1.59689e-01 1.45375e-01 2.41711e-02
1.35794e-01 1.49440e-01 2.24926e-02
1.14858e-01 1.57484e-01 2.18873e-02
9.55066e-02 1.69263e-01 2.20782e-02
7.67496e-02 1.84862e-01 2.29458e-02
5.65593e-02 1.97339e-01 2.36409e-02
3.48170e-02 1.99349e-01 2.33779e-02
1.37691e-02 1.95723e-01 2.27588e-02
-5.66314e-03 1.92143e-01 2.23980e-02
-2.37573e-02 1.89601e-01 2.23793e-02
-4.05890e-02 1.83722e-01 2.21958e-02
-5.62524e-02 1.76298e-01 2.20382e-02
-6.95790e-02 1.61195e-01 2.11232e-02
-8.18232e-02 1.46796e-01 2.04049e-02
-9.46951e-02 1.36338e-01 2.03370e-02
-1.09507e-01 1.29089e-01 2.09335e-02
-1.27582e-01 1.24533e-01 2.23133e-02
-1.49668e-01 1.21497e-01 2.46037e-02
-1.72262e-01 1.13191e-01 2.67590e-02
-1.94240e-01 1.00039e-01 2.89046e-02
-2.14790e-01 8.24806e-02 3.12377e-02
-2.26755e-01 5.70039e-02 3.19928e-02
-2.37501e-01 3.01866e-02 3.35878e-02
-2.38916e-01 1.94249e-04 3.36523e-02
-2.21537e-01 -2.59588e-02 2.92491e-02
-2.06587e-01 -4.71653e-02 2.66469e-02
-1.91920e-01 -6.59098e-02 2.50910e-02
-1.74900e-01 -8.12582e-02 2.35895e-02
-1.57878e-01 -9.53797e-02 2.26433e-02
-1.39110e-01 -1.05145e-01 2.13712e-02
-1.22080e-01 -1.14799e-01 2.06192e-02
-1.06681e-01 -1.23914e-01 2.01191e-02
-9.29791e-02 -1.33094e-01 1.98579e-02
-8.03931e-02 -1.42959e-01 1.98652e-02
-6.76452e-02 -1.52326e-01 1.99601e-02
-5.40654e-02 -1.61129e-01 2.01543e-02
-3.94819e-02 -1.70669e-01 2.06100e-02
-2.33211e-02 -1.75118e-01 2.06674e-02
-6.12101e-03 -1.81781e-01 2.11677e-02
1.25790e-02 -1.86998e-01 2.17160e-02
3.30737e-02 -1.93085e-01 2.25968e-02
5.52268e-02 -1.97343e-01 2.35553e-02
7.75923e-02 -1.94566e-01 2.40142e-02
9.73328e-02 -1.79691e-01 2.32842e-02
1.16841e-01 -1.65780e-01 2.28816e-02
1.38421e-01 -1.57089e-01 2.34728e-02
1.62708e-01 -1.51877e-01 2.50618e-02
1.83086e-01 -1.38786e-01 2.59729e-02
1.93087e-01 -1.13865e-01 2.50052e-02
1.84735e-01 -7.62702e-02 2.05713e-02
1.76957e-01 -4.80998e-02 1.70127e-02
1.74338e-01 -2.90351e-02 1.51447e-02
1.73577e-01 -1.38729e-02 1.41684e-02
1.77461e-01 -3.04598e-04 2.29991e-03
1.77474e-01 1.38374e-02 2.30356e-03
1.78716e-01 2.98839e-02 2.30485e-03
1.83832e-01 5.13627e-02 2.29857e-03
2.00451e-01 8.84495e-02 2.26966e-03
2.01317e-01 1.21124e-01 2.27615e-03
1.83208e-01 1.36739e-01 2.32223e-03
1.58822e-01 1.42567e-01 2.38033e-03
1.37799e-01 1.52139e-01 2.43160e-03
1.17808e-01 1.63488e-01 2.48094e-03
9.90423e-02 1.79183e-01 2.52857e-03
8.02288e-02 1.98390e-01 2.57722e-03
5.77536e-02 2.03957e-01 2.63082e-03
3.47267e-02 1.99106e-01 2.68299e-03
1.33359e-02 1.89367e-01 2.73009e-03
-5.71713e-03 1.85199e-01 2.77322e-03
-2.34965e-02 1.84860e-01 2.81438e-03
-4.01913e-02 1.80879e-01 2.85209e-03
-5.54121e-02 1.72037e-01 2.88510e-03
-6.83554e-02 1.56138e-01 2.91100e-03
-8.10903e-02 1.43895e-01 2.93736e-03
-9.49778e-02 1.35191e-01 2.96732e-03
-1.11450e-01 1.29528e-01 3.00407e-03
-1.31552e-01 1.26039e-01 3.04981e-03
-1.52420e-01 1.17883e-01 3.09611e-03
-1.74687e-01 1.08058e-01 3.14522e-03
-1.98692e-01 9.70282e-02 3.19805e-03
-2.23432e-01 8.26473e-02 3.25171e-03
-2.44905e-01 6.14444e-02 3.29602e-03
-2.56954e-01 3.25100e-02 3.31645e-03
-2.58634e-01 2.26063e-04 3.31195e-03
-2.44929e-01 -2.93306e-02 3.27245e-03
-2.27381e-01 -5.30600e-02 3.22556e-03
-2.08079e-01 -7.18675e-02 3.17588e-03
-1.90112e-01 -8.92414e-02 3.12967e-03
-1.70914e-01 -1.04110e-01 3.08125e-03
-1.47698e-01 -1.10870e-01 3.02563e-03
-1.27681e-01 -1.18831e-01 2.97711e-03
-1.10246e-01 -1.27607e-01 2.93437e-03
-9.50731e-02 -1.36874e-01 2.89675e-03
-8.10929e-02 -1.44917e-01 2.86222e-03
-6.75064e-02 -1.51898e-01 2.82888e-03
-5.37559e-02 -1.59644e-01 2.79495e-03
-3.91338e-02 -1.67774e-01 2.75891e-03
-2.31113e-02 -1.71453e-01 2.72077e-03
-6.15832e-03 -1.77184e-01 2.67995e-03
1.23711e-02 -1.85861e-01 2.63469e-03
3.27036e-02 -1.91955e-01 2.58593e-03
5.48636e-02 -1.96875e-01 2.53323e-03
7.76130e-02 -1.95680e-01 2.48075e-03
9.79056e-02 -1.82037e-01 2.43722e-03
1.17211e-01 -1.66915e-01 2.39636e-03
1.38728e-01 -1.57765e-01 2.34881e-03
1.63958e-01 -1.53853e-01 2.29128e-03
1.87329e-01 -1.44150e-01 2.23958e-03
1.99224e-01 -1.19854e-01 2.21830e-03
1.90483e-01 -8.03195e-02 2.24887e-03
1.81470e-01 -5.01655e-02 2.27763e-03
1.78167e-01 -3.00615e-02 2.29052e-03
1.77311e-01 -1.43524e-02 2.29660e-03
1.80729e-01 -3.05222e-04 -1.07377e-02
1.82908e-01 1.50933e-02 -1.15388e-02
1.87098e-01 3.35387e-02 -1.33057e-02
1.96878e-01 5.96597e-02 -1.68276e-02
2.13620e-01 9.95199e-02 -2.25481e-02
2.05505e-01 1.25626e-01 -2.32205e-02
1.81947e-01 1.35318e-01 -2.08483e-02
1.58109e-01 1.41918e-01 -1.88272e-02
1.38439e-01 1.54109e-01 -1.83014e-02
1.20168e-01 1.70264e-01 -1.86438e-02
1.01928e-01 1.89501e-01 -1.95755e-02
8.07553e-02 2.02201e-01 -1.98771e-02
5.69809e-02 2.01715e-01 -1.88970e-02
3.34090e-02 1.89984e-01 -1.69774e-02
1.27945e-02 1.82641e-01 -1.58715e-02
-5.76622e-03 1.79716e-01 -1.55031e-02
-2.31871e-02 1.80382e-01 -1.57556e-02
-3.94939e-02 1.76301e-01 -1.56908e-02
-5.37872e-02 1.63809e-01 -1.48379e-02
-6.66231e-02 1.49917e-01 -1.39427e-02
-7.97477e-02 1.39805e-01 -1.36249e-02
-9.45518e-02 1.32819e-01 -1.38563e-02
-1.12466e-01 1.28661e-01 -1.47238e-02
-1.34168e-01 1.26158e-01 -1.62631e-02
-1.56408e-01 1.18595e-01 -1.75215e-02
-1.78071e-01 1.06962e-01 -1.86663e-02
-1.99290e-01 9.29359e-02 -2.01057e-02
-2.24978e-01 7.99030e-02 -2.33195e-02
-2.42045e-01 5.72112e-02 -2.50368e-02
-2.49325e-01 2.91401e-02 -2.52602e-02
-2.54117e-01 2.28094e-04 -2.59436e-02
-2.49077e-01 -2.86992e-02 -2.52908e-02
-2.40547e-01 -5.62838e-02 -2.48118e-02
-2.24689e-01 -7.95855e-02 -2.34027e-02
-2.04824e-01 -9.82331e-02 -2.17286e-02
-1.83460e-01 -1.13576e-01 -2.02882e-02
-1.58729e-01 -1.21865e-01 -1.82607e-02
-1.34444e-01 -1.26041e-01 -1.63371e-02
-1.14299e-01 -1.32777e-01 -1.54486e-02
-9.69141e-02 -1.39868e-01 -1.49488e-02
-8.13789e-02 -1.45545e-01 -1.44733e-02
-6.72094e-02 -1.51436e-01 -1.42147e-02
-5.33582e-02 -1.58542e-01 -1.42907e-02
-3.86831e-02 -1.64798e-01 -1.44504e-02
-2.28875e-02 -1.68361e-01 -1.45000e-02
-6.19402e-03 -1.73041e-01 -1.48769e-02
1.19241e-02 -1.81051e-01 -1.58341e-02
3.17716e-02 -1.87025e-01 -1.67957e-02
5.33738e-02 -1.91512e-01 -1.78630e-02
7.63004e-02 -1.93154e-01 -1.89226e-02
9.72796e-02 -1.82582e-01 -1.88085e-02
1.16619e-01 -1.67579e-01 -1.83585e-02
1.38105e-01 -1.58392e-01 -1.89890e-02
1.63514e-01 -1.54760e-01 -2.09710e-02
1.88773e-01 -1.47377e-01 -2.31077e-02
2.02286e-01 -1.23979e-01 -2.27879e-02
1.99661e-01 -8.86361e-02 -1.94307e-02
1.86358e-01 -5.35632e-02 -1.44116e-02
1.81486e-01 -3.16779e-02 -1.19766e-02
1.80174e-01 -1.50845e-02 -1.08723e-02
1.83848e-01 -3.04892e-04 -2.67720e-02
1.86498e-01 1.65883e-02 -2.84708e-02
1.92739e-01 3.73129e-02 -3.28009e-02
2.00245e-01 6.38773e-02 -3.87464e-02
2.10317e-01 9.98302e-02 -4.72384e-02
1.99538e-01 1.23702e-01 -4.76312e-02
1.76553e-01 1.34120e-01 -4.34211e-02
1.55606e-01 1.45604e-01 -4.11585e-02
1.36774e-01 1.60801e-01 -4.09799e-02
1.17888e-01 1.77630e-01 -4.17977e-02
9.68828e-02 1.90644e-01 -4.20766e-02
7.39109e-02 1.96480e-01 -4.11537e-02
4.96491e-02 1.89763e-01 -3.79402e-02
2.74764e-02 1.81127e-01 -3.49990e-02
7.81912e-03 1.76605e-01 -3.35685e-02
-1.02118e-02 1.75548e-01 -3.33940e-02
-2.70908e-02 1.72994e-01 -3.33245e-02
-4.24504e-02 1.65190e-01 -3.24649e-02
-5.57756e-02 1.51419e-01 -3.05075e-02
-6.86476e-02 1.40358e-01 -2.94285e-02
-8.25693e-02 1.32265e-01 -2.93303e-02
-9.90722e-02 1.26880e-01 -3.03014e-02
-1.19436e-01 1.24228e-01 -3.27029e-02
-1.43448e-01 1.22124e-01 -3.63697e-02
-1.65628e-01 1.12037e-01 -3.85129e-02
-1.87447e-01 9.95669e-02 -4.11485e-02
-2.08826e-01 8.47688e-02 -4.46488e-02
-2.27522e-01 6.55895e-02 -4.81124e-02
-2.36151e-01 3.99620e-02 -4.82800e-02
-2.43141e-01 1.38358e-02 -4.95466e-02
-2.45428e-01 -1.36362e-02 -5.05895e-02
-2.44440e-01 -4.22200e-02 -5.21232e-02
-2.41811e-01 -7.30185e-02 -5.48833e-02
-2.25339e-01 -9.73051e-02 -5.26978e-02
-1.99597e-01 -1.11471e-01 -4.71762e-02
-1.73661e-01 -1.21438e-01 -4.24960e-02
-1.48525e-01 -1.28654e-01 -3.87762e-02
-1.24727e-01 -1.33257e-01 -3.56416e-02
-1.04342e-01 -1.38771e-01 -3.38273e-02
-8.65979e-02 -1.43405e-01 -3.23987e-02
-7.11726e-02 -1.48257e-01 -3.14808e-02
-5.69598e-02 -1.54533e-01 -3.12924e-02
-4.25165e-02 -1.61221e-01 -3.15686e-02
-2.69160e-02 -1.64429e-01 -3.14307e-02
-1.04924e-02 -1.68124e-01 -3.18297e-02
7.09463e-03 -1.74479e-01 -3.32532e-02
2.65139e-02 -1.82978e-01 -3.56255e-02
4.74649e-02 -1.86894e-01 -3.74831e-02
6.97245e-02 -1.87914e-01 -3.92790e-02
9.15301e-02 -1.81426e-01 -3.98950e-02
1.11400e-01 -1.67734e-01 -3.92165e-02
1.32676e-01 -1.57948e-01 -4.01933e-02
1.55732e-01 -1.50393e-01 -4.27299e-02
1.79734e-01 -1.42028e-01 -4.63114e-02
1.97035e-01 -1.23500e-01 -4.73917e-02
2.03490e-01 -9.56483e-02 -4.47064e-02
1.91479e-01 -5.93031e-02 -3.50631e-02
1.85031e-01 -3.47557e-02 -2.94277e-02
1.83225e-01 -1.65171e-02 -2.70258e-02
1.88627e-01 -3.05170e-04 -4.82991e-02
1.91171e-01 1.89714e-02 -5.06520e-02
1.93050e-01 4.02340e-02 -5.41329e-02
1.99770e-01 6.80810e-02 -6.27612e-02
2.02591e-01 9.99798e-02 -7.10515e-02
1.87169e-01 1.19447e-01 -6.88927e-02
1.68261e-01 1.35068e-01 -6.61217e-02
1.50144e-01 1.52458e-01 -6.57591e-02
1.30674e-01 1.68974e-01 -6.59557e-02
1.08040e-01 1.78800e-01 -6.42976e-02
8.46476e-02 1.84641e-01 -6.22348e-02
6.08466e-02 1.84156e-01 -5.89597e-02
3.81995e-02 1.79968e-01 -5.54672e-02
1.74145e-02 1.74159e-01 -5.23735e-02
-1.38101e-03 1.71504e-01 -5.11876e-02
-1.87826e-02 1.67908e-01 -5.04051e-02
-3.46173e-02 1.60638e-01 -4.90173e-02
-4.84841e-02 1.48565e-01 -4.64612e-02
-6.13995e-02 1.37407e-01 -4.46171e-02
-7.49128e-02 1.28352e-01 -4.38831e-02
-9.07274e-02 1.21704e-01 -4.45202e-02
-1.10192e-01 1.17731e-01 -4.71031e-02
-1.33787e-01 1.15832e-01 -5.21578e-02
-1.58221e-01 1.09968e-01 -5.72947e-02
-1.81723e-01 9.96254e-02 -6.23978e-02
-2.05940e-01 8.71268e-02 -6.96089e-02
-2.19021e-01 6.40069e-02 -7.05116e-02
-2.26547e-01 3.86609e-02 -7.00177e-02
-2.32935e-01 1.33300e-02 -7.14485e-02
-2.34658e-01 -1.30666e-02 -7.24854e-02
-2.37217e-01 -4.15974e-02 -7.70199e-02
-2.35836e-01 -7.25319e-02 -8.17721e-02
-2.21095e-01 -9.78823e-02 -7.97329e-02
-1.94703e-01 -1.11466e-01 -7.11197e-02
-1.67763e-01 -1.20116e-01 -6.34924e-02
-1.42936e-01 -1.27963e-01 -5.85360e-02
-1.19133e-01 -1.33059e-01 -5.42946e-02
-9.77470e-02 -1.36340e-01 -5.07781e-02
-7.98049e-02 -1.40407e-01 -4.86467e-02
-6.44104e-02 -1.45832e-01 -4.77299e-02
-4.99177e-02 -1.52053e-01 -4.76521e-02
-3.48205e-02 -1.56402e-01 -4.74753e-02
-1.88234e-02 -1.59050e-01 -4.73561e-02
-1.92646e-03 -1.63477e-01 -4.85275e-02
1.63648e-02 -1.69942e-01 -5.10916e-02
3.65212e-02 -1.76921e-01 -5.46162e-02
5.79628e-02 -1.78862e-01 -5.72614e-02
8.02412e-02 -1.76852e-01 -5.94656e-02
1.02030e-01 -1.69067e-01 -6.04942e-02
1.22386e-01 -1.56408e-01 -6.05001e-02
1.43469e-01 -1.45327e-01 -6.22791e-02
1.66781e-01 -1.36797e-01 -6.69860e-02
1.89058e-01 -1.24614e-01 -7.20516e-02
2.00531e-01 -1.00357e-01 -7.10009e-02
1.99001e-01 -6.90570e-02 -6.32291e-02
1.95790e-01 -4.24128e-02 -5.66377e-02
1.90022e-01 -1.94224e-02 -5.01674e-02
1.92984e-01 -3.03401e-04 -7.57753e-02
1.91375e-01 2.07434e-02 -7.51071e-02
1.93606e-01 4.40340e-02 -8.02923e-02
1.96297e-01 7.15530e-02 -8.87104e-02
1.92059e-01 9.90715e-02 -9.40144e-02
1.76038e-01 1.18145e-01 -9.11952e-02
1.59878e-01 1.38108e-01 -9.10955e-02
1.40661e-01 1.55006e-01 -9.02955e-02
1.17671e-01 1.64643e-01 -8.66727e-02
9.34957e-02 1.68766e-01 -8.18955e-02
6.96334e-02 1.68703e-01 -7.67851e-02
4.77364e-02 1.69980e-01 -7.39830e-02
2.69201e-02 1.68343e-01 -7.10771e-02
7.57681e-03 1.64852e-01 -6.84731e-02
-1.02269e-02 1.61512e-01 -6.70177e-02
-2.64264e-02 1.54138e-01 -6.46290e-02
-4.05712e-02 1.42390e-01 -6.09362e-02
-5.36642e-02 1.32863e-01 -5.89563e-02
-6.68193e-02 1.24006e-01 -5.77841e-02
-8.16656e-02 1.16292e-01 -5.76857e-02
-9.97480e-02 1.10889e-01 -5.97631e-02
-1.22249e-01 1.08842e-01 -6.57114e-02
-1.48287e-01 1.07056e-01 -7.49315e-02
-1.71478e-01 9.69858e-02 -8.13443e-02
-1.93249e-01 8.31512e-02 -8.84815e-02
-2.09176e-01 6.29396e-02 -9.26158e-02
-2.16578e-01 3.80214e-02 -9.19521e-02
-2.22096e-01 1.30274e-02 -9.31278e-02
-2.23131e-01 -1.26992e-02 -9.38261e-02
-2.24644e-01 -4.00751e-02 -9.86757e-02
-2.22264e-01 -6.92617e-02 -1.03715e-01
-2.07904e-01 -9.32809e-02 -1.00988e-01
-1.86110e-01 -1.10135e-01 -9.40093e-02
-1.60113e-01 -1.19540e-01 -8.48731e-02
-1.34030e-01 -1.24683e-01 -7.66209e-02
-1.09432e-01 -1.26533e-01 -6.93414e-02
-8.88194e-02 -1.29789e-01 -6.51631e-02
-7.16415e-02 -1.34579e-01 -6.31632e-02
-5.65425e-02 -1.40164e-01 -6.24137e-02
-4.19461e-02 -1.45723e-01 -6.23760e-02
-2.65640e-02 -1.48038e-01 -6.15733e-02
-1.04557e-02 -1.51025e-01 -6.20275e-02
6.70832e-03 -1.55397e-01 -6.40754e-02
2.53044e-02 -1.60443e-01 -6.74429e-02
4.54405e-02 -1.63960e-01 -7.12125e-02
6.73266e-02 -1.66538e-01 -7.58730e-02
9.01735e-02 -1.65203e-01 -8.01157e-02
1.11778e-01 -1.56202e-01 -8.17955e-02
1.31796e-01 -1.42853e-01 -8.24035e-02
1.52055e-01 -1.30102e-01 -8.50972e-02
1.72153e-01 -1.16579e-01 -8.96013e-02
1.84721e-01 -9.47070e-02 -8.89838e-02
1.91785e-01 -7.02213e-02 -8.61798e-02
1.97279e-01 -4.68053e-02 -8.48694e-02
1.95268e-01 -2.23503e-02 -7.92734e-02
1.90913e-01 -2.93691e-04 -1.03706e-01
1.89697e-01 2.29027e-02 -1.03463e-01
1.88648e-01 4.71319e-02 -1.06895e-01
1.85469e-01 7.28751e-02 -1.11814e-01
1.77659e-01 9.84896e-02 -1.15610e-01
1.63961e-01 1.21158e-01 -1.16472e-01
1.44658e-01 1.38088e-01 -1.13597e-01
1.21705e-01 1.48397e-01 -1.07841e-01
9.66299e-02 1.50867e-01 -9.91605e-02
7.36828e-02 1.54144e-01 -9.39714e-02
5.15717e-02 1.54429e-01 -8.89880e-02
3.12029e-02 1.55553e-01 -8.64204e-02
1.19790e-02 1.54636e-01 -8.41630e-02
-5.95494e-03 1.51652e-01 -8.21082e-02
-2.22631e-02 1.44154e-01 -7.86383e-02
-3.64528e-02 1.32592e-01 -7.37494e-02
-4.94721e-02 1.23203e-01 -7.10806e-02
-6.27685e-02 1.15464e-01 -7.01698e-02
-7.79139e-02 1.08720e-01 -7.06664e-02
-9.64935e-02 1.04204e-01 -7.41454e-02
-1.19243e-01 1.01985e-01 -8.20863e-02
-1.45392e-01 9.95614e-02 -9.42542e-02
-1.68109e-01 8.83942e-02 -1.02530e-01
-1.88712e-01 7.29295e-02 -1.11271e-01
-1.99153e-01 4.95222e-02 -1.11505e-01
-2.07918e-01 2.56696e-02 -1.14429e-01
-2.10306e-01 1.97556e-04 -1.14525e-01
-2.10028e-01 -2.56384e-02 -1.16200e-01
-2.08387e-01 -5.29442e-02 -1.21025e-01
-1.99545e-01 -7.90247e-02 -1.22110e-01
-1.80251e-01 -9.76161e-02 -1.14688e-01
-1.57767e-01 -1.11373e-01 -1.06771e-01
-1.32694e-01 -1.18971e-01 -9.74326e-02
-1.06775e-01 -1.19196e-01 -8.59827e-02
-8.58788e-02 -1.22794e-01 -8.06662e-02
-6.84068e-02 -1.27999e-01 -7.83850e-02
-5.29335e-02 -1.33215e-01 -7.72643e-02
-3.80144e-02 -1.37635e-01 -7.66401e-02
-2.25431e-02 -1.39911e-01 -7.57966e-02
-6.30039e-03 -1.42782e-01 -7.65800e-02
1.10292e-02 -1.46080e-01 -7.89201e-02
2.95460e-02 -1.48123e-01 -8.18596e-02
4.94748e-02 -1.49560e-01 -8.59642e-02
7.15757e-02 -1.52242e-01 -9.28082e-02
9.50566e-02 -1.51863e-01 -9.99836e-02
1.16053e-01 -1.40984e-01 -1.01859e-01
1.34233e-01 -1.24645e-01 -1.01246e-01
1.50967e-01 -1.07559e-01 -1.01770e-01
1.65400e-01 -8.89400e-02 -1.02755e-01
1.78309e-01 -6.95960e-02 -1.05475e-01
1.90023e-01 -4.89830e-02 -1.10257e-01
1.93737e-01 -2.45898e-02 -1.09072e-01
1.82439e-01 -2.76659e-04 -1.29799e-01
1.79275e-01 2.35385e-02 -1.27022e-01
1.78181e-01 4.86582e-02 -1.32087e-01
1.72502e-01 7.39931e-02 -1.35912e-01
1.61685e-01 9.78737e-02 -1.37633e-01
1.44061e-01 1.15946e-01 -1.33546e-01
1.21930e-01 1.26868e-01 -1.25114e-01
9.75734e-02 1.30312e-01 -1.13579e-01
7.59986e-02 1.36129e-01 -1.08337e-01
5.52791e-02 1.40951e-01 -1.04994e-01
3.50916e-02 1.42375e-01 -1.01205e-01
1.60839e-02 1.42441e-01 -9.84858e-02
-1.73569e-03 1.41451e-01 -9.69097e-02
-1.81516e-02 1.35402e-01 -9.32462e-02
-3.24660e-02 1.24323e-01 -8.71748e-02
-4.54632e-02 1.14896e-01 -8.35591e-02
-5.86376e-02 1.07157e-01 -8.22385e-02
-7.38109e-02 1.01220e-01 -8.35649e-02
-9.21028e-02 9.65779e-02 -8.79637e-02
-1.14338e-01 9.37945e-02 -9.77728e-02
-1.40179e-01 9.08970e-02 -1.13514e-01
-1.63475e-01 8.00386e-02 -1.26221e-01
-1.80651e-01 6.13803e-02 -1.33343e-01
-1.88818e-01 3.72151e-02 -1.32592e-01
-1.93264e-01 1.26095e-02 -1.32570e-01
-1.94121e-01 -1.23133e-02 -1.33332e-01
-1.92642e-01 -3.79023e-02 -1.36632e-01
-1.85237e-01 -6.27642e-02 -1.37270e-01
-1.69366e-01 -8.26012e-02 -1.30855e-01
-1.50913e-01 -9.96880e-02 -1.25630e-01
-1.27944e-01 -1.09888e-01 -1.16395e-01
-1.03384e-01 -1.12894e-01 -1.04342e-01
-8.24553e-02 -1.16685e-01 -9.74496e-02
-6.47798e-02 -1.21636e-01 -9.42378e-02
-4.90387e-02 -1.26106e-01 -9.22815e-02
-3.38687e-02 -1.28916e-01 -9.04155e-02
-1.84142e-02 -1.31021e-01 -8.95489e-02
-2.16661e-03 -1.33150e-01 -9.03481e-02
1.50289e-02 -1.34003e-01 -9.18692e-02
3.31881e-02 -1.33879e-01 -9.44334e-02
5.27593e-02 -1.34209e-01 -9.94129e-02
7.38553e-02 -1.33651e-01 -1.06173e-01
9.56465e-02 -1.29683e-01 -1.12949e-01
1.15266e-01 -1.18209e-01 -1.15529e-01
1.32414e-01 -1.02664e-01 -1.16416e-01
1.47509e-01 -8.54123e-02 -1.17891e-01
1.63106e-01 -6.87146e-02 -1.24443e-01
1.80148e-01 -5.08300e-02 -1.37159e-01
1.85137e-01 -2.56842e-02 -1.36596e-01
1.69037e-01 -2.54046e-04 -1.54266e-01
1.68367e-01 2.51222e-02 -1.55745e-01
1.63041e-01 5.00667e-02 -1.55983e-01
1.51941e-01 7.25434e-02 -1.52745e-01
1.36119e-01 9.11502e-02 -1.46889e-01
1.14917e-01 1.02016e-01 -1.34666e-01
9.25981e-02 1.07707e-01 -1.22099e-01
7.24858e-02 1.14720e-01 -1.16406e-01
5.33657e-02 1.22292e-01 -1.14773e-01
3.43811e-02 1.27509e-01 -1.13467e-01
1.58257e-02 1.29529e-01 -1.11648e-01
-1.83504e-03 1.27951e-01 -1.08943e-01
-1.79170e-02 1.20096e-01 -1.02615e-01
-3.20340e-02 1.10788e-01 -9.68464e-02
-4.51630e-02 1.02888e-01 -9.40159e-02
-5.88859e-02 9.62730e-02 -9.39078e-02
-7.48186e-02 9.07932e-02 -9.69053e-02
-9.39565e-02 8.64164e-02 -1.04460e-01
-1.16774e-01 8.28089e-02 -1.18896e-01
-1.40980e-01 7.55950e-02 -1.36849e-01
-1.59107e-01 5.88785e-02 -1.46403e-01
-1.69309e-01 3.63403e-02 -1.48059e-01
-1.73086e-01 1.21754e-02 -1.46125e-01
-1.73316e-01 -1.18344e-02 -1.45790e-01
-1.69272e-01 -3.55184e-02 -1.45561e-01
-1.59675e-01 -5.74628e-02 -1.42917e-01
-1.45152e-01 -7.63837e-02 -1.38343e-01
-1.27829e-01 -9.29717e-02 -1.34861e-01
-1.05395e-01 -1.00882e-01 -1.23625e-01
-8.40378e-02 -1.05699e-01 -1.14184e-01
-6.55688e-02 -1.10661e-01 -1.09037e-01
-4.93929e-02 -1.15860e-01 -1.06785e-01
-3.39691e-02 -1.18957e-01 -1.04418e-01
-1.84243e-02 -1.20666e-01 -1.02775e-01
-2.19900e-03 -1.21611e-01 -1.02602e-01
1.48465e-02 -1.21247e-01 -1.03464e-01
3.27478e-02 -1.20184e-01 -1.06053e-01
5.13591e-02 -1.17150e-01 -1.09288e-01
7.07919e-02 -1.12879e-01 -1.14229e-01
9.15139e-02 -1.08294e-01 -1.22702e-01
1.11350e-01 -9.89782e-02 -1.29951e-01
1.28534e-01 -8.45059e-02 -1.34632e-01
1.44298e-01 -6.79223e-02 -1.41272e-01
1.57755e-01 -4.84117e-02 -1.48893e-01
1.66456e-01 -2.53160e-02 -1.53781e-01
1.47744e-01 -2.24366e-04 -1.68861e-01
1.45832e-01 2.47970e-02 -1.68783e-01
1.37076e-01 4.77092e-02 -1.63287e-01
1.22216e-01 6.58776e-02 -1.52488e-01
1.02173e-01 7.64675e-02 -1.35296e-01
8.32620e-02 8.55990e-02 -1.25188e-01
6.52025e-02 9.47719e-02 -1.21143e-01
4.74602e-02 1.04154e-01 -1.21441e-01
2.94898e-02 1.11978e-01 -1.23074e-01
1.12968e-02 1.14785e-01 -1.21962e-01
-6.08395e-03 1.10802e-01 -1.16281e-01
-2.16006e-02 1.03267e-01 -1.09557e-01
-3.54999e-02 9.55694e-02 -1.05195e-01
-4.90665e-02 8.86306e-02 -1.03946e-01
-6.39148e-02 8.23092e-02 -1.05907e-01
-8.12217e-02 7.64809e-02 -1.12283e-01
-1.01129e-01 7.03203e-02 -1.24434e-01
-1.21991e-01 6.10758e-02 -1.40625e-01
-1.38112e-01 4.45150e-02 -1.50668e-01
-1.48289e-01 2.34138e-02 -1.56129e-01
-1.50951e-01 1.35818e-04 -1.55409e-01
-1.48445e-01 -2.28986e-02 -1.54069e-01
-1.40258e-01 -4.43615e-02 -1.50580e-01
-1.28160e-01 -6.40589e-02 -1.48160e-01
-1.11262e-01 -7.97029e-02 -1.42593e-01
-9.07495e-02 -8.85927e-02 -1.31628e-01
-7.13463e-02 -9.49694e-02 -1.23469e-01
-5.41275e-02 -1.00810e-01 -1.19262e-01
-3.83640e-02 -1.06084e-01 -1.17589e-01
-2.26522e-02 -1.08921e-01 -1.15771e-01
-6.34908e-03 -1.09923e-01 -1.14788e-01
1.07376e-02 -1.09164e-01 -1.14903e-01
2.84634e-02 -1.06714e-01 -1.16305e-01
4.65461e-02 -1.02065e-01 -1.18475e-01
6.51796e-02 -9.64866e-02 -1.23392e-01
8.44752e-02 -8.98059e-02 -1.31822e-01
1.04564e-01 -8.15340e-02 -1.44872e-01
1.22910e-01 -6.80282e-02 -1.57248e-01
1.35803e-01 -4.79764e-02 -1.62915e-01
1.43340e-01 -2.46821e-02 -1.64789e-01
1.18866e-01 -1.90155e-04 -1.65183e-01
1.16564e-01 2.24256e-02 -1.64765e-01
1.05731e-01 4.14388e-02 -1.53162e-01
9.08326e-02 5.57375e-02 -1.39905e-01
7.49145e-02 6.74677e-02 -1.31411e-01
5.85344e-02 7.79968e-02 -1.27886e-01
4.18719e-02 8.82674e-02 -1.29174e-01
2.46146e-02 9.71493e-02 -1.32638e-01
6.68617e-03 9.87694e-02 -1.29760e-01
-1.01300e-02 9.29035e-02 -1.20716e-01
-2.50845e-02 8.68064e-02 -1.15538e-01
-3.88726e-02 8.00625e-02 -1.12883e-01
-5.28705e-02 7.32977e-02 -1.13574e-01
-6.83191e-02 6.63467e-02 -1.18346e-01
-8.53268e-02 5.82769e-02 -1.27770e-01
-1.02106e-01 4.69123e-02 -1.39544e-01
-1.16284e-01 3.11756e-02 -1.51552e-01
-1.25846e-01 1.12740e-02 -1.62232e-01
-1.26878e-01 -1.11394e-02 -1.63401e-01
-1.20273e-01 -3.22499e-02 -1.58026e-01
-1.08632e-01 -5.05877e-02 -1.51679e-01
-9.25389e-02 -6.44107e-02 -1.42337e-01
-7.54050e-02 -7.54023e-02 -1.35774e-01
-5.81725e-02 -8.29069e-02 -1.29487e-01
-4.22115e-02 -8.92370e-02 -1.26643e-01
-2.66932e-02 -9.42661e-02 -1.26017e-01
-1.05379e-02 -9.66409e-02 -1.25553e-01
6.50679e-03 -9.66865e-02 -1.26114e-01
2.41282e-02 -9.38117e-02 -1.27035e-01
4.19124e-02 -8.86018e-02 -1.29299e-01
5.98222e-02 -8.18742e-02 -1.34645e-01
7.79310e-02 -7.35698e-02 -1.44308e-01
9.48066e-02 -6.12926e-02 -1.54785e-01
1.06750e-01 -4.29603e-02 -1.58113e-01
1.13981e-01 -2.20539e-02 -1.58865e-01
9.32896e-02 -1.59430e-04 -1.63576e-01
9.03232e-02 2.04317e-02 -1.61630e-01
7.94373e-02 3.69764e-02 -1.47816e-01
6.66020e-02 5.08921e-02 -1.40142e-01
5.21622e-02 6.30360e-02 -1.37377e-01
3.65135e-02 7.39744e-02 -1.39056e-01
1.95597e-02 8.15354e-02 -1.40328e-01
2.09001e-03 8.11719e-02 -1.33521e-01
-1.39407e-02 7.66335e-02 -1.25829e-01
-2.84053e-02 7.12422e-02 -1.22360e-01
-4.20506e-02 6.45156e-02 -1.21545e-01
-5.60142e-02 5.69234e-02 -1.24707e-01
-7.02869e-02 4.72943e-02 -1.30676e-01
-8.35375e-02 3.47424e-02 -1.38571e-01
-9.34774e-02 1.87395e-02 -1.46071e-01
-9.89934e-02 7.22960e-05 -1.54376e-01
-9.69092e-02 -1.96282e-02 -1.54744e-01
-8.82430e-02 -3.72480e-02 -1.49735e-01
-7.52210e-02 -5.13617e-02 -1.42777e-01
-6.05115e-02 -6.26228e-02 -1.37980e-01
-4.52312e-02 -7.06315e-02 -1.33663e-01
-3.01780e-02 -7.68902e-02 -1.32463e-01
-1.45655e-02 -8.10000e-02 -1.33140e-01
2.08092e-03 -8.17671e-02 -1.33875e-01
1.94101e-02 -7.95717e-02 -1.35845e-01
3.66759e-02 -7.39820e-02 -1.38432e-01
5.33696e-02 -6.57311e-02 -1.43345e-01
6.85375e-02 -5.40461e-02 -1.49117e-01
8.03198e-02 -3.82236e-02 -1.52149e-01
8.88363e-02 -2.02157e-02 -1.57079e-01
7.04816e-02 -1.31552e-04 -1.64006e-01
6.57567e-02 1.89540e-02 -1.55427e-01
5.61064e-02 3.51089e-02 -1.48048e-01
4.31633e-02 4.85868e-02 -1.44817e-01
2.79734e-02 5.98447e-02 -1.46328e-01
1.08149e-02 6.52278e-02 -1.43315e-01
-6.18354e-03 6.34622e-02 -1.34372e-01
-2.15134e-02 5.88325e-02 -1.28859e-01
-3.55604e-02 5.25905e-02 -1.28557e-01
-4.88624e-02 4.39144e-02 -1.31330e-01
-6.09946e-02 3.22383e-02 -1.36042e-01
-7.01202e-02 1.73327e-02 -1.40968e-01
-7.43561e-02 4.00506e-05 -1.45631e-01
-7.19387e-02 -1.78428e-02 -1.46004e-01
-6.37185e-02 -3.39694e-02 -1.43957e-01
-5.14720e-02 -4.66963e-02 -1.40070e-01
-3.73888e-02 -5.57643e-02 -1.36549e-01
-2.24379e-02 -6.18708e-02 -1.35596e-01
-6.34532e-03 -6.48211e-02 -1.36817e-01
1.07080e-02 -6.35105e-02 -1.38276e-01
2.78192e-02 -5.85863e-02 -1.42086e-01
4.34231e-02 -4.89165e-02 -1.45064e-01
5.65417e-02 -3.57662e-02 -1.49984e-01
6.59716e-02 -1.93300e-02 -1.56522e-01
4.85107e-02 -1.06263e-04 -1.58338e-01
4.45164e-02 1.71383e-02 -1.53284e-01
3.48940e-02 3.15308e-02 -1.48470e-01
2.15643e-02 4.26658e-02 -1.47704e-01
5.78367e-03 4.82262e-02 -1.44411e-01
-1.00620e-02 4.74889e-02 -1.38254e-01
-2.44100e-02 4.26806e-02 -1.35277e-01
-3.70124e-02 3.45382e-02 -1.36319e-01
-4.71874e-02 2.27762e-02 -1.38772e-01
-5.32755e-02 8.02219e-03 -1.40973e-01
-5.36968e-02 -8.06100e-03 -1.42150e-01
-4.83415e-02 -2.34313e-02 -1.43027e-01
-3.81319e-02 -3.57213e-02 -1.41068e-01
-2.50944e-02 -4.39426e-02 -1.39149e-01
-1.02667e-02 -4.81505e-02 -1.39706e-01
5.72320e-03 -4.74427e-02 -1.40983e-01
2.15331e-02 -4.22139e-02 -1.45072e-01
3.51520e-02 -3.18974e-02 -1.49288e-01
4.49691e-02 -1.76086e-02 -1.55887e-01
2.89338e-02 -8.30003e-05 -1.56118e-01
2.34918e-02 1.70053e-02 -1.50829e-01
1.03209e-02 2.86712e-02 -1.46566e-01
-6.24144e-03 3.22465e-02 -1.42952e-01
-2.16898e-02 2.74227e-02 -1.40569e-01
-3.30146e-02 1.59036e-02 -1.41291e-01
-3.73385e-02 -6.17923e-06 -1.41113e-01
-3.33911e-02 -1.61384e-02 -1.43256e-01
-2.20259e-02 -2.79443e-02 -1.43043e-01
-6.32410e-03 -3.26961e-02 -1.44517e-01
1.04296e-02 -2.90536e-02 -1.47858e-01
2.39061e-02 -1.75882e-02 -1.55002e-01
1.05822e-02 -6.18140e-05 -1.51627e-01
1.93547e-03 1.42577e-02 -1.47792e-01
-1.42024e-02 1.40078e-02 -1.45409e-01
-2.19546e-02 -2.42346e-05 -1.43731e-01
-1.43066e-02 -1.42227e-02 -1.47065e-01
1.99935e-03 -1.46605e-02 -1.51210e-01
-6.29225e-03 -4.22254e-05 -1.47916e-01
1.58148e-01 -1.27195e-02 -1.63326e-01
1.31282e-01 -1.17051e-02 -1.65761e-01
-2.06659e-01 -8.43680e-02 -9.64570e-03
-1.88544e-01 -1.02340e-01 -9.23241e-03
1.76238e-01 -1.26504e-02 -1.44127e-01
1.92658e-01 -1.15741e-02 -9.08155e-02
1.94580e-01 1.31976e-01 -9.99943e-03
1.87785e-01 -1.22790e-02 -1.19023e-01
-2.26847e-01 -6.62481e-02 -1.07151e-02
2.08835e-01 1.11736e-01 -1.02118e-02
1.69596e-01 1.38210e-01 -8.73983e-03
-2.09077e-01 -5.97082e-02 1.45884e-02
1.90713e-01 -1.02872e-02 -6.18186e-02
-1.91834e-01 -7.71560e-02 1.36308e-02
1.99445e-01 -1.03740e-01 -9.19005e-03
1.92261e-01 1.29744e-01 1.42664e-02
1.88087e-01 -6.61033e-02 -6.74190e-03
1.93780e-01 -9.84603e-02 1.29525e-02
1.97344e-01 -1.37261e-01 -1.04239e-02
1.71260e-01 1.41072e-01 1.35031e-02
1.82529e-01 -6.22649e-02 1.05510e-02
1.92466e-01 -1.31239e-01 1.43731e-02
1.86043e-01 -9.05390e-03 -3.71604e-02
1.76613e-01 -1.51469e-01 -9.70649e-03
1.96323e-01 7.16341e-02 -7.62917e-03
1.74997e-01 -1.48621e-01 1.42581e-02
1.81373e-01 -4.05865e-02 -5.15767e-03
1.99715e-01 1.03590e-01 1.37373e-02
-1.03288e-01 5.94632e-02 -1.33603e-01
1.48021e-01 1.47235e-01 -8.11542e-03
-2.41880e-01 -4.23316e-02 -1.14940e-02
1.48139e-01 1.47683e-01 1.26965e-02
-1.21043e-01 7.33883e-02 -1.31491e-01
1.77331e-01 -3.87042e-02 9.18424e-03
-2.26849e-01 -3.96259e-02 1.60539e-02
1.92035e-01 9.82437e-03 -6.25915e-02
1.50567e-01 -1.54839e-01 1.34571e-02
1.81649e-01 -8.01340e-03 -1.83109e-02
-1.66013e-01 -1.13461e-01 -8.38258e-03
-9.85922e-02 7.90777e-02 -1.14677e-01
1.50591e-01 -1.55557e-01 -8.49917e-03
1.79008e-01 -2.24448e-02 -4.32746e-03
1.92272e-01 1.08931e-02 -8.99288e-02
1.85051e-01 4.20432e-02 -5.53971e-03
1.86549e-01 6.48971e-02 1.11728e-02
1.03450e-01 -1.04006e-02 -1.60432e-01
-8.42115e-02 8.71627e-03 -1.46447e-01
-1.73858e-01 -9.22667e-02 1.29142e-02
1.86037e-01 1.16825e-02 -1.16126e-01
1.86912e-01 8.42116e-03 -3.75379e-02
1.75645e-01 -2.15410e-02 8.46861e-03
1.78739e-01 -7.45154e-03 -3.99794e-03
1.82978e-01 7.47511e-03 -1.87539e-02
1.81096e-01 2.25558e-02 -4.55260e-03
1.92553e-01 3.07773e-02 -6.46182e-02
2.07336e-01 8.10129e-02 -3.17863e-02
1.26581e-01 1.55429e-01 1.22595e-02
1.96771e-01 4.91442e-02 -2.58091e-02
1.82007e-01 -2.40266e-02 -1.91669e-02
1.85288e-01 -4.37099e-02 -2.18816e-02
1.79650e-01 6.90939e-03 -4.10231e-03
1.78247e-01 3.87676e-02 9.44127e-03
1.87401e-01 2.51553e-02 -2.10606e-02
1.28742e-01 1.60173e-01 -8.00232e-03
2.11150e-01 1.15723e-01 -3.65432e-02
1.94942e-01 -7.27992e-02 -2.76876e-02
1.91796e-01 2.81132e-02 -4.14901e-02
1.75205e-01 1.22212e-02 -1.41686e-01
-2.52395e-01 -1.45266e-02 -1.21644e-02
-2.28859e-01 1.77134e-04 -8.34054e-02
1.75383e-01 -7.17059e-03 8.17496e-03
1.96133e-01 -3.28082e-02 -6.81331e-02
1.27556e-01 -1.61268e-01 1.29458e-02
1.87500e-01 -2.74561e-02 -3.92516e-02
1.27480e-01 -1.61966e-01 -7.82021e-03
1.96355e-01 5.56964e-02 -7.13846e-02
-2.46188e-01 -1.46329e-02 1.82642e-02
1.75807e-01 2.10118e-02 8.59131e-03
-2.39585e-01 3.37621e-04 -6.17604e-02
1.76791e-01 -5.99490e-02 2.62190e-02
1.75384e-01 6.46942e-03 8.21051e-03
1.91523e-01 1.30889e-01 -3.41227e-02
2.01789e-01 -1.08386e-01 -3.36858e-02
1.92743e-01 3.40513e-02 -9.27149e-02
1.96058e-01 5.13603e-02 -4.64109e-02
1.72772e-01 -3.77331e-02 2.25521e-02
1.85478e-01 -9.28632e-02 3.24443e-02
1.59922e-01 1.27650e-02 -1.65843e-01
-8.45475e-02 6.79771e-02 -1.20665e-01
1.84102e-01 3.54721e-02 -1.17008e-01
1.71584e-01 -2.11402e-02 2.05932e-02
1.92273e-01 -5.03516e-02 -4.47066e-02
1.80203e-01 6.26186e-02 2.77610e-02
1.71282e-01 -7.02156e-03 1.97075e-02
1.90716e-01 9.82080e-02 3.46329e-02
-2.40929e-01 -2.72782e-02 -6.37905e-02
1.98344e-01 -5.81024e-02 -7.41028e-02
1.95615e-01 -3.59352e-02 -9.68348e-02
-1.83535e-01 9.44905e-06 -1.39723e-01
2.06321e-01 8.42744e-02 -5.64032e-02
-2.34604e-01 2.63662e-02 -6.01992e-02
2.00696e-01 8.64267e-02 -8.12077e-02
-2.28813e-01 -2.62616e-02 -8.49114e-02
1.71396e-01 6.43228e-03 1.98318e-02
-1.20464e-01 4.61975e-02 -1.46616e-01
1.06938e-01 1.67031e-01 1.22681e-02
1.73508e-01 3.79469e-02 2.31121e-02
1.84307e-01 -1.24258e-01 3.64579e-02
-2.24572e-01 2.58155e-02 -8.18667e-02
1.93143e-01 -1.35594e-01 -3.54728e-02
1.09789e-01 1.75091e-01 -8.15146e-03
1.66589e-01 -7.09595e-03 3.17645e-02
1.67706e-01 1.38962e-01 -3.09273e-02
1.71711e-01 2.07376e-02 2.08488e-02
1.61545e-01 -7.39828e-03 4.52511e-02
-8.60421e-02 4.68954e-02 -1.34443e-01
1.85959e-01 1.26257e-01 3.72612e-02
1.66551e-01 6.49607e-03 3.18921e-02
1.89635e-01 -3.83515e-02 -1.25768e-01
7.99718e-02 -9.97569e-03 -1.61780e-01
1.07297e-01 -1.72960e-01 1.29858e-02
1.99584e-01 -8.07533e-02 -5.32995e-02
1.07288e-01 -1.74028e-01 -7.73250e-03
-2.56496e-01 1.60926e-02 -1.25379e-02
1.60790e-01 6.72375e-03 4.48725e-02
1.31800e-01 1.19234e-02 -1.66174e-01
-2.41649e-01 -5.75423e-02 -6.79667e-02
1.93142e-01 5.96193e-02 -9.85792e-02
1.67026e-01 -2.14539e-02 3.32657e-02
2.01856e-01 1.12548e-01 -5.98855e-02
1.56107e-01 -7.81471e-03 6.09697e-02
1.69528e-01 -1.43884e-01 3.67301e-02
-1.40943e-01 6.05580e-02 -1.44941e-01
1.95974e-01 -8.46893e-02 -7.88822e-02
1.62151e-01 -2.23446e-02 4.74698e-02
1.67873e-01 -3.80907e-02 3.62914e-02
-2.27385e-01 5.18283e-02 -5.97203e-02
-1.54369e-01 -1.03815e-01 1.22200e-02
1.90204e-01 1.10008e-01 -8.17972e-02
1.50788e-01 -8.57232e-03 8.07199e-02
1.55029e-01 7.10681e-03 6.02130e-02
-2.31251e-01 -5.60138e-02 -9.18035e-02
-2.54494e-01 1.72439e-02 1.94818e-02
1.69790e-01 -5.89493e-02 4.11956e-02
1.73753e-01 3.73377e-02 -1.44316e-01
1.81222e-01 6.04626e-02 -1.21068e-01
1.66397e-01 2.08349e-02 3.32982e-02
1.69187e-01 1.42855e-01 3.66155e-02
-2.32445e-01 -8.60524e-02 -6.86235e-02
1.62669e-01 -3.94343e-02 5.14862e-02
1.72730e-01 -1.50314e-01 -3.38993e-02
-9.95772e-02 3.28534e-02 -1.44307e-01
1.89800e-01 -5.91522e-02 -9.68143e-02
-2.17119e-01 5.04412e-02 -8.09136e-02
-1.25171e-01 -4.79493e-02 -1.52887e-01
1.46930e-01 1.49880e-01 -2.95153e-02
8.80766e-02 1.82353e-01 1.26219e-02
1.60250e-01 2.13460e-02 4.65906e-02
1.99442e-01 -1.12547e-01 -5.96385e-02
-1.42556e-01 -1.19451e-01 -7.39057e-03
1.55984e-02 -7.29326e-03 -1.54212e-01
1.62929e-01 -5.97471e-02 5.71813e-02
1.67425e-01 3.77668e-02 3.66442e-02
9.10800e-02 1.93612e-01 -8.63723e-03
1.73249e-01 -8.66955e-02 4.85563e-02
1.49537e-01 7.84049e-03 7.96860e-02
1.48649e-01 -1.55506e-01 3.55065e-02
1.57293e-01 -2.38291e-02 6.44828e-02
1.82566e-01 1.27871e-01 -5.63767e-02
1.70373e-01 5.97088e-02 4.22991e-02
-2.11587e-01 -1.06173e-01 -6.41321e-02
8.81673e-02 -1.89233e-01 1.34490e-02
8.78692e-02 -1.89564e-01 -7.97448e-03
1.44056e-01 -9.37709e-03 1.03903e-01
1.90618e-01 8.73041e-02 -1.05089e-01
1.72582e-01 -3.77779e-02 -1.44338e-01
-2.15916e-01 7.57181e-02 -5.89117e-02
1.90241e-01 -1.12759e-01 -8.38033e-02
1.78684e-01 -6.04047e-02 -1.19979e-01
-2.50090e-01 4.61017e-02 -1.21160e-02
1.62259e-01 -8.40211e-02 6.43846e-02
-1.04693e-01 -3.50915e-02 -1.55481e-01
-2.23152e-01 -8.42373e-02 -9.33696e-02
1.59960e-01 3.79774e-02 5.03236e-02
1.77989e-01 9.21190e-02 5.22409e-02
-1.44031e-01 -6.08331e-02 -1.45741e-01
1.51412e-01 -2.58071e-02 8.45049e-02
1.44962e-01 1.47455e-01 3.37529e-02
1.72608e-01 1.27378e-01 -7.88948e-02
-1.84006e-01 -1.16326e-01 -5.66877e-02
1.60332e-01 5.82834e-02 5.63760e-02
-1.82648e-01 -2.45103e-02 -1.41032e-01
1.72376e-01 -1.17385e-01 5.54354e-02
1.54089e-01 2.24395e-02 6.21952e-02
-2.07705e-01 7.49169e-02 -8.14500e-02
1.57126e-01 -4.16581e-02 6.91585e-02
1.05446e-01 1.11374e-02 -1.65940e-01
1.47378e-01 -1.55511e-01 -3.08648e-02
1.32711e-01 -9.98172e-03 1.25070e-01
1.55221e-01 3.77813e-02 -1.63911e-01
1.83479e-01 -1.32279e-01 -5.84706e-02
1.43108e-01 8.67725e-03 1.03262e-01
1.80377e-01 -8.10299e-02 -9.61571e-02
1.75340e-01 8.64931e-02 -1.26083e-01
1.28261e-01 1.65093e-01 -2.96540e-02
1.64145e-01 8.71229e-02 6.75767e-02
-2.02737e-01 -1.03858e-01 -8.73441e-02
-1.96848e-01 9.37460e-02 -5.53203e-02
6.82484e-02 1.97063e-01 1.30307e-02
-1.81639e-01 2.47344e-02 -1.40648e-01
1.25855e-01 -1.62546e-01 3.39365e-02
6.66018e-02 -1.97151e-01 1.35230e-02
1.77748e-01 1.24907e-01 5.95550e-02
1.57558e-01 -1.09863e-01 7.10388e-02
6.59272e-02 -1.95644e-01 -7.75915e-03
-2.45133e-01 4.76157e-02 1.87880e-02
1.62531e-01 1.41506e-01 -5.38067e-02
6.92050e-02 2.02726e-01 -8.64710e-03
3.62225e-02 -8.78080e-03 -1.56420e-01
1.50496e-01 -4.46923e-02 8.98092e-02
1.48394e-01 2.45252e-02 8.22360e-02
1.68198e-01 6.24190e-02 -1.46493e-01
1.70585e-01 -1.28172e-01 -7.93156e-02
1.55419e-01 -6.16445e-02 7.48713e-02
-7.06580e-02 5.73685e-02 -1.25654e-01
1.44130e-01 -2.81002e-02 1.07958e-01
1.77429e-01 1.09081e-01 -1.03903e-01
1.22280e-01 1.52345e-01 3.18598e-02
-1.33125e-01 2.77274e-02 -1.56240e-01
1.16233e-01 -1.02475e-02 1.39820e-01
5.75405e-02 -8.96400e-03 -1.59378e-01
-1.77509e-01 -1.16089e-01 -7.92138e-02
1.60436e-01 -1.40158e-01 5.76802e-02
1.52034e-01 -3.72640e-02 -1.59668e-01
-1.58619e-01 -1.24994e-01 -5.16509e-02
-2.35465e-01 7.19477e-02 -1.11942e-02
-1.76894e-03 -2.19436e-02 -1.48372e-01
1.52967e-01 3.95237e-02 6.64613e-02
1.63853e-01 -7.86215e-02 -1.12845e-01
1.64104e-01 1.19967e-01 7.85684e-02
-1.88298e-01 9.22380e-02 -7.61675e-02
1.32367e-01 9.36859e-03 1.25536e-01
1.55299e-01 1.45943e-01 -7.85438e-02
-1.27865e-01 -7.80560e-02 -1.41354e-01
-1.73708e-01 1.05767e-01 -5.05708e-02
-1.54344e-01 4.08228e-02 -1.50858e-01
1.61273e-01 -5.93839e-02 -1.37696e-01
1.46297e-01 -6.42804e-02 9.44048e-02
1.61742e-01 1.42655e-01 5.90617e-02
1.26277e-01 3.46523e-02 -1.62944e-01
1.61098e-01 -1.43456e-01 -5.46325e-02
1.24415e-01 -1.62247e-01 -2.91192e-02
4.39610e-02 -1.94456e-01 1.31082e-02
1.47776e-01 -1.35104e-01 7.64449e-02
-1.09360e-01 1.51238e-02 -1.53937e-01
1.50857e-01 -8.30334e-02 8.05743e-02
1.67942e-01 -1.01497e-01 -9.55586e-02
1.09746e-01 1.82936e-01 -3.06684e-02
1.52210e-01 5.99908e-02 7.36314e-02
1.46789e-01 4.29568e-02 8.75416e-02
1.05240e-01 -1.73561e-01 3.37655e-02
4.61766e-02 2.00795e-01 1.29309e-02
1.63276e-01 1.10084e-01 -1.27675e-01
1.43381e-01 1.56708e-01 -5.31063e-02
4.33189e-02 -1.92058e-01 -7.15476e-03
1.42363e-01 2.73081e-02 1.07526e-01
-1.51449e-01 -1.23616e-01 -7.16692e-02
1.15979e-01 9.67670e-03 1.40476e-01
-1.34591e-01 -2.76168e-02 -1.56485e-01
4.57564e-02 1.99658e-01 -8.08449e-03
1.31484e-01 -2.96060e-02 1.28118e-01
1.42092e-01 -1.56069e-01 5.74846e-02
1.40997e-01 -4.74294e-02 1.11610e-01
-1.77028e-01 -4.86851e-02 -1.41472e-01
1.48515e-01 -1.39050e-01 -7.43702e-02
9.67304e-02 -1.00939e-02 1.48328e-01
1.01944e-01 1.61072e-01 3.13652e-02
-1.54597e-01 -3.99257e-02 -1.47889e-01
1.49129e-01 1.38697e-01 7.90610e-02
-1.34605e-01 -1.12106e-01 1.15979e-02
-2.27768e-01 7.20129e-02 1.75330e-02
-1.65367e-01 1.04109e-01 -6.98746e-02
1.25512e-01 -3.49868e-02 -1.63023e-01
-9.76827e-03 2.07602e-02 -1.44609e-01
1.62407e-01 1.30479e-01 -1.04199e-01
-2.11742e-01 8.90534e-02 -9.55778e-03
-1.30425e-01 9.77390e-02 -9.73125e-02
1.39944e-01 -8.53322e-02 1.00259e-01
1.51929e-01 8.59104e-02 8.44338e-02
1.57165e-01 8.54883e-02 -1.45875e-01
-2.06373e-01 -3.63135e-04 7.15887e-02
1.44120e-01 6.37982e-02 9.48762e-02
-8.54037e-02 -9.66053e-03 -1.49433e-01
1.44911e-01 6.03696e-02 -1.58931e-01
1.37510e-01 1.47070e-01 5.42641e-02
1.48856e-01 -9.59661e-02 -1.09299e-01
4.71211e-02 -1.34917e-01 1.43053e-01
-1.54510e-01 9.00492e-02 -1.08561e-01
-1.75379e-01 4.89280e-02 -1.41556e-01
-1.12498e-01 -1.56445e-02 -1.61325e-01
7.84915e-02 1.00448e-01 -1.20693e-01
1.04430e-02 1.43307e-02 -1.48891e-01
1.35752e-01 1.62287e-01 -7.81272e-02
5.98714e-02 1.08954e-01 -1.18264e-01
8.02328e-02 1.01661e-02 -1.61977e-01
1.43703e-01 -1.06313e-01 8.71309e-02
-1.43832e-01 -1.12182e-01 -1.13371e-01
1.31612e-01 -1.54779e-01 7.86723e-02
1.38538e-01 -1.52575e-01 -5.15616e-02
2.37890e-02 -6.90022e-02 -1.38859e-01
4.17463e-02 -1.17864e-01 1.54917e-01
1.04227e-01 -1.74483e-01 -2.91116e-02
-1.09847e-01 -6.47774e-02 -1.46980e-01
2.27728e-02 -1.89719e-01 1.27006e-02
-1.50703e-01 1.15498e-01 -4.69536e-02
8.54234e-02 -1.87485e-01 3.45489e-02
1.13618e-01 -2.98707e-02 1.41339e-01
-1.65281e-01 -9.84350e-02 -1.19916e-01
8.87336e-02 1.95812e-01 -3.10373e-02
9.61329e-02 9.49498e-03 1.47772e-01
6.70045e-02 -1.26052e-01 1.43321e-01
1.52244e-01 -1.19694e-01 -9.44969e-02
9.81718e-02 9.26587e-02 -1.28558e-01
-2.08191e-01 2.88425e-02 7.38545e-02
1.45684e-01 -7.67052e-02 -1.28837e-01
1.35528e-01 -6.76360e-02 1.16479e-01
1.30434e-01 2.91031e-02 1.29010e-01
8.26810e-02 1.73036e-01 3.18960e-02
1.40929e-01 -5.88241e-02 -1.53542e-01
1.24179e-01 1.73205e-01 -5.36735e-02
-1.76268e-01 7.65973e-02 -1.18938e-01
1.39735e-01 4.73388e-02 1.13325e-01
1.20352e-01 -1.65950e-01 5.59005e-02
-1.34279e-01 -1.31356e-01 -4.76250e-02
1.38456e-01 8.58323e-02 1.01956e-01
1.46488e-01 1.12361e-01 9.31893e-02
-1.22052e-01 -1.26076e-01 -6.73187e-03
1.27449e-01 1.47127e-01 7.49425e-02
-1.84649e-01 -8.12395e-02 -1.27280e-01
9.77236e-02 3.08703e-02 -1.56165e-01
2.42456e-02 1.96637e-01 1.25487e-02
-1.17652e-01 -1.15262e-01 -1.00277e-01
1.45017e-01 1.28016e-01 -1.24630e-01
3.61288e-02 -1.00857e-01 1.66470e-01
1.27249e-01 -1.50002e-01 -7.15877e-02
-1.58790e-01 9.87492e-02 -8.83003e-02
-1.34119e-01 1.05307e-01 -7.93059e-02
5.35814e-02 9.12389e-02 -1.24481e-01
-1.39352e-01 5.70211e-03 -1.60896e-01
7.07605e-02 8.14093e-02 -1.25805e-01
-1.60765e-01 1.77737e-02 -1.51179e-01
7.69820e-02 -9.83368e-03 1.55394e-01
1.27347e-01 -4.97570e-02 1.32081e-01
6.08012e-02 -1.07678e-01 1.53822e-01
-1.05564e-01 9.90075e-02 -8.47348e-02
2.34512e-02 1.89756e-01 -7.27631e-03
2.23069e-02 -1.86466e-01 -6.62255e-03
1.29973e-01 -1.06376e-01 1.05699e-01
8.50641e-02 -1.12455e-01 1.41153e-01
-1.71667e-01 -1.10640e-01 -1.00404e-01
-1.94762e-01 -9.63398e-02 -1.09092e-01
1.14421e-01 1.50779e-01 5.07616e-02
-1.80825e-01 8.60129e-02 -9.58596e-02
-2.08142e-01 9.18943e-02 1.64507e-02
-1.94963e-01 -5.07160e-02 3.64500e-02
-1.87622e-01 1.01664e-01 -8.22747e-03
4.48320e-02 1.27679e-01 1.35899e-01
-1.97916e-01 -5.85204e-02 -1.30776e-01
-1.40817e-01 1.11015e-01 -6.33288e-02
-2.10471e-01 -7.39898e-02 -1.12680e-01
4.55654e-02 -7.17588e-02 1.72132e-01
-1.90404e-01 5.55665e-02 -1.22771e-01
-2.08057e-01 -3.03558e-02 3.93437e-02
1.42984e-01 1.47207e-01 -1.02305e-01
1.19741e-01 8.49463e-02 -1.43713e-01
-1.46833e-01 -1.20054e-01 -9.18990e-02
8.81270e-02 7.14579e-02 -1.32439e-01
-1.98553e-01 6.76900e-02 -1.01533e-01
6.41881e-02 -1.96399e-01 3.47838e-02
1.32618e-01 -1.29669e-01 9.32226e-02
9.73713e-02 -3.12042e-02 -1.56507e-01
-1.60770e-01 -1.73727e-02 -1.49784e-01
-1.64479e-01 -6.97675e-02 -1.37092e-01
1.10748e-01 -1.66737e-01 7.77316e-02
-2.16576e-01 -4.65210e-02 -1.09894e-01
1.13528e-01 5.31200e-02 -1.51934e-01
7.80839e-02 -1.01932e-01 -1.22564e-01
-1.26495e-01 -1.28462e-01 -6.54853e-02
-1.08914e-01 -9.11677e-02 -1.34780e-01
1.33360e-01 -1.13598e-01 -1.08984e-01
-1.13597e-01 -5.51614e-03 -1.61339e-01
-2.16752e-01 6.28243e-02 4.52332e-02
3.98611e-02 6.10561e-02 -1.41945e-01
-2.08986e-01 4.42380e-02 -1.02944e-01
-1.80465e-01 -6.83251e-02 3.42698e-02
1.12344e-01 2.92139e-02 1.41350e-01
-1.96464e-01 -2.54987e-02 6.58002e-02
1.12860e-01 1.71760e-01 -7.54746e-02
1.17154e-01 -1.62697e-01 -5.00886e-02
8.47070e-02 1.21872e-01 -1.14500e-01
6.47009e-02 1.22557e-01 1.40246e-01
4.12661e-02 1.16586e-01 -1.18937e-01
9.83385e-02 -9.52387e-02 -1.32315e-01
8.40654e-02 -1.87553e-01 -2.96502e-02
9.33226e-02 -2.91000e-02 1.49363e-01
6.32743e-02 1.86142e-01 3.29715e-02
1.06583e-01 1.16346e-01 -1.22949e-01
1.40563e-01 1.04061e-01 -1.41240e-01
-2.01871e-01 -3.18865e-02 -1.27030e-01
5.85618e-02 -1.07132e-01 -1.15959e-01
-1.39240e-01 -5.45627e-03 -1.59967e-01
-1.97436e-01 3.11509e-02 -1.22257e-01
-2.22769e-01 3.51136e-02 4.52779e-02
6.54095e-02 1.98793e-01 -3.00304e-02
-2.22494e-01 -6.46953e-03 4.44395e-02
1.32971e-01 6.69382e-02 1.16713e-01
3.94689e-02 1.10910e-01 1.46374e-01
-2.04348e-01 8.74546e-02 4.40408e-02
1.29500e-01 1.08464e-01 1.08864e-01
7.65029e-02 9.28607e-03 1.54808e-01
1.26561e-01 -8.76332e-02 1.20886e-01
7.79076e-02 -9.36948e-02 1.51352e-01
-2.17595e-01 -1.93128e-02 -1.06017e-01
-9.04769e-02 -5.08482e-02 -1.46415e-01
-2.15857e-01 1.94818e-02 -1.04642e-01
5.41612e-02 -8.94821e-02 1.63649e-01
6.45720e-02 1.28833e-01 -1.11209e-01
-1.09251e-01 1.06241e-01 -6.97073e-02
1.01150e-01 -9.67890e-02 1.39230e-01
1.33656e-01 -1.34844e-01 -9.27537e-02
3.99043e-02 -1.11708e-01 -1.12471e-01
1.33508e-01 1.33465e-01 9.67690e-02
1.04249e-01 1.50093e-01 6.98571e-02
4.05779e-02 -6.20927e-02 -1.42540e-01
3.58430e-02 1.00027e-01 -1.26669e-01
9.88518e-02 -1.75490e-01 5.51159e-02
1.30090e-01 1.10090e-01 -1.35970e-01
1.29401e-01 7.86103e-02 -1.50476e-01
3.26004e-03 -1.83792e-01 1.23174e-02
1.05750e-01 6.02557e-02 -1.45086e-01
4.76644e-02 7.58312e-02 -1.32760e-01
2.17980e-02 -1.14554e-01 -1.10198e-01
1.07519e-01 -4.92448e-02 1.43477e-01
1.32651e-02 -8.84004e-02 -1.31218e-01
1.02277e-01 1.84107e-01 -5.30278e-02
1.76006e-02 -1.01727e-01 -1.20971e-01
1.16349e-01 -5.65879e-02 -1.62095e-01
-2.44089e-01 -4.97307e-02 -3.94069e-02
-1.61837e-01 6.99275e-02 -1.37288e-01
-2.47120e-01 -2.08602e-02 -3.84664e-02
1.17311e-01 -8.39095e-02 -1.41333e-01
8.23810e-02 1.09973e-01 1.39090e-01
-1.20560e-01 -1.22448e-01 -8.17856e-02
-2.57165e-02 6.99207e-03 -1.42636e-01
-2.02601e-01 6.46578e-03 -1.24638e-01
1.30434e-01 -9.36206e-02 -1.25301e-01
1.37552e-01 6.97563e-02 -1.54166e-01
1.25666e-01 4.93608e-02 1.33136e-01
5.74555e-02 9.60086e-03 -1.58350e-01
-2.02676e-01 -6.09016e-03 -1.24542e-01
-2.45965e-01 2.11063e-02 -3.79791e-02
-2.26464e-01 7.07289e-03 4.60972e-02
-2.35114e-01 -7.77076e-02 -3.96240e-02
6.35412e-02 6.50392e-02 -1.33708e-01
-2.49071e-01 -6.98977e-03 -3.86942e-02
4.20176e-02 -1.96698e-01 3.39262e-02
-2.48173e-01 7.38906e-03 -3.83776e-02
9.36362e-02 1.57765e-01 4.94667e-02
5.78036e-02 -9.95653e-03 1.63940e-01
1.15783e-01 -1.25293e-01 1.09401e-01
3.54060e-02 -9.78426e-02 -1.22430e-01
2.29495e-02 -3.06225e-02 -1.49269e-01
1.06843e-01 -1.62463e-01 -7.10596e-02
7.20558e-02 -8.56336e-02 -1.32880e-01
-2.20770e-02 -1.40927e-02 -1.45159e-01
5.81931e-02 1.03418e-01 1.48661e-01
5.35434e-02 -9.23828e-02 -1.26010e-01
7.04757e-02 -1.43376e-01 1.29634e-01
8.91015e-02 -1.29660e-01 1.27064e-01
1.19434e-01 -6.94692e-02 1.35257e-01
3.06750e-02 8.54198e-02 -1.36226e-01
-2.03521e-01 5.65538e-02 7.39319e-02
2.89791e-02 -1.52932e-01 1.25409e-01
-2.17360e-01 -6.26534e-03 -1.04892e-01
4.99182e-02 -1.50837e-01 1.28602e-01
4.30252e-02 6.70861e-02 1.61730e-01
-2.17163e-01 6.66142e-03 -1.04844e-01
-2.38763e-01 4.80334e-02 -3.73338e-02
8.69051e-03 -1.50321e-01 1.20784e-01
1.22216e-01 1.38344e-01 -1.17267e-01
4.28324e-02 1.95483e-01 3.37303e-02
3.37745e-02 9.33512e-02 1.54575e-01
3.97067e-03 1.90059e-01 1.21900e-02
1.03853e-01 -1.14214e-01 -1.20321e-01
-1.64249e-01 -8.30404e-02 3.23324e-02
-2.15058e-01 -9.80427e-02 -3.68759e-02
-2.46259e-01 -3.54652e-02 -3.88502e-02
9.10020e-02 -7.72687e-02 -1.44103e-01
2.64365e-02 -1.38289e-01 1.40725e-01
1.49660e-01 9.54020e-02 -1.43863e-01
4.48832e-02 1.34336e-01 -1.09252e-01
-1.62076e-01 -5.83891e-03 -1.50502e-01
-1.65186e-01 1.13037e-01 -7.37956e-03
1.06084e-01 -1.14124e-01 1.24696e-01
-1.12469e-01 5.59186e-03 -1.58857e-01
-1.87018e-01 -3.96509e-04 9.41609e-02
-1.84810e-01 1.05304e-01 1.51810e-02
5.49224e-02 4.95907e-02 -1.41851e-01
2.06528e-02 -6.60088e-02 1.85291e-01
-2.26213e-01 2.20496e-02 4.62725e-02
3.65672e-03 1.83604e-01 -6.80798e-03
1.25723e-01 -7.65076e-02 -1.45510e-01
-2.42737e-01 3.48922e-02 -3.75160e-02
3.07798e-02 -8.42554e-02 -1.32680e-01
1.16690e-01 -1.49458e-01 9.68784e-02
-1.85703e-01 1.05879e-01 4.13993e-02
1.22137e-01 -1.01113e-01 -1.23460e-01
8.30927e-02 -1.21238e-01 -1.13820e-01
7.85497e-02 5.30763e-02 -1.39302e-01
8.93501e-02 -1.76896e-01 7.71106e-02
2.24812e-02 2.95850e-02 -1.48638e-01
-1.01773e-02 -1.45271e-01 1.16539e-01
9.19952e-02 2.83189e-02 1.48354e-01
3.04913e-03 -1.78922e-01 -6.14290e-03
1.19996e-01 1.57241e-01 -9.77090e-02
-2.25607e-01 7.21030e-02 -3.59211e-02
1.20768e-01 4.43056e-02 -1.57491e-01
1.07585e-01 1.58990e-01 -9.38838e-02
1.31762e-01 1.52840e-01 -9.98695e-02
-1.37776e-01 -1.71114e-02 -1.58734e-01
1.33693e-01 -6.79454e-02 -1.49000e-01
-1.26662e-01 1.19873e-01 -4.26413e-02
2.74895e-02 1.42029e-01 1.16549e-01
1.24027e-01 8.70159e-02 1.21281e-01
-1.90546e-01 2.81105e-02 9.92395e-02
-2.02629e-01 -1.90230e-02 -1.25612e-01
-9.46015e-02 -1.17675e-01 -9.13606e-02
9.23107e-02 -7.70716e-02 1.48278e-01
8.46017e-03 1.42368e-01 1.14537e-01
4.74411e-02 1.41231e-01 1.20655e-01
1.09962e-01 1.40298e-01 -1.11877e-01
-1.61868e-01 6.12086e-03 -1.50546e-01
1.33869e-01 1.33542e-01 -1.20562e-01
6.78915e-02 1.37819e-01 1.25170e-01
2.61868e-02 -3.57668e-02 1.82337e-01
1.09255e-01 -6.51825e-02 -1.57578e-01
6.16443e-02 -1.90211e-01 -2.86679e-02
-1.91359e-01 -1.12401e-01 -3.36456e-02
1.52920e-01 1.39013e-01 -1.02886e-01
-2.40924e-01 -6.44665e-02 -3.96231e-02
6.94701e-02 -7.40034e-02 1.58514e-01
8.34147e-02 1.60968e-01 -8.77282e-02
8.73370e-02 1.28741e-01 1.27112e-01
9.66595e-02 -1.74732e-01 -5.01381e-02
1.14128e-01 -7.87691e-02 1.36387e-01
-2.00234e-01 1.90455e-02 -1.23109e-01
2.48666e-02 3.31889e-02 1.74553e-01
1.68076e-02 -5.29971e-02 -1.41352e-01
9.82169e-02 9.49841e-02 1.37844e-01
-2.17450e-01 -3.27565e-02 -1.07865e-01
1.15728e-01 1.28204e-01 1.12943e-01
1.54786e-01 1.19566e-01 -1.26161e-01
8.89738e-02 1.76223e-01 -7.19770e-02
1.50847e-01 4.93600e-02 -1.61393e-01
7.49438e-02 9.05969e-02 1.47450e-01
1.38222e-01 -8.50878e-02 -1.26292e-01
-2.15716e-01 -1.97382e-02 4.20083e-02
1.15944e-01 -1.29974e-01 -1.09383e-01
1.20740e-01 -9.70056e-02 1.22470e-01
1.69908e-01 1.19436e-01 -1.03331e-01
4.15115e-02 1.89768e-01 -2.74313e-02
2.14129e-02 -1.22719e-01 1.53852e-01
1.63149e-01 7.39640e-02 -1.45753e-01
4.82346e-02 -7.77757e-02 -1.36166e-01
-2.33849e-01 6.12193e-02 -3.69098e-02
8.64018e-02 1.43839e-01 -1.04126e-01
8.34799e-02 1.56627e-01 6.80580e-02
5.73815e-02 9.43819e-03 1.63191e-01
-2.12623e-01 3.19646e-02 -1.03566e-01
2.55042e-02 1.35768e-01 -1.06084e-01
1.13831e-01 -1.06234e-01 1.24215e-01
-9.20684e-02 -7.69703e-02 -1.38553e-01
7.85094e-02 -1.88473e-01 5.61687e-02
1.13750e-01 1.44795e-01 9.42008e-02
6.23643e-02 -1.24801e-01 -1.07349e-01
-1.32741e-01 1.01702e-01 -8.89740e-02
-1.81627e-01 -4.50459e-02 5.85116e-02
5.13668e-02 8.45246e-02 1.55424e-01
5.93592e-02 -5.53586e-02 1.64306e-01
-2.04373e-01 8.90873e-02 -3.26209e-02
-1.48414e-01 -8.82381e-02 -1.32983e-01
1.70418e-01 9.88754e-02 -1.27416e-01
1.25440e-01 -1.40396e-01 9.53644e-02
1.04523e-01 1.14566e-01 1.26343e-01
9.22216e-02 3.89833e-02 -1.49656e-01
1.84701e-01 9.86192e-02 -1.04572e-01
-1.27521e-01 9.30637e-02 -1.06349e-01
1.63120e-02 5.39669e-02 -1.46443e-01
1.05689e-01 4.85175e-02 1.43463e-01
1.18206e-01 1.13909e-01 -1.29646e-01
-1.17124e-01 -1.21024e-01 1.13451e-02
1.38921e-01 -1.18262e-01 9.02969e-02
2.18328e-02 1.97084e-01 3.35335e-02
2.05984e-02 -1.90671e-01 3.24114e-02
5.58287e-02 -5.13012e-02 -1.46572e-01
1.21907e-01 -4.59795e-02 -1.62740e-01
6.07114e-02 1.62090e-01 -8.32082e-02
6.54942e-02 -6.94079e-02 -1.43328e-01
1.30707e-01 2.35017e-02 -1.66132e-01
-6.01424e-02 -2.05387e-02 -1.44045e-01
8.51334e-02 4.64124e-02 -1.43675e-01
1.24428e-01 1.40380e-01 9.59888e-02
7.40974e-02 1.67854e-01 4.98956e-02
1.14390e-01 -1.49684e-01 -9.25769e-02
-7.58920e-02 -3.55019e-02 -1.46333e-01
1.07214e-01 -1.57066e-01 9.72464e-02
8.62094e-02 -4.76410e-02 1.51672e-01
1.47272e-01 -4.84390e-02 -1.56689e-01
7.92038e-02 1.90109e-01 -5.16647e-02
1.92970e-01 1.21177e-01 -5.82666e-02
-1.37255e-01 1.74032e-02 -1.59588e-01
1.23466e-01 -1.15951e-01 1.07435e-01
1.02791e-01 1.47373e-01 9.14118e-02
1.07574e-01 -1.33601e-01 1.10422e-01
1.81346e-01 1.18484e-01 -7.97614e-02
1.25000e-01 -1.21837e-01 -1.08760e-01
1.43021e-01 -1.27191e-01 -9.30645e-02
1.72219e-01 1.34301e-01 -5.45491e-02
7.30394e-02 2.83826e-02 -1.53164e-01
1.53593e-01 -6.81899e-02 -1.32456e-01
1.91763e-01 7.27916e-02 -1.01019e-01
1.78744e-01 7.32102e-02 -1.23196e-01
2.06077e-01 9.95754e-02 -5.89507e-02
1.97071e-01 9.92924e-02 -8.23009e-02
1.41553e-01 -1.04915e-01 -1.08852e-01
1.61075e-01 -1.11568e-01 -9.55143e-02
1.24075e-01 -1.42098e-01 -9.20754e-02
-1.45834e-01 -1.16200e-01 -1.03093e-01
1.71658e-01 4.98335e-02 -1.45264e-01
1.63897e-01 1.36250e-01 -7.80923e-02
-2.01025e-01 -4.55389e-02 -1.29774e-01
-2.25262e-01 -8.85410e-02 -3.79107e-02
9.79790e-02 -6.79549e-02 1.46190e-01
1.17568e-01 6.93408e-02 1.36751e-01
7.24462e-03 1.36204e-01 -1.04380e-01
-1.09088e-01 -2.61585e-02 -1.58103e-01
1.41373e-01 1.24275e-01 9.59513e-02
7.31737e-02 -2.86537e-02 1.57816e-01
9.85339e-02 -1.41707e-01 1.11975e-01
-1.46056e-02 -1.76162e-01 1.19258e-02
1.58100e-01 2.52268e-02 -1.64125e-01
1.47944e-01 -9.46467e-02 8.39001e-02
6.44412e-02 1.47342e-01 -9.92977e-02
-1.16093e-01 1.12783e-01 -5.63427e-02
-1.56798e-01 9.40894e-02 -9.84842e-02
9.65052e-02 6.60391e-02 -1.37704e-01
1.97945e-01 6.97305e-02 -7.53016e-02
1.06303e-01 -1.36407e-01 -1.08432e-01
-8.42828e-02 -1.86828e-02 -1.49917e-01
1.74554e-01 -9.13969e-02 -9.56243e-02
8.13554e-02 -5.73911e-02 -1.51298e-01
-2.51813e-01 2.13741e-04 1.89242e-02
8.15090e-02 1.53039e-01 8.80697e-02
1.52744e-01 1.48676e-01 -5.29591e-02
2.02585e-01 1.24740e-01 -3.55640e-02
-1.35232e-01 1.08092e-01 -7.03515e-02
1.56435e-01 -8.71541e-02 -1.10302e-01
2.00055e-01 6.59825e-02 -5.04564e-02
1.29219e-01 -2.35991e-02 -1.63860e-01
2.48406e-02 1.28303e-01 1.30702e-01
1.82821e-02 5.96514e-02 1.68622e-01
1.35475e-01 -9.56554e-02 1.02732e-01
1.31321e-01 -7.72903e-02 1.18119e-01
2.03264e-01 8.49572e-02 -6.83050e-02
1.95941e-01 1.10938e-01 -7.07562e-02
-8.51577e-02 1.02465e-01 -7.85042e-02
2.11953e-01 9.96591e-02 -3.49032e-02
-2.14938e-01 -6.07344e-02 -1.12368e-01
1.32863e-01 -2.06855e-04 -1.66504e-01
1.03983e-01 -1.55372e-01 -9.16082e-02
-1.28852e-01 7.95049e-02 -1.28043e-01
8.97878e-02 -1.50314e-01 1.13894e-01
1.67820e-01 -1.30038e-01 5.69937e-02
7.29980e-02 -2.87023e-02 -1.53592e-01
-1.67159e-01 -1.23140e-01 -3.08745e-02
1.45901e-01 1.54532e-01 -7.81648e-02
-2.19105e-01 4.91233e-02 4.49501e-02
8.67328e-02 -1.69468e-01 9.76477e-02
1.77446e-01 1.27078e-01 -6.73281e-02
1.07928e-01 -8.80319e-02 1.37868e-01
1.92547e-01 4.61880e-02 -9.46253e-02
-2.16137e-01 8.20431e-02 -3.43485e-02
1.06778e-01 1.34723e-01 1.12230e-01
-5.86622e-02 1.99413e-02 -1.39343e-01
-2.35653e-01 -2.83315e-02 1.70072e-02
1.83166e-01 4.77447e-02 -1.18783e-01
8.50565e-02 -1.70467e-01 -6.95612e-02
1.95774e-01 5.31507e-02 -5.79748e-02
1.92878e-01 -1.23849e-01 -5.95132e-02
2.01563e-01 -9.75677e-02 -5.72545e-02
-1.39919e-01 -1.05505e-01 -1.21948e-01
1.61931e-02 -1.06415e-01 1.66105e-01
4.26563e-02 -1.26790e-01 -1.02417e-01
1.79113e-01 1.34522e-01 -3.21149e-02
6.78170e-02 3.60416e-02 -1.47899e-01
1.74765e-01 -1.03091e-01 5.27436e-02
1.03223e-01 2.13683e-02 -1.62778e-01
-1.93744e-01 4.32913e-02 -1.21662e-01
1.18279e-01 9.63845e-02 1.22873e-01
2.03287e-01 1.23243e-01 -1.02189e-02
-1.60074e-01 1.02302e-01 -7.83694e-02
1.55623e-01 -2.52021e-02 -1.60718e-01
1.59024e-01 1.43339e-01 -6.57591e-02
-1.47135e-01 -1.22354e-01 -8.08859e-02
-1.05140e-01 8.43607e-02 -1.11196e-01
1.54028e-01 -1.23443e-01 7.42824e-02
-1.58688e-01 -2.91183e-02 -1.49596e-01
1.93908e-01 4.23673e-02 -6.71483e-02
-1.78429e-01 -2.45792e-02 8.72016e-02
1.13229e-01 -1.08437e-01 -1.22579e-01
2.06477e-01 1.13230e-01 -4.81680e-02
1.84836e-01 -6.97584e-02 -9.55926e-02
8.73273e-02 -4.93399e-02 -1.53007e-01
-1.83028e-01 1.03467e-01 -3.02257e-02
1.08405e-01 8.88179e-02 -1.35044e-01
6.88171e-02 -1.90028e-01 7.88758e-02
-1.51629e-01 8.54605e-02 -1.19636e-01
1.71092e-01 1.35196e-01 5.97521e-02
1.87495e-01 1.28745e-01 -4.53049e-02
1.23633e-01 1.19135e-01 1.11533e-01
1.95791e-01 8.62286e-02 -9.28374e-02
1.93776e-01 -9.86100e-02 -8.12598e-02
2.00465e-01 6.29693e-02 -2.81071e-02
2.06718e-01 8.19587e-02 -4.36227e-02
1.94617e-01 5.71048e-02 -8.41422e-02
1.68457e-01 -4.93904e-02 -1.42408e-01
1.59426e-01 -2.39992e-04 -1.63408e-01
2.05945e-01 9.30578e-02 -9.28292e-03
1.71027e-01 -6.93686e-02 -1.15264e-01
1.84002e-01 1.08684e-01 -9.25832e-02
-2.50058e-01 3.21376e-02 1.88894e-02
2.01068e-01 -9.16677e-02 -3.13897e-02
1.03250e-01 -5.85069e-02 1.44459e-01
8.66563e-02 1.43850e-01 1.09380e-01
1.52105e-01 -1.49288e-01 5.77491e-02
1.81574e-01 -1.21793e-01 -8.20225e-02
1.74415e-01 2.44362e-02 -1.41640e-01
1.50461e-01 1.46505e-01 5.69389e-02
1.94905e-01 -6.38929e-02 -4.80833e-02
1.93279e-01 3.89199e-02 -4.33487e-02
-1.61198e-01 1.14473e-01 1.40396e-02
9.67779e-02 -1.62904e-01 9.72671e-02
1.65702e-01 1.39495e-01 -4.21136e-02
8.95604e-02 7.52974e-02 1.46224e-01
-9.75149e-02 -1.24264e-01 -7.47165e-02
1.60814e-01 -9.69783e-02 6.78826e-02
1.99411e-01 -1.23461e-01 -3.49822e-02
6.11781e-02 1.59530e-01 8.68876e-02
1.82558e-01 1.35986e-01 -9.31749e-03
1.11879e-01 7.83396e-02 1.37158e-01
1.73036e-01 -1.39132e-01 -5.66851e-02
1.87059e-01 5.97445e-02 -1.09311e-01
1.67860e-01 1.27858e-01 -9.10017e-02
2.11524e-01 1.14330e-01 -2.33464e-02
1.94550e-01 1.32054e-01 -2.22654e-02
1.91870e-01 2.92709e-02 -5.21940e-02
1.23733e-01 -5.94489e-02 1.33195e-01
1.87250e-01 -1.09933e-01 3.49948e-02
1.96684e-01 -7.04850e-02 -7.55762e-02
1.98091e-01 1.18340e-01 1.41419e-02
5.74552e-02 5.35009e-02 1.60220e-01
1.88910e-01 3.47711e-02 -1.04849e-01
1.34025e-01 1.65345e-01 -5.32134e-02
2.00490e-01 -1.21622e-01 -9.97913e-03
1.93254e-01 1.30402e-01 2.29727e-03
1.94338e-01 -8.38236e-02 -7.91602e-03
-1.43113e-01 1.21842e-01 -6.69449e-03
1.70429e-01 1.39306e-01 2.35255e-03
1.69392e-01 1.38144e-01 -1.96994e-02
1.82702e-01 8.63693e-02 -1.15045e-01
1.92100e-01 2.21524e-02 -9.03205e-02
1.95969e-01 -1.00043e-01 2.23101e-03
1.95609e-01 -1.16243e-01 1.38267e-02
2.03546e-01 1.06774e-01 2.26724e-03
1.94715e-01 -1.33541e-01 2.22520e-03
1.76011e-01 -1.49904e-01 2.26435e-03
1.92227e-01 3.20110e-02 -7.74262e-02
-2.04216e-01 5.61760e-02 -1.02312e-01
9.32453e-02 -4.04447e-02 -1.54657e-01
-1.15456e-01 -1.11103e-01 -1.09998e-01
1.84987e-01 2.33246e-02 -1.15589e-01
1.11933e-01 1.06310e-01 1.25468e-01
1.24508e-01 1.67530e-01 -7.65758e-02
1.40716e-01 -1.46112e-01 7.79234e-02
1.70751e-01 1.09586e-01 -1.15911e-01
1.50492e-01 9.97449e-02 8.96008e-02
1.40530e-01 1.60666e-01 -6.58937e-02
6.71135e-02 7.17815e-02 1.55039e-01
2.03536e-01 7.70413e-02 -1.92745e-02
1.78325e-01 -1.35401e-01 3.67988e-02
1.85344e-01 -6.38872e-02 2.26507e-03
1.88996e-01 -5.64429e-02 -2.42355e-02
-1.16932e-01 -9.74632e-02 -1.30045e-01
-1.19481e-01 -1.18781e-01 -9.13712e-02
1.95965e-01 4.96586e-02 -3.55141e-02
1.82883e-01 1.37003e-01 1.39961e-02
1.91903e-01 1.99866e-02 -6.29045e-02
1.87376e-01 -7.80541e-02 1.15947e-02
-8.65060e-02 5.58282e-05 -1.49461e-01
1.93492e-01 -4.77956e-02 -9.70669e-02
1.99277e-01 -8.36715e-02 -6.67086e-02
1.50422e-01 1.46648e-01 -9.08194e-02
9.75464e-02 1.41588e-01 -1.07424e-01
1.48076e-01 1.47044e-01 2.40643e-03
1.58053e-01 1.30750e-01 7.95143e-02
1.79025e-01 1.36032e-01 3.71929e-02
-1.45818e-02 1.88003e-01 1.22145e-02
1.90058e-01 1.13112e-02 -1.03280e-01
-1.47742e-01 -9.60641e-02 3.09457e-02
1.53334e-01 -7.18846e-02 7.73755e-02
1.80638e-01 1.10447e-01 5.71765e-02
1.96908e-01 -5.49464e-02 -5.95586e-02
1.54575e-01 1.29979e-01 -1.15399e-01
8.16361e-02 -5.65889e-02 1.53639e-01
1.96251e-01 -1.13822e-01 -7.25754e-02
2.80896e-02 -8.39339e-02 1.77352e-01
-1.11722e-01 -1.35647e-01 -4.42084e-02
1.46020e-01 1.52702e-01 -4.09374e-02
1.90770e-01 1.13902e-01 3.65598e-02
1.97979e-01 -4.52237e-02 -7.12846e-02
1.85657e-01 -5.01411e-02 -1.24014e-01
2.01305e-01 -1.05791e-01 -2.11609e-02
1.48073e-01 1.47632e-01 -1.85055e-02
1.71092e-01 -7.14217e-02 4.43143e-02
1.50989e-01 -1.55556e-01 2.32093e-03
1.90525e-01 6.74406e-02 2.28722e-03
6.60547e-02 -1.81609e-01 9.92595e-02
1.39211e-01 1.44401e-01 7.74255e-02
1.95718e-01 8.50336e-02 1.26248e-02
1.89396e-01 5.48732e-02 -6.42445e-03
1.89378e-01 -3.80909e-02 -4.14477e-02
6.97261e-02 -1.62353e-01 1.15185e-01
1.96937e-01 -1.37235e-01 -2.32920e-02
1.91809e-01 -6.90533e-02 -1.66193e-02
1.91014e-01 3.58754e-02 -2.29552e-02
1.80062e-01 -7.40846e-02 2.87467e-02
1.75572e-01 -2.54405e-02 -1.44779e-01
-2.01587e-01 -4.14223e-02 3.79678e-02
1.83901e-01 -5.18104e-02 -5.74546e-03
1.77646e-01 -1.30705e-01 -6.93707e-02
1.75771e-01 -2.65491e-04 -1.41647e-01
1.96545e-01 -7.56172e-02 -3.93931e-02
