  366     556       3
  912     293     345
  366     502       6
  556       7       3
  661    1028       1
    1    1028     437
    3       7     434
  661     377       4
  368     823     312
    5     312     813
    5     813     333
  473     322     359
    6     322     412
    6     412     449
  863     444     695
  765     440     620
 1027     338     472
    4     377    1068
    4    1068     383
  638     347     482
  448      12     408
    2     408     724
  725     393     572
  615      14     346
   10     338     612
   10      18     601
   10     601     634
   11      19     591
   11     591     575
  448     881      12
  658     326     340
   15     340     456
  353     500      27
  991      27     455
   16     455     496
  608     664      24
   17      24    1086
  440     801       9
    9      30     756
   10     612      18
  507     678     372
  716     321     534
  393     329      22
  615    1070      14
    8      28     538
  664     538      24
   24     720      38
   24      38      25
   25      38      39
  801     404       9
    9     404      30
   30     442    1038
   26     442     759
   26     759     998
 1042      31     513
   18     467    1105
   19     467     477
   19     477     997
   20     304     799
   21     304     398
   21     398     582
  761      33      34
  899      34     507
  584    1002      46
  326     318      23
   27     344      37
   27      37     585
   27     585     913
  784      49     760
   28     760     552
  806      40     668
  859      40     669
   20      42     475
  321     391      35
   35     391     403
   35     403     367
 1002     364      46
   23     318      47
   23      47     697
  344      48      37
   50      51     746
 1048      51     583
  720     583      38
  914      52      53
   38     920      39
   39     920      54
  806    1128      40
  817    1085     470
  540    1069     533
   31     533     663
  719     887      73
   41      73     365
   41     365     525
  753      79     570
   42     570     544
   32      57     420
  696     908      58
   33    1043      34
   34     996      59
   34      59     417
   59     399     639
   43     399     309
   43     975    1075
  985     306      60
 1076      60     951
   45     474     734
   45     734    1040
  749      61     374
 1147     302     911
   46     911     388
   47     418      64
   47     857    1052
   48     857      65
   48     594      37
   37     594     921
   37     604      49
   49     604     369
   49     325      50
   50     325     778
   50     778      51
   51     843      68
   51      68     861
  865    1125      75
   52     943      53
   53     943      76
   53    1031      54
   54    1024     397
 1111     354      40
   40     354      69
   40     919    1009
   55     919      70
  817      70      71
   32      56     619
   32     619      57
   57     866      81
  908    1020      58
   58     900      82
  996     841      59
   59     841      83
  302     471      63
  745     776      96
   69     815      70
   70     476     937
   70     849      71
   71     849     536
   71     536     910
  721      78     457
  887     350      73
   73     350     355
   73     355    1072
  831     933     433
  306     307      60
   60     307     435
  474     429      61
   61     429     543
 1008     390     589
   62     390     684
   62     684     625
  471     738      63
   63     738     461
  418    1015      64
   64     770    1039
   64     828     955
   65     757      88
   65     905     969
   66     894      89
   66      89     656
   74      90     635
   67      90     786
  843     786      68
   68     809     904
 1125     904      75
   75      92    1136
   75    1101    1120
   76    1101     563
   76     563     413
  441    1081     336
  954     317      56
   56     317     358
   56     358     706
  505     829     114
  866     469      81
   81     469     818
  900     427      82
   82     427     848
   82     394     892
  831     394     117
   84     692     950
   84     487     718
  617     103      86
   86     103     561
  770     561      87
   87     104     592
  757     592      88
   88     105     671
  894     671      89
   89     106    1092
   89     651      74
   74     651     564
   74     564      90
   90     108     766
   90     766     820
   91     109    1049
  809    1053      92
   92    1053     125
   92     125      93
   93     504      94
  631     290     303
  776     303      96
  426     856     126
  476     528      77
   77     528     641
   77     514      78
   78     313     110
  654     111     386
  117     319     436
   98     319     511
   98     511     387
  962     121     422
   99     798     872
   99     872     789
  100     780     906
  100     906     783
  692     400     102
  700     379     453
  617     453     103
  313     529     110
  654     389     111
  642     837     335
   97     335     771
  501     946     129
 1143     129     788
  113     833     130
  829     868     114
  114     827     131
  114     795     835
  115     795     132
  115     735     854
  116     735     133
  116     713     839
  117     713     118
  694     902     134
  118     703     836
  119     703     135
  119     405     600
  120     405     653
  962     653     121
  741     973     137
  798     643     122
  122     643     138
  780     657     123
  123     657     968
  400     349     102
  103     535     644
 1140     549     797
  104     549     630
 1116     566     794
  105     566     508
 1012     498     830
  106     498     621
  106     621     107
  752     142     320
  107     320     108
  395    1006     143
  492    1074     109
  109     428    1118
  124     428     775
  124     515    1132
  977     495     731
  504     376      94
   94     376     310
  290     380     699
  126     646     832
  126     378     737
  127     378     709
  127     626    1106
 1119     554     802
  389     363     111
  129     537     150
  833     691     130
  130     691     151
  827     687     131
  131     687     152
  131     680     810
  132     680     531
  132     337     826
  133     337     154
  133     154     694
  146     380     636
  646     431     147
  392     929     160
  134     419     922
  135     419     932
  135     438     959
  136     438     963
  973     463     137
  137     463     965
  137     451     882
  138     451     855
  138     479     673
  155     479    1126
  155    1126     484
  349     988     102
  102     988     792
  379     796     139
  352    1062     295
  535     947     140
  330     674     168
  140     168     834
  141     879     169
  141     169     714
 1145     169    1003
  156    1003     710
  156     710     726
  142     517     688
  143     432     891
  143     891     553
 1066     462     522
  495     406     145
  145     406     567
  145     567     446
  499     179     180
  157     670     704
  147     431     870
  147     331     689
  148     331     679
  554     396     158
  158     396     481
  158     481     597
  363     999     111
  111     999     844
  111     844     384
  343     183     821
  356     532     974
  150     532     707
  150     565     869
  151     565     681
  151     574     897
  152     357    1127
 1019     480     893
  154     893     392
  168     478    1093
  879    1060     169
  169     424     175
  170     875     176
  517     375     171
  171     375     645
  171     645     972
  432     296     172
  462     339     178
 1064     647     650
  160     548     949
  161     548     188
  161     188     952
  162     411     602
  162     602     984
  163     402     958
  164     332    1121
  164    1121     165
  165     189     542
  165     542     166
  686    1034     659
  166     659     167
  167     191     526
  178     339    1004
  178    1004     414
  178     414     851
  928     196     523
  179     523     180
  670     324     173
  173     324    1090
  173    1090     555
  334     964     198
  181     516     885
  182     516     648
  182     648     728
  174     586     201
  174    1016     183
  183     878     202
  183     202     840
  184     871    1079
  184    1079     842
  185     867    1036
  185    1036     850
  186     883     942
  357     360     153
  153     360     421
  480     941     159
  662     876     187
  929     748     160
  188     464     218
  411     750     208
  332     209     189
  189     744    1021
  191     595     210
  191     371     614
  192     371     640
  192     640     545
  478     211     193
  193     768     773
  424     468     175
  175     468     541
  875     541     176
 1084     213     214
  176     948     177
  177     948     599
  177     599     489
  200     458     550
  586     550     201
  201     370     509
  878     509     202
  871     519     203
  203     454     230
  867    1059     204
  204     940    1094
  883     231     205
  205     884     987
  205     987     880
  206     232     838
  876     838     187
  647     423     207
  750     613     208
  208     613     465
  208     465     362
  211     764     221
  768     924     212
  212     924     222
  212     222     213
  213     222     238
  213     238     214
  214     637    1005
  194     518     961
  194     961     628
  980     224     807
  195     521     917
  196     521     739
  196     546     197
  197     546     551
  197     551     450
  198     964     229
  198     666    1113
  423     494     207
  207     494     460
  464    1096     218
  218     587     219
  209     579     581
  744     328     190
  190     328     485
  595     485     210
  944     237     569
  956     547     652
  223     637     239
  223     239     524
  518     240     224
  224     676     225
 1102     227     603
  228     603    1026
  935     241     242
  666     342     199
  199     342     323
  458    1030     215
  605    1097     588
  370     483     216
  886     401     598
  454     782     230
  230     782     506
  940     506     231
  884     315     232
  781     305     245
  939     245     895
  217     245     779
  233     685     254
  233     934     953
  234     791     982
  587     568     219
  219     568     819
  219     819     235
  579     632     236
  237     992     257
  237     257     808
  220     547     341
  764     341     221
  221     452     222
 1063     425    1013
  222    1010     238
  238     443     733
  225     676     596
  225     361     916
  226     361     609
  226     609     227
  227     708    1033
 1011     246     245
  245     727     909
  255     256     577
 1045     256     578
  632     490     236
  992     490     257
  248    1022    1115
  248    1115     527
  425    1124     250
  250    1088     382
  443    1137     239
  239     611     240
  240     381     702
  241     311     510
  241     510     242
  242     610    1148
  811     493     497
  252     497     852
  800     267     736
  401     860     243
  243     860     348
  243     348     754
  244     262     308
  743     873     263
  791    1050     255
  255     847     256
  660     270     271
  790     271     264
  264     520     804
  249     520     742
  381     693     251
  251     693     539
  251     539     466
  787     274     618
  311     938     266
  261     410     711
  261     711     409
  351     385    1073
  685     268     743
  873     740     263
  263     616    1014
  847     896     256
  256     430     888
  264     898     265
 1130     491     682
  258     682     407
  683     373     439
  266     938     562
  493     559     267
  267     559     805
  410     277     278
  774     314     316
  385     316     268
  430     560     270
  270     560     271
  907     282     858
  898     858     265
  491     571     272
  416     558     274
  274     558     275
  607    1134     606
  278     767     822
  314     633     269
  616    1017     279
  279     777     979
  853     283     280
  571     580     272
  272     580     503
  373     445     273
  416     287     284
  967     284     285
  276     285     277
  767    1095     286
  269     633     672
  853     530     283
  284     287     976
  284     976     285
 1095     772     286
  286     772     923
  530     925     283
  283     925     287
  368     293     289
    2     724     573
  447     698     290
  698     310     290
  291      13     534
  291     415     289
  717     166     167
  793     167     352
  912     437     293
  824       2     573
  690     174     183
  845     183     343
  295    1062     526
  890     192     330
  296     177     489
  296     590     172
  155     484     877
  989     166     717
  158     597    1104
 1000     174     690
  584     300     299
   36     374    1001
   22     329     874
 1071      36    1001
  624     197     450
 1091     228     334
 1147     364     302
   62     625     302
  303     290     699
  303     146     426
   20     475     304
  304      32     420
  781     315     305
  244     308     305
  327      98     306
   98     387     306
  459     120     307
  307     120     422
  308     262     351
  308     246    1011
  722      83     433
  309      98     327
  667     145     446
  310     627     290
  241     708     311
  260     618     311
  312     823     572
  312      22     346
   78     514     313
  127    1106     313
  774     278     314
  278     822     314
  623     244     315
  315     244     305
  316     314     269
  316     269     268
  954     336     317
  317     112     788
  701      46     318
  318      46     388
  117     118     319
  319     118     836
  320     142     688
  320     171     395
  716     372     321
   43    1075     321
  473     333     322
  322      16     496
  994     242    1148
  323     252     605
  180     197     324
  324     197     624
   49     369     325
  325      74     635
  593      14     326
  705     318     326
  985     327     306
  975     327      44
  209     581     328
  328     236     237
   35     367     557
  329      36    1071
  140     330     168
  947     330     140
  147     870     331
  331     181     885
  164     402     332
  208     362     332
 1144      15     456
  333      16     322
  181     334     758
  301     334     812
  335     837     384
  335     149     501
  336    1081     771
  336     112     317
  132     531     337
  337     488     154
 1027     620     338
  338       9     756
  172     590     957
  339     194     628
  340     326      23
  340      23     353
 1025     248     527
  341    1098     221
  229     242     342
  342     242     994
  356     343     821
  294     343     730
   27     500     344
   23     697     344
  345     825       5
  345       5     359
  346      14     593
  312     346     960
  638     383     347
  347      21     582
 1035     261     409
  348     262     244
  123     968    1055
  155     877     349
   72     457    1135
  350     110     386
  246     351    1073
  308     351     246
  139     352     889
  796     352     139
  991     353      27
  340     353     576
 1111     397     354
  354      95     745
  355     512      97
  355      97     441
  537     356     974
  149     343     356
  152     574     357
  186     862     357
  358     930     113
  358     113     505
  359     322       6
  502     359       6
  357     862     360
  360     205     880
  225     596     361
  361     251     466
  362     235     209
  362     209     332
  128     802     915
  158    1104     363
  675      62     364
  364      62     302
  365      73    1072
  365      79     753
    1     366       3
    1     345     366
 1061      45    1040
  367      36     329
    5     368     312
    5     825     368
  369      66     656
  369      74     325
 1057     215     370
  215     588     370
  191     210     371
  371     210     652
  372     678     417
  372      43     321
  486     272     373
  272     503     373
  374      61     589
  374      62     675
  170     176     375
  375     176     177
  125     731    1100
  376     145     667
    3     434     903
  377      10     634
  126     832     378
  378     147     689
  700     487     379
  102     792     379
  290     627     380
  380     157     704
  240     611     381
  259     439     381
  382    1088     407
 1137    1103     239
  383      11     575
  383      21     347
  384     294     730
  335     384     149
  351     262     385
  262     316     385
  386     111     642
  512     386      97
  966     119     600
  387     120     459
  388     622      47
  318     388      47
  110     529    1054
  128     915     389
 1008     543     390
  390     100     783
  321      44     391
  391      44     951
  134     392     918
  902     392     134
  725     415     393
   35     557     393
   82     848     394
  394     116     839
  492     395     143
  320     395     108
  148     679    1108
  396     182     728
  397    1024     413
  397      95     354
  398     729      33
  398      33     761
   59      83     399
  399      83     722
 1112     123     400
  123    1055     400
  886     483     401
  253     736     401
  163     208     402
  402     208     332
  403     978      45
  403      45    1061
   25      39     404
  404      39     668
  119     135     405
  405     135     959
  144     522     769
  406     178     851
  981     272     486
  382     407     259
  408      12      13
  408      13     291
  409    1077     262
  348     409     262
  261     267     410
  267     805     410
  990     188     411
  188     218     411
  412     762       8
  412       8     608
  732      94     447
  397     413      95
  414     195     917
  414     196     928
  723      35     415
  415      35     393
  273     416     274
  273     445     416
  417      59     639
  372     417      43
   47     622     418
   63     461     418
  134     918     419
  419     160     949
  420      57     696
  729     420      33
  421    1044     206
  421     206     662
  422     121      99
  307     422     755
  187     217     423
  217     779     423
  169    1060     424
  193     773     424
 1063     452     425
  249     742     425
   96     426     649
  303     426      96
   81     818     427
  427     115     854
  109    1074     428
  428     143     553
   60     435     629
  429      99     789
  256     896     430
  279     979     430
  146     636    1138
  431     173     555
  143    1006     432
  171     972     432
  433     933     436
  309     433      98
  434       7     472
  434      10     377
  435     307     755
  435      99     429
  436     319      98
  433     436      98
 1117       4     482
  437       2     824
  135     932     438
  438     161     952
  439     373     273
  439     931     381
  765     444     440
   17    1086     440
   79     441     336
  355     441      79
   30     669     442
  442      55     470
  238    1010     443
  250     382     443
  863     449     444
  444      17     440
  712     287     445
  445     287     416
  814     179     499
  310     446     157
  631     447     290
  413     447      95
    2     448     408
    2     347     448
  449     785      17
  449      17     444
  450     227    1102
 1091     450     228
  137     965     451
  451     163     958
  221    1098     452
  452     249     425
  453     379     139
  453     995     103
  203     519     454
  216     598     454
  455      27     913
  455      28       8
  456     340     576
  333     456      16
  457      78     110
  457     110     350
  901     199     458
  199     323     458
  306     459     307
  387     459     306
 1083     233     953
 1096    1099     218
  461     763      86
  461    1087     418
  816     172     462
  172     957     462
  136     963     463
  463     162     984
 1051     207     464
  207     460     464
  465     219     235
  465     235     362
 1080     274     787
  361     466     936
   18     513     467
  467      41     525
  986     212     468
  468     212     213
  747     114     469
  469     114     835
  470    1085     540
  442     470     970
  302      84     471
   84     718     471
  472     338      10
  434     472      10
    5     473     359
    5     333     473
   45      60     474
   60     629     474
  475      42     544
  475      32     304
   70     815     476
   96     649     476
  477     715      42
  477      42      20
  168     674     478
  192     545     478
  138     855     479
  479     164     165
 1019     488     480
  153     421     480
  481    1032     200
  481    1007     174
  482     347       2
  437     482       2
  926     253     483
  483     253     401
  484     165     166
  484     166     989
  485     328     237
  485     237     944
  683     486     373
  407     486     259
   84     950     487
  487     102     379
  337     153     488
  488     153     480
  489     677     194
  296     489     971
  247     578     993
  490     270     660
  655     265     491
  265     280     491
  108     492     803
  108     395     492
  811     610     493
  266     562     493
 1046     233     494
  494     233    1083
  977     515     495
  144     769     495
  496     455       8
  762     496       8
  497     493     267
  497     267     800
 1012     508     498
  498     156     726
  157     499     180
  446     499     157
  353      23     500
  500      23     344
 1143     501     129
  335     501     112
  366     345     502
  345     359     502
  503     283     287
  503     287     712
   93     125     504
  125    1100     504
  747     505     114
  358     505    1110
  506     243     754
  506     244     623
   13     507     372
   12     507      13
 1037     141     714
  508     156     498
  509     370     216
  509     216     202
  510     311     266
  510    1114     242
  511     319     119
  511     119     966
  355     350     512
  350     386     512
  513      31     663
  513      41     467
   77     641     514
  514     127     313
  124     775     515
  515     144     495
  181     758     516
  516     198    1113
  142     170     517
  170     375     517
  194     677     518
  223     524     518
  202     216     519
  519     216     454
  264     265     520
  520     265     655
  195     807     521
  521     225     916
  522     462     178
  522     178     406
  523     196     197
  523     197     180
  524     239     240
  524     240     518
  525     365      42
  715     525      42
  526     191     614
  890     526     192
  527     264     804
  341     527     249
  945     126     528
  528     126     737
  313     128     529
  529     128     389
  282     777     530
 1047     288     530
  531     152    1127
  531     153     337
  356     184     532
  532     184     842
  533    1069     910
  533      72     719
  534     321      35
  723     534      35
  103     995     535
  139     889     535
  536      77      78
  536      78     721
  129     946     537
  149     356     537
  538      28     552
  538      29      24
  539     273     274
  539     274    1080
   31     540     533
  470     540      31
  541     468     213
  541     213    1084
  542     189    1021
  542     190     686
  543    1122     100
  543     100     390
  544      56      32
  475     544      32
  545     220     211
  545     211     478
  196     739     546
  546     226     227
  956     569     547
  547     248    1025
  160     650     548
  548     207    1051
 1140     644     549
  549     140     834
  550     458     215
  550     215    1057
  551     546     227
  551     227     450
  552      50     746
  538     552      29
  553     172     816
  428     553    1133
 1119     626     554
  148    1108     554
  555     301     812
  431     555     181
  366       6     556
    6     695     556
  557     367     329
  557     329     393
  416     284     558
  558     284     607
  864     276     559
  559     276     277
  430     282     560
  560     282     907
  561     103     797
  561     104      87
 1146     275     606
  562     276     864
  563      93      94
  563      94     732
  564     107     108
  564     108      90
  150     707     565
  565     185     850
 1116     630     566
  566     141    1037
  567     406     179
  567     179     814
  234     982    1141
  568     255     577
  569     237     808
  569     248     547
  570    1029      56
  570      56     544
  491     280     571
  280     283     571
  572     393      22
  312     572      22
  573     291     289
  293     573     289
  151     681     574
  574     186     357
 1065      20     799
  383     575      21
  576     353      16
  456     576      16
  577     256    1045
  568     577    1058
  578     256     888
  578     270     490
  209     235     579
  235     247     579
  571     283     580
  580     283     503
  581     579     236
  581     236     328
  582     398      12
  881     582      12
  583      51     861
  583      52     914
  701     584      46
   14    1070     584
  585      37      49
  585      49     784
  174    1007     586
  200     550     586
  218    1099     587
  234    1141     587
  588    1097     852
  588     253     926
  589     390      62
  374     589      62
  296     971     590
  590     194     339
  591      19     997
  591      20    1065
  592     104     794
  592     105      88
  658     593     326
  346     593      15
   48      65     594
  594      65     969
  665     190     595
  190     485     595
 1089     240     702
  596     251     361
  597     481     174
  597     174    1000
  598     401     243
  598     243     454
  599     214    1005
  599    1067     489
  600     405     120
  387     600     120
  601      18    1105
  601      19      11
  602     411     208
  602     208     163
  603     227    1033
  603     241     935
   37     921     604
  604      66     369
  215     605     588
 1030     605     215
  606    1134     967
  562     606     276
  275     607     606
  558     607     275
   17     608      24
  785     608      17
  609     361     936
  609     751     227
  242    1114     610
  610     266     493
  239    1103     611
  611     259     381
  612     338      26
  612      26     998
  218     219     613
  613     219     465
  614     371     192
  526     614     192
   22     615     346
   22     874     615
  263     740     616
  269     672     616
  763     617      86
   85     453     617
  618     274     275
  618     275     311
  619      56     706
  619    1078      57
  620     440       9
  620       9     338
  621    1109     142
  621     142     752
  388      63     622
  622      63     418
  231     623     315
  506     623     231
  301     624     450
  324     624     301
  625    1018      84
  625      84     302
  127     709     626
  626     148     554
  310     157     627
  627     157     380
  628     224     980
  339     628     195
  629     435     429
  629     429     474
  630    1142     141
  630     141     566
   95     631     303
   95     447     631
  579     247     632
  247     993     632
  314     286     633
  633     286     923
  634     601      11
  377     634      11
  635      90      67
  325     635      67
  636     380     173
  636     173     431
  214     238     637
  637     238     733
    4     638     482
    4     383     638
  639     399      43
  417     639      43
  640     371     220
  640     220     545
  641    1123     127
  641     127     514
   97     642     335
  386     642      97
  121     137     643
  643     137     882
  644     535     140
  644     140     549
  645     375     177
  645     177     296
  126     856     646
  146    1138     646
 1064     748     647
  187     423     647
  648     516     199
  648     199     901
  649     426     126
  649     126     945
  650     647     207
  650     207     548
   89    1092     651
  651     107     564
  652     547     220
  371     652     220
  653     405     136
  653     136     741
  110     654     386
  110    1054     654
 1130     655     491
  520     655     258
  656      89      74
  369     656      74
  122     138     657
  657     138     673
   15     658     340
   15     593     658
  659    1034     665
  659     191     167
  790     660     271
  490     660     257
    3     661       1
    3     903     661
  159     662     187
  941     662     159
  663    1131      41
  513     663      41
  608       8     664
    8     538     664
  191     665     595
  659     665     191
  198     229     666
  229     342     666
  310     667     446
  376     667     310
  668      40     859
  404     668      30
  669      40    1009
  669      55     442
  157     180     670
  180     324     670
  671     105     830
  671     106      89
  672     633     281
  672     281     616
  673     479     155
  657     673     155
  330     192     674
  674     192     478
  299     675     364
  374     675     299
  224     240     676
  676     240    1089
  489    1067     677
  677     223     518
  507      34     678
  678      34     417
  679     331     182
  679     182     396
  131     152     680
  680     152     531
  681     565     186
  681     186     574
  682     491     272
  682     272     981
  259     683     439
  259     486     683
  684     390     101
  684     101     625
  233     727     685
 1107     268     685
  166     686     659
  542     686     166
  130     151     687
  687     151     897
  688     517     171
  320     688     171
  689     331     148
  378     689     148
  845     690     183
  298     690     294
  129     150     691
  691     150     869
   84    1018     692
  101     400     692
  381     931     693
  693     273     539
  118     694     134
  133     694     846
  695     444       7
  695       7     556
   33     696    1139
  420     696      33
  697      47    1052
  697      48     344
  447      94     698
   94     310     698
  699     380     146
  303     699     146
   85     700     453
   85     487     700
  705     701     318
   14     584     701
  702     381     251
  596     702     251
  118     134     703
  703     134     922
  704     670     173
  380     704     173
   14     705     326
   14     701     705
  706     358    1110
  619     706      80
  707     532     185
  707     185     565
  227     751     708
  708     260     311
  709     378     148
  709     148     626
  710     175     170
  710     170     142
  711     410     278
  711     278     409
  373     712     445
  503     712     373
  116     133     713
  713     133     846
  714     169    1145
  508     714     156
  477     467     715
  467     525     715
   13     716     534
   13     372     716
  793     717     167
  297     717     292
  718     487      85
  718      85     471
   41     719      73
 1131     719      41
   24      29     720
   29     583     720
   72     721     457
  536     721      72
  309     722     433
  399     722     309
  291     723     415
  291     534     723
  724     408     291
  724     291     573
  289     725     572
  289     415     725
  726     710     142
 1109     726     142
  245     246     727
  727     246     685
  728     648     200
 1032     728     200
  398     304     729
  304     420     729
  730     343     149
  384     730     149
  731     495     145
  731     145     376
  413     732     447
  563     732     413
  733     443     239
  637     733     239
  734     474      61
  734      61     749
  115     132     735
  735     132     826
  736     267     261
  736     261     401
  737     378     127
 1123     737     127
  471      85     738
  738      85     461
  739     521     226
  739     226     546
  268     269     740
  740     269     616
  121     741     137
  653     741     121
  742     520     258
  742     258     425
  254     743     263
  685     743     254
  189     209     744
  209     328     744
   69     745      96
  354     745      69
  746      51    1048
  552     746      29
   80     747     469
   80     505     747
  159     187     748
  748     187     647
   36     749     374
  734     749      36
  411     218     750
  218     613     750
  609     260     751
  751     260     708
  107     752     320
  621     752     107
   42     753     570
  365     753      42
  754     348     244
  506     754     244
  755     422      99
  435     755      99
  756      30    1038
  338     756      26
   65     828     757
   87     592     757
  758     334     198
  758     198     516
  759     442     970
  759      31    1042
  760      49      50
  760      50     552
  899     761      34
  398     761      12
  412     322     762
  322     496     762
  461      85     763
   85     617     763
  211     220     764
  220     341     764
    7     765     620
    7     444     765
  766     108     803
  766     109      91
  278     277     767
  277     285     767
  193     211     768
  211     221     768
  769     522     406
  769     406     495
   64    1015     770
   86     561     770
  771     335     112
  336     771     112
  285     288     772
  772     288    1047
  773     768     212
  773     212     986
  262     774     316
  262    1077     774
  775     428    1133
  775     144     515
  745      95     776
   95     303     776
  279    1017     777
  777     281     530
  778     325      67
  778    1023      51
  779     245     909
  779     233    1046
  100     122     780
  122     657     780
  939     781     245
  232     315     781
  454     243     782
  782     243     506
  783     123    1112
  390     783     101
   28     784     760
  585     784      28
  449     412     785
  412     608     785
  786      90     820
  786      91      68
  260     787     618
  466     787     260
  788     927     113
  930     788     113
  789     122     100
 1122     789     100
 1022     790     264
  257     660     790
  234     934     791
  254     263     791
  792     297     292
  792     292     379
  292     793     352
  292     717     793
  794     566     105
  592     794     105
  114     131     795
  795     131     810
  379     292     796
  292     352     796
  797     549     104
  561     797     104
   99     121     798
  121     643     798
  799     304      21
  575     799      21
  253     800     736
  497     800     253
  440      25     801
   25     404     801
  802     554     158
  802     158     363
  803     492     109
  766     803     109
  804     520     249
  527     804     249
  805     559     277
  805     277     410
   39     806     668
   39      54     806
  807     224     225
  807     225     521
  808    1082     248
  569     808     248
   68      91     809
   91    1049     809
  810     680     132
  795     810     132
  252     811     497
  252     610     811
  812     334     181
  555     812     181
  813     312     960
  813      15    1144
  446     814     499
  567     814     446
   69      96     815
  815      96     476
 1066     816     462
  553     816     144
   55     817     470
   55      70     817
  818     469     115
  818     115     427
  819     568    1058
  819     247     235
  820     766      91
  786     820      91
  821     183     840
  356     821     184
  822     767     286
  822     286     314
  368     289     823
  823     289     572
  293     824     573
  437     824     293
  345     293     825
  825     293     368
  826     337     133
  735     826     133
  114     868     827
  130     687     827
   64    1039     828
  828      87     757
  505     113     829
  113     130     829
  830     498     106
  671     830     106
   83     831     433
   83     394     831
  832     646     147
  832     147     378
  113     927     833
  129     691     833
  834     983     141
 1142     834     141
  835     795     115
  469     835     115
  836     703     119
  319     836     119
  642     111     837
  837     111     384
  838     232     895
  838     217     187
  839     713     117
  394     839     117
  840    1056     184
  821     840     184
   58      82     841
  841      82     892
  842    1129     185
  532     842     185
   51    1023     843
   67     786     843
  844     298     294
  844     294     384
  294     845     343
  294     690     845
  846     694     118
  713     846     118
  255    1050     847
  263    1014     847
  848     427     116
  848     116     394
   70     937     849
  849      77     536
  850     204     186
  565     850     186
  851     414     179
  406     851     179
  852     497     253
  588     852     253
  282     853     280
  282     530     853
  854     735     116
  427     854     116
  855     451     164
  855     164     479
  426     146     856
  856     146     646
   47      64     857
  857      64     955
  858     282     280
  858     280     265
   30     859     669
  668     859      30
  401     261     860
  860     261    1035
  861      68     865
  583     861      52
  186     942     862
  862     205     360
    6     863     695
    6     449     863
  493     864     559
  562     864     493
   52     865      75
  861     865      52
   57    1078     866
   80     469     866
  185    1129     867
  203     230     867
  829     130     868
  868     130     827
  869     565     151
  691     869     151
  870     431     181
  870     181     331
  184    1056     871
  202     519     871
  872     798     122
  872     122     789
  743     268     873
  268     740     873
  874     329     300
  874     300     615
  170     175     875
  175     541     875
  662     206     876
  206     838     876
  877     484     297
  877     297     349
  183    1016     878
  201     509     878
  141     983     879
  168    1093     879
  880     232     206
 1044     880     206
  448     347     881
  347     582     881
  882     451     138
  643     882     138
  186     204     883
  204    1094     883
  205     231     884
  231     315     884
  885     516     182
  331     885     182
  216     886     598
  216     483     886
  719      72     887
   72    1135     887
  888     430     270
  578     888     270
  889     352     295
  889     295     535
  295     890     330
  295     526     890
  891     432     172
  891     172     553
  892     394      83
  841     892      83
  893     480     159
  893     159     392
   66     905     894
   88     671     894
  895     245     217
  838     895     217
  847     279     896
  896     279     430
  897     574     152
  687     897     152
  264     271     898
  271     858     898
   12     899     507
   12     761     899
   58    1020     900
   81     427     900
  200     901     458
  648     901     200
  694     154     902
  154     392     902
  903     434     377
  903     377     661
  904     809      92
  904      92      75
   65      88     905
  905      88     894
  906     780     123
  906     123     783
  271     907     858
  560     907     271
  696      57     908
   57      81     908
  909     727     233
  779     909     233
  910     536      72
  533     910      72
  911     302      63
  911      63     388
    1     912     345
    1     437     912
  913     585      28
  455     913      28
   38     914    1041
  583     914      38
  915     802     363
  915     363     389
  916     361     226
  521     916     226
  917     521     196
  414     917     196
  918     392     160
  918     160     419
   40      69     919
  919      69      70
   38    1041     920
  920      53      54
  921     594      66
  921      66     604
  922     419     135
  703     922     135
  923     772     281
  633     923     281
  768     221     924
  924     221     222
  530     288     925
  925     288     287
  370     926     483
  588     926     370
  788     129     927
  927     129     833
  179     928     523
  414     928     179
  392     159     929
  159     748     929
  358     317     930
  317     788     930
  439     273     931
  931     273     693
  932     419     161
  932     161     438
  831     117     933
  933     117     436
  233     254     934
  934     254     791
  229     935     242
  603     935     229
  936     466     260
  609     936     260
  937     476      77
  937      77     849
  311     275     938
  938     275    1146
  232     939     895
  232     781     939
  204    1059     940
  230     506     940
  480     421     941
  421     662     941
  942     883     205
  942     205     862
   52      75     943
  943      75    1120
  210     944     569
  485     944     210
  476     945     528
  649     945     476
  501     149     946
  946     149     537
  535     295     947
  295     330     947
  176     214     948
  948     214     599
  949     548     161
  419     949     161
  950     692     102
  950     102     487
  951      60      45
  978     951      45
  952     188     990
  438     952     162
  953     934     234
  460     953     234
 1029     954      56
   79     336     954
  955     828      65
  857     955      65
  210     956     652
  210     569     956
  957     590     339
  957     339     462
  958     402     164
  451     958     164
  959     438     136
  405     959     136
  960     346      15
  813     960      15
  961     518     224
  961     224     628
  120     962     422
  120     653     962
  963     438     162
  963     162     463
  334     228     964
  964     228    1026
  965     463     163
  965     163     451
  387     966     600
  511     966     387
  276     967     285
  606     967     276
  968     657     155
  968     155     349
  969     905      66
  594     969      66
  970     470      31
  759     970      31
  971     489     194
  971     194     590
  972     645     296
  972     296     432
  741     136     973
  136     463     973
  974     532     150
  537     974     150
   43     309     975
  309     327     975
  976     287     288
  976     288     285
  125     977     731
  125     515     977
  403     391     978
  391     951     978
  979     777     282
  979     282     430
  195     980     807
  628     980     195
  407     981     486
  682     981     407
  982     791     255
  982     255     568
  834     168     983
  983     168     879
  984     602     163
  463     984     163
 1076     985      60
   44     327     985
  424     986     468
  773     986     424
  987     884     232
  987     232     880
  349     297     988
  988     297     792
  297     989     717
  484     989     297
  162     990     411
  952     990     162
   16     991     455
   16     353     991
  237     236     992
  236     490     992
  993     578     490
  993     490     632
  323     994     252
  342     994     323
  453     139     995
  995     139     535
   34    1043     996
   58     841     996
  997     477      20
  591     997      20
  998     759      18
  612     998      18
  363     298     999
  999     298     844
  298    1000     690
  597    1000     298
 1001     374     299
  300    1001     299
  584     299    1002
  299     364    1002
 1003     169     175
 1003     175     710
 1004     339     195
 1004     195     414
 1005     637     223
  599    1005     223
  395     171    1006
 1006     171     432
  481     200    1007
 1007     200     586
   61    1008     589
   61     543    1008
 1009     919      55
  669    1009      55
  222    1013    1010
 1010     250     443
  305    1011     245
  308    1011     305
  105    1012     830
  105     508    1012
 1013     425     250
 1013     250    1010
 1014     616     279
 1014     279     847
  418    1087    1015
 1015      86     770
  174     201    1016
 1016     201     878
  616     281    1017
 1017     281     777
  625     101    1018
 1018     101     692
  154    1019     893
  154     488    1019
  908      81    1020
 1020      81     900
 1021     744     190
  542    1021     190
  248    1082    1022
  257     790    1022
  778      67    1023
 1023      67     843
   54    1031    1024
 1024      76     413
  341    1025     527
  547    1025     341
 1026     603     229
  964    1026     229
    7    1027     472
    7     620    1027
  661       4    1028
 1028       4    1117
  570      79    1029
   79     954    1029
  458     323    1030
  323     605    1030
   53      76    1031
 1031      76    1024
  481     396    1032
  396     728    1032
 1033     708     241
  603    1033     241
  686     190    1034
 1034     190     665
  348    1035     409
  860    1035     348
 1036     867     204
 1036     204     850
  508    1037     714
  566    1037     508
 1038     442      26
  756    1038      26
 1039     770      87
 1039      87     828
 1040     734      36
  367    1040      36
 1041     914      53
 1041      53     920
   18    1042     513
  759    1042      18
   33    1139    1043
 1043      58     996
  421     360    1044
  360     880    1044
  247    1045     578
  577    1045     247
  423    1046     494
  779    1046     423
  281    1047     530
  772    1047     281
   29    1048     583
  746    1048      29
 1049     109    1118
 1049     124     809
  791     263    1050
 1050     263     847
  188    1051     464
  548    1051     188
 1052     857      48
  697    1052      48
  809     124    1053
 1053     124    1132
 1054     529     389
 1054     389     654
 1055     968     349
 1055     349     400
  840     202    1056
 1056     202     871
  201    1057     370
  550    1057     201
 1058     577     247
  819    1058     247
  867     230    1059
 1059     230     940
  879     193    1060
 1060     193     424
  367    1061    1040
  403    1061     367
  352     167    1062
 1062     167     526
  222    1063    1013
  222     452    1063
  160    1064     650
  160     748    1064
  575    1065     799
  591    1065     575
  144    1066     522
  144     816    1066
  599     223    1067
 1067     223     677
 1068     377      11
 1068      11     383
  540      71    1069
 1069      71     910
  615     300    1070
 1070     300     584
  300    1071    1001
  329    1071     300
 1072     355      79
  365    1072      79
 1073     385     268
 1107    1073     268
  492     143    1074
 1074     143     428
 1075     975      44
 1075      44     321
   44    1076     951
   44     985    1076
  409     278    1077
 1077     278     774
  619      80    1078
 1078      80     866
 1079     871     203
 1079     203     842
  466    1080     787
  539    1080     466
  441      97    1081
 1081      97     771
  808     257    1082
 1082     257    1022
  460    1083     953
  494    1083     460
  176    1084     214
  541    1084     176
  817      71    1085
 1085      71     540
 1086      24      25
 1086      25     440
  461      86    1087
 1087      86    1015
  250    1124    1088
 1088     258     407
  596    1089     702
  676    1089     596
 1090     324     301
 1090     301     555
  301    1091     334
  301     450    1091
 1092     106     107
 1092     107     651
 1093     478     193
 1093     193     879
 1094     940     231
 1094     231     883
  767     285    1095
  285     772    1095
  464     460    1096
  460     234    1096
  605     252    1097
 1097     252     852
  341     249    1098
 1098     249     452
 1096     234    1099
 1099     234     587
 1100     731     376
 1100     376     504
   75    1136    1101
 1101      93     563
  228    1102     603
  450    1102     228
  382     259    1103
 1103     259     611
 1104     597     298
 1104     298     363
 1105     467      19
  601    1105      19
 1106     626     128
 1106     128     313
  246    1107     685
  246    1073    1107
 1108     679     396
 1108     396     554
  621     498    1109
  498     726    1109
 1110     505      80
  706    1110      80
 1128    1111      40
   54     397    1111
  101    1112     400
  783    1112     101
 1113     666     199
  516    1113     199
  510     266    1114
 1114     266     610
 1115    1022     264
 1115     264     527
  104    1116     794
  104     630    1116
  437    1117     482
 1028    1117     437
 1118     428     124
 1049    1118     124
  128    1119     802
  128     626    1119
 1120    1101      76
  943    1120      76
 1121     332     189
 1121     189     165
  543     429    1122
  429     789    1122
  641     528    1123
  528     737    1123
  425     258    1124
 1124     258    1088
  865      68    1125
   68     904    1125
 1126     479     165
 1126     165     484
 1127     357     153
  531    1127     153
  806      54    1128
   54    1111    1128
  842     203    1129
 1129     203     867
  258    1130     682
  258     655    1130
  663     533    1131
  533     719    1131
 1132     515     125
 1053    1132     125
 1133     553     144
  775    1133     144
  607     284    1134
 1134     284     967
 1135     457     350
 1135     350     887
 1136      92      93
 1136      93    1101
  443     382    1137
  382    1103    1137
 1138     636     431
 1138     431     646
 1139     696      58
 1139      58    1043
  103    1140     797
  103     644    1140
 1141     982     568
 1141     568     587
  630     549    1142
  549     834    1142
  112    1143     788
  112     501    1143
  333    1144     456
  813    1144     333
  156    1145    1003
  714    1145     156
  562    1146     606
  938    1146     562
   46    1147     911
   46     364    1147
 1148     610     252
  994    1148     252
