0 1 2
0 2 3
0 3 4
0 4 5
0 5 6
0 6 1
1 7 8
1 8 2
2 8 9
2 9 10
2 10 3
3 10 11
3 11 12
3 12 4
4 12 13
4 13 14
4 14 5
5 14 15
5 15 16
5 16 6
6 16 17
6 17 18
6 18 1
1 18 7
7 19 20
7 20 8
8 20 21
8 21 1704
8 1704 9
9 22 23
9 23 10
10 23 24
10 24 25
10 25 11
11 25 26
11 26 12
12 26 27
12 27 28
12 28 13
13 28 29
13 29 30
13 30 14
14 30 31
14 31 15
15 31 32
15 32 33
15 33 16
16 33 34
16 34 17
17 34 35
17 35 1692
17 1692 18
18 36 37
18 37 7
7 37 19
19 38 1725
19 1725 20
20 39 40
20 40 21
21 40 41
21 41 22
22 41 42
22 42 1818
22 1818 23
23 43 44
23 44 24
24 44 45
24 45 25
25 45 46
25 46 26
26 46 47
26 47 48
26 48 27
27 48 49
27 49 28
28 49 50
28 50 29
29 50 51
29 51 30
30 51 52
30 52 53
30 53 31
31 53 54
31 54 32
32 54 55
32 55 33
33 55 56
33 56 34
34 56 57
34 57 1656
34 1656 35
35 58 59
35 59 36
36 59 60
36 60 37
37 60 61
37 1616 19
19 1616 38
38 62 1567
38 1567 39
39 63 64
39 64 40
40 64 65
40 1918 41
41 1918 66
41 1633 42
42 1633 67
42 67 68
42 68 43
43 68 69
43 69 44
44 69 70
44 70 45
45 70 71
45 71 46
46 71 72
46 72 73
46 73 47
47 73 74
47 74 48
48 74 75
48 75 49
49 75 76
49 76 50
50 76 77
50 77 78
50 78 51
51 78 79
51 79 52
52 79 80
52 80 53
53 80 81
53 81 54
54 81 82
54 82 83
54 83 55
55 83 84
55 84 56
56 84 85
56 85 57
57 85 86
57 1973 58
58 1973 87
58 87 1518
58 1518 59
59 88 1736
59 1736 60
60 89 90
60 1795 61
61 1795 91
61 1499 38
38 1499 62
62 92 1467
62 1467 63
63 93 1670
63 1670 64
64 94 95
64 95 65
65 95 96
65 1945 66
66 1945 97
66 1735 67
67 1735 98
67 1639 68
68 1639 99
68 99 100
68 100 69
69 100 101
69 101 70
70 101 102
70 102 71
71 102 103
71 103 72
72 103 104
72 104 73
73 104 105
73 105 74
74 105 106
74 106 107
74 107 75
75 107 108
75 108 76
76 108 109
76 109 77
77 109 110
77 110 78
78 110 111
78 111 79
79 111 112
79 112 80
80 112 113
80 113 114
80 114 81
81 114 115
81 115 82
82 115 116
82 116 83
83 116 117
83 117 84
84 117 118
84 118 85
85 118 119
85 1849 86
86 1849 120
86 120 1491
86 1491 87
87 121 1573
87 1573 88
88 122 1698
88 1698 89
89 123 1971
89 1764 90
90 1764 125
90 1552 91
91 1552 126
91 1423 62
62 1423 92
92 127 1415
92 1415 93
93 128 1543
93 1543 94
94 129 1746
94 1746 95
95 130 131
95 1901 96
96 1901 132
96 1712 97
97 1712 133
97 1623 98
98 1623 134
98 1564 99
99 1564 135
99 135 136
99 136 100
100 136 137
100 137 101
101 137 138
101 138 102
102 138 139
102 139 103
103 139 140
103 140 104
104 140 141
104 141 105
105 141 142
105 142 106
106 142 143
106 143 144
106 144 107
107 144 145
107 145 108
108 145 146
108 146 109
109 146 147
109 147 110
110 147 148
110 148 111
111 148 149
111 149 112
112 149 150
112 150 113
113 150 151
113 151 152
113 152 114
114 152 153
114 153 115
115 153 154
115 154 116
116 154 155
116 155 117
117 155 156
117 156 118
118 156 157
118 157 119
119 157 158
119 1719 120
120 1719 159
120 159 1458
120 1458 121
121 160 1501
121 1501 122
122 161 1569
122 1569 123
123 162 1685
123 1685 124
1790 163 164
124 1590 125
125 1590 165
125 1464 126
126 1464 166
126 1377 92
92 1377 127
127 167 1389
127 1389 128
128 168 1474
128 1474 129
129 169 1605
129 1605 130
130 170 1791
130 1791 131
1907 171 172
131 1706 132
132 1706 173
132 1599 133
133 1599 174
133 1548 134
134 1548 175
134 1514 135
135 1514 176
135 176 1817
135 1817 136
136 177 178
136 178 137
137 178 179
137 179 138
138 179 180
138 180 139
139 180 181
139 181 140
140 181 182
140 182 141
141 182 183
141 183 142
142 183 184
142 184 143
143 184 185
143 185 186
143 186 144
144 186 187
144 187 145
145 187 188
145 188 146
146 188 189
146 189 147
147 189 190
147 190 148
148 190 191
148 191 149
149 191 192
149 192 150
150 192 193
150 193 151
151 193 194
151 194 195
151 195 152
152 195 196
152 196 153
153 196 197
153 197 154
154 197 198
154 198 155
155 198 199
155 199 156
156 199 200
156 200 157
157 200 201
157 201 158
158 201 202
158 1646 159
159 1646 203
159 203 1444
159 1444 160
160 204 1468
160 1468 161
161 205 1506
161 1506 162
162 206 1576
162 1576 163
1837 207 1702
163 1627 164
164 1627 1914
164 1500 165
165 1500 210
165 1418 166
166 1418 211
166 1346 127
127 1346 167
167 212 1349
167 1349 168
168 213 1413
168 1413 169
169 214 1479
169 1479 170
170 215 1563
170 1563 171
171 216 1681
171 1681 172
1856 217 218
172 1741 173
173 1741 219
173 1700 174
174 1700 220
174 1691 175
175 1691 221
175 1687 176
176 1687 222
176 1680 177
177 1680 223
177 1686 178
178 1686 224
178 224 225
178 225 179
179 225 226
179 226 180
180 226 227
180 227 181
181 227 228
181 228 182
182 228 229
182 229 183
183 229 230
183 230 184
184 230 231
184 231 185
185 231 232
185 232 186
186 232 233
186 233 187
187 233 234
187 234 188
188 234 235
188 235 189
189 235 236
189 236 237
189 237 190
190 237 238
190 238 191
191 238 239
191 239 192
192 239 240
192 240 193
193 240 241
193 241 194
194 241 242
194 242 195
195 242 243
195 243 196
196 243 244
196 244 197
197 244 245
197 245 198
198 245 246
198 246 199
199 246 247
199 247 200
200 247 248
200 248 1669
200 1669 201
201 249 1636
201 1636 202
202 250 1630
202 1630 203
203 251 1632
203 1632 204
204 252 1625
204 1625 205
205 253 1626
205 1626 206
206 254 1651
206 1651 207
1728 255 1716
207 1568 208
208 1568 1820
208 1473 209
209 1473 258
209 1420 210
210 1420 259
210 1373 211
211 1373 260
211 1321 167
167 1321 212
212 261 1313
212 1313 213
213 262 1368
213 1368 214
214 263 1407
214 1407 215
215 264 1439
215 1439 216
216 265 1482
216 1482 217
217 266 1566
217 1566 218
1877 267 1708
218 1708 219
1840 268 269
219 1891 220
220 1891 270
220 270 221
221 270 271
221 271 222
222 271 272
222 272 223
223 272 273
223 273 224
224 273 274
224 274 225
225 274 275
225 275 226
226 275 276
226 276 227
227 276 277
227 277 228
228 277 278
228 278 279
228 279 229
229 279 280
229 280 230
230 280 281
230 281 231
231 281 282
231 282 232
232 282 283
232 283 233
233 283 284
233 284 234
234 284 285
234 285 235
235 285 286
235 286 236
236 286 287
236 287 237
237 287 288
237 288 238
238 288 289
238 289 239
239 289 290
239 290 240
240 290 291
240 291 241
241 291 292
241 292 242
242 292 293
242 293 243
243 293 294
243 294 244
244 294 295
244 295 296
244 296 245
245 296 297
245 297 246
246 297 298
246 298 247
247 298 299
247 299 248
248 299 300
248 300 249
249 300 301
249 301 250
250 301 302
250 302 251
251 302 303
251 303 252
252 303 1989
252 1989 253
253 304 1829
253 1796 254
254 1796 1771
254 1617 255
255 1617 1769
255 1505 256
256 1505 1819
256 1435 257
257 1435 309
257 1395 258
258 1395 310
258 1367 259
259 1367 311
259 1334 260
260 1334 312
260 1287 212
212 1287 261
261 313 1288
261 1288 262
262 314 1341
262 1341 263
263 315 1385
263 1385 264
264 316 1406
264 1406 265
265 317 1436
265 1436 266
1943 318 1483
266 1483 267
1794 319 1579
267 1579 268
1759 320 1731
268 1731 269
1770 321 322
269 1810 270
270 1810 323
270 1905 271
271 1905 324
271 324 272
272 324 325
272 325 273
273 325 326
273 326 274
274 326 327
274 327 275
275 327 328
275 328 276
276 328 329
276 329 277
277 329 330
277 330 278
278 330 331
278 331 332
278 332 279
279 332 333
279 333 280
280 333 334
280 334 281
281 334 335
281 335 282
282 335 336
282 336 283
283 336 337
283 337 284
284 337 338
284 338 285
285 338 339
285 339 286
286 339 340
286 340 287
287 340 341
287 341 288
288 341 342
288 342 289
289 342 343
289 343 290
290 343 344
290 344 291
291 344 345
291 345 292
292 345 346
292 346 293
293 346 347
293 347 294
294 347 348
294 348 295
295 348 349
295 349 350
295 350 296
296 350 351
296 351 297
297 351 352
297 352 298
298 352 353
298 353 299
299 353 354
299 354 300
300 354 355
300 355 301
301 355 356
301 356 302
302 356 357
302 357 303
303 357 1984
303 1984 304
304 358 1835
304 1835 305
1899 359 1763
305 1662 306
306 1662 1740
306 1527 307
307 1527 1749
307 1453 308
308 1453 1799
308 1403 309
309 1403 1967
309 1371 310
310 1371 365
310 1343 311
311 1343 366
311 1315 312
312 1315 367
312 1278 261
261 1278 313
313 368 1272
313 1272 314
314 369 1305
314 1305 315
315 370 1331
315 1331 316
316 371 1338
316 1338 317
317 372 1353
317 1353 318
318 373 1387
318 1387 319
1962 374 1426
319 1426 320
1985 375 1485
320 1485 321
321 376 1580
321 1580 322
322 377 1724
322 1724 323
323 378 379
323 379 324
324 379 380
324 380 325
325 380 381
325 381 326
326 381 382
326 382 327
327 382 383
327 383 328
328 383 384
328 384 329
329 384 385
329 385 330
330 385 386
330 386 331
331 386 387
331 387 332
332 387 388
332 388 333
333 388 389
333 389 334
334 389 390
334 390 335
335 390 391
335 391 336
336 391 392
336 392 337
337 392 393
337 393 338
338 393 394
338 394 339
339 394 395
339 1682 340
340 1682 396
340 396 1653
340 1653 341
341 397 1866
341 1866 342
342 398 399
342 399 343
343 399 400
343 400 344
344 400 401
344 401 345
345 401 402
345 402 346
346 402 403
346 403 347
347 403 404
347 404 348
348 404 405
348 405 349
349 405 406
349 406 350
350 406 407
350 407 351
351 407 408
351 408 352
352 408 409
352 409 353
353 409 410
353 410 354
354 410 411
354 411 355
355 411 412
355 412 356
356 412 413
356 413 357
357 413 414
357 1873 358
358 1873 415
358 1667 359
359 1667 416
359 1531 360
360 1531 417
360 1455 361
361 1455 1941
361 1401 362
362 1401 1863
362 1361 363
363 1361 1903
363 1328 364
364 1328 421
364 1309 365
365 1309 422
365 1297 366
366 1297 423
366 1282 367
367 1282 424
367 1262 313
313 1262 368
368 425 1265
368 1265 369
369 426 1294
369 1294 370
370 427 1310
370 1310 371
371 428 1317
371 1317 372
372 429 1332
372 1332 373
1968 430 1360
373 1360 374
1875 431 1396
374 1396 375
1895 432 1442
375 1442 376
376 433 1509
376 1509 377
377 434 1615
377 1615 378
378 435 1760
378 1760 379
379 436 437
379 437 380
380 437 438
380 438 381
381 438 439
381 439 382
382 439 440
382 440 383
383 440 441
383 441 384
384 441 442
384 442 385
385 442 443
385 443 386
386 443 444
386 444 387
387 444 445
387 445 388
388 445 446
388 446 389
389 446 447
389 447 390
390 447 448
390 448 391
391 448 449
391 449 392
392 449 450
392 450 393
393 450 451
393 451 394
394 451 452
394 1629 395
395 1629 453
395 1471 396
396 1471 454
396 454 1438
396 1438 397
397 455 1544
397 1544 398
398 456 1734
398 1734 399
399 457 458
399 458 400
400 458 459
400 459 401
401 459 460
401 460 402
402 460 461
402 461 403
403 461 462
403 462 404
404 462 463
404 463 405
405 463 464
405 464 406
406 464 465
406 465 407
407 465 466
407 466 408
408 466 467
408 467 409
409 467 468
409 468 410
410 468 469
410 469 411
411 469 470
411 470 412
412 470 471
412 471 413
413 471 472
413 472 414
414 472 473
414 1730 415
415 1730 474
415 1583 416
416 1583 475
416 1480 417
417 1480 476
417 1419 418
418 1419 1892
418 1380 419
419 1380 1830
419 1340 420
420 1340 1853
420 1312 421
421 1312 1981
421 1291 422
422 1291 481
422 1283 423
423 1283 482
423 1276 424
424 1276 483
424 1259 368
368 1259 425
425 484 1251
425 1251 426
426 485 1261
426 1261 427
427 486 1254
427 1254 428
428 487 1240
428 1240 429
429 488 1242
429 1242 430
1976 489 1264
430 1264 431
1963 490 1295
431 1295 432
432 491 1335
432 1335 433
433 492 1375
433 1375 434
434 493 1424
434 1424 435
435 494 1475
435 1475 436
436 495 1553
436 1553 437
437 496 1638
437 1638 438
438 497 1750
438 1750 439
439 498 499
439 499 440
440 499 500
440 500 441
441 500 501
441 501 442
442 501 502
442 502 443
443 502 503
443 503 444
444 503 504
444 504 445
445 504 505
445 505 446
446 505 506
446 506 447
447 506 507
447 507 448
448 507 508
448 508 449
449 508 509
449 509 450
450 509 1663
450 1663 451
451 510 1565
451 1565 452
452 511 1539
452 1539 453
1834 512 1560
453 1560 454
1657 513 1609
454 1562 455
455 1562 1714
455 1520 456
456 1520 1995
456 1512 457
457 1512 517
457 1542 458
458 1542 518
458 1642 459
459 1642 519
459 1966 460
460 1966 520
460 520 461
461 520 521
461 521 462
462 521 522
462 522 463
463 522 523
463 523 464
464 523 524
464 524 465
465 524 525
465 525 466
466 525 526
466 526 467
467 526 527
467 527 468
468 527 528
468 528 469
469 528 529
469 529 470
470 529 530
470 1751 471
471 1751 531
471 1613 472
472 1613 532
472 1526 473
473 1526 533
473 1463 474
474 1463 534
474 1408 475
475 1408 535
475 1358 476
476 1358 536
476 1314 477
477 1314 537
477 1279 478
478 1279 1947
478 1255 479
479 1255 1915
479 1234 480
480 1234 1993
480 1227 481
481 1227 541
481 1233 482
482 1233 542
482 1238 483
483 1238 543
483 1241 425
425 1241 484
484 1228 485
485 1228 545
485 1225 486
486 1225 546
486 1209 487
487 1209 547
487 1192 488
488 1192 1986
488 1175 489
489 1175 1917
489 1163 490
490 1163 1953
490 1167 491
491 1167 551
491 1179 492
492 1179 552
492 1204 493
493 1204 553
493 1253 494
494 1253 554
494 1304 495
495 1304 555
495 1356 496
496 1356 556
496 1409 497
497 1409 557
497 1488 498
498 1488 558
498 1640 499
499 1640 559
499 1964 500
500 1964 560
500 560 501
501 560 561
501 561 502
502 561 562
502 562 503
503 562 563
503 563 504
504 563 564
504 564 505
505 564 565
505 565 506
506 565 566
506 566 507
507 566 567
507 567 508
508 567 568
508 1898 509
509 1898 569
509 1654 510
510 1654 570
510 1511 511
511 1511 571
511 1428 512
512 1428 572
512 1363 513
513 1363 1888
513 1290 514
514 1290 1809
514 1224 515
515 1224 1842
515 1182 516
516 1182 576
516 1159 517
517 1159 577
517 1161 518
518 1161 578
518 1195 519
519 1195 579
519 1285 520
520 1285 580
520 1427 521
521 1427 581
521 1748 522
522 1748 582
522 582 523
523 582 583
523 583 524
524 583 584
524 584 525
525 584 585
525 585 526
526 585 586
526 586 527
527 586 587
527 587 528
528 587 588
528 1797 529
529 1797 589
529 1586 530
530 1586 590
530 1461 531
531 1461 591
531 1400 532
532 1400 592
532 1359 533
533 1359 593
533 1319 534
534 1319 594
534 1268 535
535 1268 595
535 1220 536
536 1220 596
536 1184 537
537 1184 597
537 1173 538
538 1173 598
538 1169 539
539 1169 1930
539 1165 540
540 1165 1955
540 1168 541
541 1168 601
541 1181 542
542 1181 602
542 1198 543
543 1198 603
543 1218 484
484 1218 544
544 1208 545
545 1208 605
545 1201 546
546 1201 606
546 1191 547
547 1191 1987
547 1172 1983
548 1172 1885
548 1157 1931
549 1157 1857
549 1154 1922
550 1154 1906
550 1158 1925
551 1158 611
551 1177 1961
552 1177 612
552 1211 553
553 1211 613
553 1258 554
554 1258 614
554 1311 555
555 1311 615
555 1365 556
556 1365 616
556 1417 557
557 1417 617
557 1503 558
558 1503 618
558 1658 559
559 1658 619
559 619 560
560 619 620
560 620 561
561 620 621
561 621 562
562 621 622
562 622 563
563 622 623
563 623 564
564 623 624
564 624 565
565 624 625
565 625 566
566 625 626
566 626 567
567 626 627
567 1924 568
568 1924 628
568 1650 569
569 1650 629
569 1513 570
570 1513 630
570 1433 571
571 1433 631
571 1383 572
572 1383 632
572 1327 573
573 1327 633
573 1271 574
574 1271 634
574 1216 575
575 1216 635
575 1178 576
576 1178 636
576 1156 577
577 1156 637
577 1150 578
578 1150 638
578 1151 579
579 1151 639
579 1186 580
580 1186 640
580 1307 581
581 1307 641
581 1484 582
582 1484 642
582 642 583
583 642 643
583 643 584
584 643 644
584 644 585
585 644 645
585 645 586
586 645 646
586 646 587
587 646 647
587 647 588
588 647 648
588 648 589
589 648 649
589 1671 590
590 1671 650
590 1504 591
591 1504 651
591 1412 592
592 1412 652
592 1362 593
593 1362 653
593 1320 594
594 1320 654
594 1270 595
595 1270 655
595 1222 596
596 1222 656
596 1188 1982
597 1188 657
597 1171 1933
598 1171 658
598 1166 1932
599 1166 1921
599 1162 1929
600 1162 1923
600 1164 1948
601 1164 1996
601 1174 602
602 1174 662
602 1189 603
603 1189 663
603 1199 544
544 1199 604
604 1200 605
605 1200 665
605 1210 606
606 1210 1992
606 1205 607
607 1205 1880
607 1203 1946
608 1203 1824
608 1212 1911
609 1212 1812
609 1229 1912
610 1229 1851
610 1260 1926
611 1260 671
611 1303 1980
612 1303 672
612 1352 613
613 1352 673
613 1405 614
614 1405 674
614 1466 615
615 1466 675
615 1561 616
616 1561 676
616 1718 617
617 1718 677
617 677 618
618 677 678
618 678 619
619 678 679
619 679 620
620 679 680
620 680 621
621 680 681
621 681 622
622 681 682
622 682 623
623 682 683
623 683 624
624 683 684
624 684 625
625 684 685
625 685 626
626 685 686
626 686 627
627 686 687
627 687 628
628 687 688
628 688 629
629 688 1871
629 1871 630
630 689 1737
630 1737 631
1839 690 1673
631 1673 632
1722 691 1635
632 1635 633
1660 692 1608
633 1608 634
1614 693 1612
634 1597 635
635 1597 1644
635 1595 636
636 1595 1697
636 1610 637
637 1610 1789
637 1643 638
638 1643 698
638 1695 639
639 1695 699
639 1832 640
640 1832 700
640 700 641
641 700 701
641 701 642
642 701 702
642 702 643
643 702 703
643 703 644
644 703 704
644 704 645
645 704 705
645 705 646
646 705 706
646 706 647
647 706 707
647 707 648
648 707 708
648 708 649
649 708 709
649 709 650
650 709 710
650 710 651
651 710 711
651 711 652
652 711 1694
652 1694 653
653 712 1551
653 1551 654
654 713 1459
654 1459 655
655 714 1399
655 1399 656
656 715 1345
656 1345 657
657 716 1298
657 1298 658
658 717 1257
658 1257 1990
1904 718 1230
659 1230 1979
1889 719 1213
660 1213 1991
1949 720 1207
661 1207 662
662 721 1206
662 1206 663
663 1185 604
604 1185 664
664 1197 665
665 1197 724
665 1214 666
666 1214 1897
666 1232 1952
667 1232 1815
667 1247 1881
668 1247 1780
668 1277 1868
669 1277 1767
669 1316 1876
670 1316 1775
670 1364 1900
671 1364 1811
671 1411 1975
672 1411 1920
672 1477 673
673 1477 732
673 1592 674
674 1592 733
674 1766 675
675 1766 734
675 734 676
676 734 735
676 735 677
677 735 736
677 736 678
678 736 737
678 737 679
679 737 738
679 738 680
680 738 739
680 739 681
681 739 740
681 740 682
682 740 741
682 741 683
683 741 742
683 742 684
684 742 743
684 743 685
685 743 744
685 744 686
686 744 1679
686 1679 687
687 745 1462
687 1462 688
688 746 1392
688 1392 689
689 747 1355
689 1355 690
690 748 1324
690 1324 691
691 749 1284
691 1284 692
692 750 1248
692 1248 693
693 1226 694
694 1226 752
694 1243 695
695 1243 753
695 1274 696
696 1274 754
696 1296 697
697 1296 755
697 1318 698
698 1318 756
698 1337 699
699 1337 757
699 1382 700
700 1382 758
700 1481 701
701 1481 759
701 1974 702
702 1974 760
702 760 703
703 760 761
703 761 704
704 761 762
704 762 705
705 762 763
705 763 706
706 763 764
706 764 707
707 764 765
707 765 708
708 765 766
708 766 709
709 766 767
709 767 710
710 767 768
710 768 711
711 768 769
711 769 712
712 769 770
712 770 713
713 770 1701
713 1701 714
714 771 1546
714 1546 715
715 772 1456
715 1456 716
716 773 1398
716 1398 717
1908 774 1348
717 1348 718
1846 775 1306
718 1306 719
1847 776 1269
719 1269 1999
1896 777 1239
720 1239 721
1988 778 1221
721 1221 722
722 1170 664
664 1170 723
723 1183 724
724 1183 1954
724 1202 1913
725 1202 1865
725 1223 1845
726 1223 1804
726 1249 1821
727 1249 1781
727 1286 1822
728 1286 1772
728 1336 1836
729 1336 1787
729 1390 1860
730 1390 1833
730 1450 1944
731 1450 1940
731 1545 732
732 1545 789
732 1710 733
733 1710 790
733 790 734
734 790 791
734 791 735
735 791 792
735 792 736
736 792 793
736 793 737
737 793 794
737 794 738
738 794 795
738 795 739
739 795 796
739 796 740
740 796 797
740 797 741
741 797 798
741 798 742
742 798 799
742 799 743
743 799 800
743 800 744
744 800 1801
744 1801 745
745 801 1516
745 1516 746
746 802 1429
746 1429 747
747 803 1388
747 1388 748
748 804 1342
748 1342 749
749 805 1301
749 1301 750
750 806 1256
750 1256 751
751 1217 752
752 1217 808
752 1250 753
753 1250 809
753 1289 754
754 1289 810
754 1330 755
755 1330 811
755 1354 756
756 1354 812
756 1379 757
757 1379 813
757 1414 758
758 1414 814
758 1535 759
759 1535 815
759 815 760
760 815 816
760 816 761
761 816 817
761 817 762
762 817 818
762 818 763
763 818 819
763 819 764
764 819 820
764 820 765
765 820 821
765 821 766
766 821 822
766 822 767
767 822 823
767 823 768
768 823 824
768 824 769
769 824 825
769 825 770
770 825 1844
770 1844 771
771 826 1620
771 1620 772
772 827 1492
772 1492 773
773 828 1422
773 1422 774
774 829 1370
774 1370 1997
1893 830 1325
775 1325 1972
1879 831 1281
776 1281 1958
1916 832 1244
777 1244 1969
1977 833 1219
778 1219 779
779 1160 723
723 1160 780
780 1190 781
781 1190 1928
781 1231 1934
782 1231 1838
782 1275 1882
783 1275 1778
783 1322 1878
784 1322 1743
784 1374 1887
785 1374 1717
785 1432 1910
786 1432 1696
786 1521 1959
787 1521 1676
787 1672 788
788 1672 1675
788 1675 789
789 843 1699
789 1699 790
790 844 1754
790 1754 791
791 845 846
791 846 792
792 846 847
792 847 793
793 847 848
793 848 794
794 848 849
794 849 795
795 849 850
795 850 796
796 850 851
796 851 797
797 851 852
797 852 798
798 852 799
799 852 853
799 853 800
800 853 854
800 1575 801
801 1575 855
801 1494 1813
802 1494 856
802 1493 1858
803 1493 857
803 1510 804
804 1510 858
804 1525 805
805 1525 1935
805 1541 806
806 1541 1726
806 1572 807
807 1572 1634
807 1631 808
808 1631 1570
808 1570 809
1707 862 1532
809 1532 810
1825 863 1517
810 1517 811
811 864 1508
811 1508 812
812 865 1507
812 1507 813
813 866 1523
813 1523 1861
814 867 1600
814 1600 815
815 868 1902
815 1902 816
816 869 817
817 869 870
817 870 818
818 870 871
818 871 819
819 871 872
819 872 820
820 872 873
820 873 821
821 873 874
821 874 822
822 874 875
822 875 823
823 875 876
823 876 824
824 876 877
824 877 825
825 877 878
825 878 826
826 878 879
826 1827 827
827 1827 1761
827 1761 828
1784 880 1577
828 1577 829
1774 881 1469
829 1469 830
1783 882 1404
830 1404 831
1807 883 1350
831 1350 832
1869 884 1300
832 1300 833
1957 885 1245
833 1245 834
834 1153 780
780 1153 835
835 1196 1965
836 1196 1938
836 1237 1919
837 1237 1843
837 1293 1909
838 1293 1779
838 1351 1927
839 1351 1739
839 1410 1942
840 1410 1709
840 1490 1970
841 1490 1690
841 1637 842
842 1637 1688
842 1688 843
1960 894 1723
843 1723 844
844 895 1800
844 1800 845
845 896 897
845 897 846
846 897 898
846 898 847
847 898 899
847 899 848
848 899 900
848 900 849
849 900 901
849 901 850
850 901 902
850 902 851
851 902 903
851 903 852
852 903 853
853 903 904
853 1823 854
854 1823 905
854 1502 855
855 1502 906
855 1434 1733
856 1434 907
856 1445 1802
857 1445 908
857 1478 858
858 1478 909
858 1519 859
859 1519 1855
859 1559 860
860 1559 1703
860 1602 861
861 1602 1607
861 1607 862
1683 912 1556
862 1556 863
1788 913 1515
863 1515 864
864 914 1486
864 1486 865
865 915 1465
865 1465 866
866 916 1454
866 1454 1785
867 917 1489
867 1489 1951
868 918 1684
868 1684 869
869 919 870
870 919 920
870 920 871
871 920 921
871 921 872
872 921 922
872 922 873
873 922 923
873 923 874
874 923 924
874 924 875
875 924 925
875 925 876
876 925 926
876 926 877
877 926 927
877 927 878
878 927 928
878 928 879
879 928 929
879 1805 880
880 1805 1715
880 1715 881
1773 930 1537
881 1537 882
1782 931 1443
882 1443 883
1814 932 1386
883 1386 884
1886 933 1326
884 1326 885
1978 934 1266
885 1266 886
886 1155 835
835 1155 887
887 1215 888
888 1215 1894
888 1292 889
889 1292 1786
889 1369 890
890 1369 1720
890 1437 891
891 1437 1647
891 1555 892
892 1555 1584
892 1584 893
1747 941 1554
893 1554 894
894 942 1547
894 1547 895
895 943 1574
895 1574 896
896 944 1648
896 1648 897
897 945 1727
897 1727 898
898 946 1792
898 1792 899
899 947 900
900 947 948
900 948 901
901 948 949
901 949 902
902 949 950
902 950 903
903 950 951
903 951 904
904 951 952
904 952 905
905 952 953
905 953 906
906 1862 954
906 954 1744
907 1828 955
907 955 1874
908 955 1596
908 1596 909
909 956 1446
909 1446 910
910 957 1357
910 1357 911
911 1246 912
912 1246 959
912 1339 913
913 1339 960
913 1421 914
914 1421 961
914 1530 915
915 1530 962
915 1738 916
916 1738 963
916 963 1848
917 1950 964
917 964 1937
918 964 965
918 965 919
919 965 966
919 966 920
920 966 967
920 967 921
921 967 968
921 968 922
922 968 969
922 969 923
923 969 924
924 969 970
924 970 925
925 970 971
925 971 926
926 971 972
926 1850 927
927 1850 973
927 1732 928
928 1732 974
928 1665 929
929 1665 975
929 1641 930
930 1641 1867
930 1664 931
931 1664 1603
931 1603 932
1713 977 1472
932 1472 933
1777 978 1394
933 1394 934
1883 979 1323
934 1323 935
935 1152 887
887 1152 1998
936 1235 937
937 1235 1798
937 1347 938
938 1347 1711
938 1441 939
939 1441 1604
939 1585 940
940 1585 1522
940 1522 941
1872 985 1470
941 1470 942
942 986 1448
942 1448 943
943 987 1451
943 1451 944
944 1549 945
945 1549 989
945 989 946
946 989 990
946 990 947
947 990 991
947 991 948
948 991 992
948 992 949
949 992 993
949 993 950
950 993 994
950 994 951
951 994 995
951 995 952
952 995 996
952 996 953
1862 1187 954
954 1187 997
1828 1180 955
955 1180 998
955 1280 956
956 1280 999
956 1393 957
957 1393 1000
957 1498 958
958 1498 1689
958 1649 959
959 1649 1529
959 1529 960
1864 1002 1425
960 1425 961
961 1003 1333
961 1333 962
962 1391 963
963 1391 1005
1950 1536 964
964 1536 1006
964 1006 965
965 1006 1007
965 1007 966
966 1007 1008
966 1008 967
967 1008 1009
967 1009 968
968 1009 1010
968 1010 969
969 1010 1011
969 1011 970
970 1011 1012
970 1012 971
971 1589 972
972 1589 1013
972 1578 973
973 1578 1014
973 1557 974
974 1557 1015
974 1534 975
975 1534 1016
975 1550 976
976 1550 1017
976 1598 977
977 1598 1659
977 1659 978
1678 1018 1476
978 1476 979
1765 1019 1381
979 1381 980
980 1148 936
936 1148 1884
981 1273 982
982 1273 1756
982 1397 983
983 1397 1674
983 1533 984
984 1533 1587
984 1587 985
1803 1024 1524
985 1524 986
986 1025 1497
986 1497 987
987 1026 1495
987 1495 988
988 1582 989
989 1582 1028
989 1028 990
990 1028 1029
990 1029 991
991 1029 1030
991 1030 992
992 1030 1031
992 1031 993
993 1031 1032
993 1032 994
994 1032 1033
994 1033 995
995 1033 1034
995 1034 996
996 1236 997
997 1236 1035
997 1176 998
998 1176 1036
998 1252 999
999 1252 1037
999 1376 1000
1000 1376 1768
1000 1496 1001
1001 1496 1558
1001 1558 1002
1677 1039 1416
1002 1416 1003
1003 1040 1302
1003 1302 1004
1004 1460 1005
1005 1460 1042
1005 1729 1006
1006 1729 1043
1006 1043 1007
1007 1043 1044
1007 1044 1008
1008 1044 1045
1008 1045 1009
1009 1045 1046
1009 1046 1010
1010 1046 1047
1010 1047 1011
1011 1047 1048
1011 1048 1012
1012 1593 1013
1013 1593 1049
1013 1618 1014
1014 1618 1050
1014 1624 1015
1015 1624 1051
1015 1621 1016
1016 1621 1052
1016 1645 1017
1017 1645 1053
1017 1693 1018
1018 1693 1594
1018 1594 1019
1753 1054 1430
1019 1430 1020
1020 1149 981
981 1149 1826
1021 1344 1022
1022 1344 1854
1022 1487 1023
1023 1487 1742
1023 1742 1024
1758 1058 1666
1024 1666 1025
1025 1059 1611
1025 1611 1026
1026 1060 1588
1026 1588 1027
1027 1628 1028
1028 1628 1062
1028 1062 1029
1029 1062 1063
1029 1063 1030
1030 1063 1064
1030 1064 1031
1031 1064 1065
1031 1065 1032
1032 1065 1066
1032 1066 1033
1033 1066 1067
1033 1067 1034
1034 1372 1035
1035 1372 1068
1035 1263 1036
1036 1263 1069
1036 1299 1037
1037 1299 1070
1037 1402 1038
1038 1402 1652
1038 1538 1039
1039 1538 1447
1039 1447 1040
1793 1072 1329
1040 1329 1041
1041 1571 1042
1042 1571 1074
1042 1074 1043
1043 1074 1075
1043 1075 1044
1044 1075 1076
1044 1076 1045
1045 1076 1077
1045 1077 1046
1046 1077 1078
1046 1078 1047
1047 1078 1079
1047 1079 1048
1048 1591 1049
1049 1591 1080
1049 1661 1050
1050 1661 1081
1050 1721 1051
1051 1721 1082
1051 1755 1052
1052 1755 1083
1052 1808 1053
1053 1808 1870
1053 1870 1054
1936 1084 1528
1054 1528 1055
1055 1193 1021
1021 1193 1056
1056 1452 1057
1057 1452 1087
1057 1776 1058
1058 1776 1852
1058 1852 1059
1059 1088 1655
1059 1655 1060
1060 1540 1061
1061 1540 1090
1061 1090 1062
1062 1090 1091
1062 1091 1063
1063 1091 1092
1063 1092 1064
1064 1092 1093
1064 1093 1065
1065 1093 1066
1066 1093 1094
1066 1094 1067
1067 1094 1095
1067 1095 1068
1068 1095 1096
1068 1096 1069
1069 1096 1097
1069 1097 1070
1070 1194 1071
1071 1194 1956
1071 1440 1072
1072 1440 1806
1072 1806 1073
1073 1099 1762
1073 1762 1074
1074 1100 1101
1074 1101 1075
1075 1101 1076
1076 1101 1102
1076 1102 1077
1077 1102 1103
1077 1103 1078
1078 1103 1104
1078 1104 1079
1079 1104 1105
1079 1105 1080
1080 1457 1081
1081 1457 1106
1081 1581 1082
1082 1581 1107
1082 1752 1083
1083 1752 1108
1083 1108 1084
1084 1108 1831
1084 1831 1085
1085 1267 1056
1056 1267 1086
1086 1606 1087
1087 1606 1111
1087 1111 1088
1088 1111 1112
1088 1112 1089
1089 1112 1113
1089 1113 1090
1090 1745 1091
1091 1745 1114
1091 1114 1092
1092 1114 1115
1092 1115 1093
1093 1115 1116
1093 1116 1094
1094 1116 1117
1094 1117 1095
1095 1117 1096
1096 1117 1118
1096 1841 1097
1097 1841 1119
1097 1119 1098
1098 1119 1120
1098 1120 1099
1099 1120 1757
1099 1757 1100
1100 1121 1101
1101 1121 1122
1101 1122 1102
1102 1122 1123
1102 1123 1103
1103 1123 1124
1103 1124 1104
1104 1124 1125
1104 1125 1105
1105 1705 1106
1106 1705 1126
1106 1126 1107
1107 1126 1127
1107 1127 1108
1108 1127 1128
1108 1128 1109
1109 1378 1086
1086 1378 1110
1110 1129 1111
1111 1129 1130
1111 1130 1112
1112 1668 1113
1113 1668 1131
1113 1131 1114
1114 1131 1132
1114 1132 1115
1115 1132 1116
1116 1132 1133
1116 1133 1117
1117 1133 1134
1117 1134 1118
1118 1134 1119
1119 1134 1135
1119 1135 1120
1120 1135 1121
1121 1135 1136
1121 1136 1122
1122 1136 1137
1122 1137 1123
1123 1137 1124
1124 1137 1138
1124 1138 1125
1125 1138 1139
1125 1139 1126
1126 1619 1127
1127 1619 1140
1127 1140 1128
1128 1366 1110
1110 1366 1129
1129 1141 1130
1130 1449 1131
1131 1449 1142
1131 1142 1132
1132 1431 1133
1133 1431 1143
1133 1143 1134
1134 1601 1135
1135 1601 1144
1135 1144 1136
1136 1622 1137
1137 1622 1145
1137 1145 1138
1138 1384 1139
1139 1384 1146
1139 1146 1140
1140 1308 1129
1129 1308 1141
1141 1147 1142
1142 1147 1143
1143 1147 1144
1144 1147 1145
1145 1147 1146
1146 1147 1141
1859 1020 1148
1148 1020 981
1816 1055 1149
1149 1055 1021
577 637 1150
1150 637 638
578 638 1151
1151 638 639
1994 980 1152
1152 980 936
834 886 1153
1153 886 835
549 1857 1154
1154 609 1912
886 935 1155
1155 935 887
576 636 1156
1156 636 637
548 1885 1157
1157 608 1911
550 1906 1158
1158 610 1926
516 576 1159
1159 576 577
779 834 1160
1160 834 780
517 577 1161
1161 577 578
599 1921 1162
1162 659 1979
489 1917 1163
1163 549 1922
600 1923 1164
1164 660 1991
539 1930 1165
1165 599 1929
598 658 1166
1166 658 1990
490 1953 1167
1167 550 1925
540 1955 1168
1168 600 1948
538 598 1169
1169 598 1932
722 779 1170
1170 779 723
597 657 1171
1171 657 658
547 1987 1172
1172 607 1946
537 597 1173
1173 597 1933
601 1996 1174
1174 661 662
488 1986 1175
1175 548 1931
997 1035 1176
1176 1035 1036
551 611 1177
1177 611 1980
575 635 1178
1178 635 636
491 551 1179
1179 551 1961
954 997 1180
1180 997 998
541 601 1181
1181 601 602
515 1842 1182
1182 575 576
723 780 1183
1183 780 781
536 596 1184
1184 596 1982
663 722 1185
1185 722 664
579 639 1186
1186 639 640
953 996 1187
1187 996 997
596 656 1188
1188 656 657
602 662 1189
1189 662 663
780 835 1190
1190 835 1965
546 606 1191
1191 606 607
487 547 1192
1192 547 1983
1055 1085 1193
1193 1085 1056
1070 1097 1194
1194 1097 1098
518 578 1195
1195 578 579
835 887 1196
1196 887 888
664 723 1197
1197 723 724
542 602 1198
1198 602 603
603 663 1199
1199 663 604
604 664 1200
1200 664 665
545 605 1201
1201 605 606
724 1954 1202
1202 781 1934
607 1880 1203
1203 667 1881
492 552 1204
1204 552 553
606 1992 1205
1205 666 1952
1206 721 722
1206 722 663
1207 720 721
1207 721 662
544 604 1208
1208 604 605
486 546 1209
1209 546 547
605 665 1210
1210 665 666
552 612 1211
1211 612 613
608 1824 1212
1212 668 1868
1213 719 1999
1213 720 1949
665 724 1214
1214 724 1913
887 1998 1215
1215 936 937
574 634 1216
1216 634 635
751 807 1217
1217 807 808
543 603 1218
1218 603 544
1219 833 834
1219 834 779
535 595 1220
1220 595 596
1221 778 779
1221 779 722
595 655 1222
1222 655 656
725 1865 1223
1223 782 1882
514 1809 1224
1224 574 575
485 545 1225
1225 545 546
693 751 1226
1226 751 752
480 1993 1227
1227 540 541
484 544 1228
1228 544 545
609 1812 1229
1229 669 1876
1230 718 719
1230 719 1889
781 1928 1231
1231 836 1919
666 1897 1232
1232 725 1845
481 541 1233
1233 541 542
479 1915 1234
1234 539 540
936 1884 1235
1235 981 982
996 1034 1236
1236 1034 1035
836 1938 1237
1237 888 889
482 542 1238
1238 542 543
1239 777 1969
1239 778 1988
1240 487 488
1240 488 429
483 543 1241
1241 543 484
1242 488 489
1242 489 1976
694 752 1243
1243 752 753
1244 832 833
1244 833 1977
1245 885 886
1245 886 834
911 958 1246
1246 958 959
667 1815 1247
1247 726 1821
1248 750 751
1248 751 693
726 1804 1249
1249 783 1878
752 808 1250
1250 808 809
1251 484 485
1251 485 426
998 1036 1252
1252 1036 1037
493 553 1253
1253 553 554
1254 486 487
1254 487 428
478 1947 1255
1255 538 539
1256 806 807
1256 807 751
1257 717 718
1257 718 1904
553 613 1258
1258 613 614
424 483 1259
1259 483 425
610 1851 1260
1260 670 1900
1261 485 486
1261 486 427
367 424 1262
1262 424 368
1035 1068 1263
1263 1068 1069
1264 489 490
1264 490 1963
1265 425 426
1265 426 369
1266 934 935
1266 935 886
1085 1109 1267
1267 1109 1086
534 594 1268
1268 594 595
1269 776 1958
1269 777 1896
594 654 1270
1270 654 655
573 633 1271
1271 633 634
1272 368 369
1272 369 314
981 1826 1273
1273 1021 1022
695 753 1274
1274 753 754
782 1838 1275
1275 837 1909
423 482 1276
1276 482 483
668 1780 1277
1277 727 1822
312 367 1278
1278 367 313
477 537 1279
1279 537 538
955 998 1280
1280 998 999
1281 831 832
1281 832 1916
366 423 1282
1282 423 424
422 481 1283
1283 481 482
1284 749 750
1284 750 692
519 579 1285
1285 579 580
727 1781 1286
1286 784 1887
260 312 1287
1287 312 261
1288 313 314
1288 314 262
753 809 1289
1289 809 810
513 1888 1290
1290 573 574
421 1981 1291
1291 480 481
888 1894 1292
1292 937 938
837 1843 1293
1293 889 890
1294 426 427
1294 427 370
1295 490 491
1295 491 432
696 754 1296
1296 754 755
365 422 1297
1297 422 423
1298 716 717
1298 717 658
1036 1069 1299
1299 1069 1070
1300 884 885
1300 885 1957
1301 805 806
1301 806 750
1302 1040 1041
1302 1041 1004
611 671 1303
1303 671 1975
494 554 1304
1304 554 555
1305 369 370
1305 370 315
1306 775 1972
1306 776 1847
580 640 1307
1307 640 641
1140 1146 1308
1308 1146 1141
364 421 1309
1309 421 422
1310 427 428
1310 428 371
554 614 1311
1311 614 615
420 1853 1312
1312 479 480
1313 261 262
1313 262 213
476 536 1314
1314 536 537
311 366 1315
1315 366 367
669 1767 1316
1316 728 1836
1317 428 429
1317 429 372
697 755 1318
1318 755 756
533 593 1319
1319 593 594
593 653 1320
1320 653 654
211 260 1321
1321 260 212
783 1778 1322
1322 838 1927
1323 979 980
1323 980 1994
1324 748 749
1324 749 691
1325 830 831
1325 831 1879
1326 933 934
1326 934 1978
572 632 1327
1327 632 633
363 1903 1328
1328 420 421
1329 1072 1073
1329 1073 1041
754 810 1330
1330 810 811
1331 370 371
1331 371 316
1332 429 430
1332 430 1968
1333 1003 1004
1333 1004 962
259 311 1334
1334 311 312
1335 491 492
1335 492 433
728 1772 1336
1336 785 1910
698 756 1337
1337 756 757
1338 371 372
1338 372 317
912 959 1339
1339 959 960
419 1830 1340
1340 478 479
1341 314 315
1341 315 263
1342 804 805
1342 805 749
310 365 1343
1343 365 366
1021 1056 1344
1344 1056 1057
1345 715 716
1345 716 657
166 211 1346
1346 211 167
937 1798 1347
1347 982 983
1348 774 1997
1348 775 1846
1349 212 213
1349 213 168
1350 883 884
1350 884 1869
838 1779 1351
1351 890 891
612 672 1352
1352 672 673
1353 372 373
1353 373 318
755 811 1354
1354 811 812
1355 747 748
1355 748 690
495 555 1356
1356 555 556
1357 957 958
1357 958 911
475 535 1358
1358 535 536
532 592 1359
1359 592 593
1360 430 431
1360 431 1875
362 1863 1361
1361 419 420
592 652 1362
1362 652 653
512 572 1363
1363 572 573
670 1775 1364
1364 729 1860
555 615 1365
1365 615 616
1128 1140 1366
1366 1140 1129
258 310 1367
1367 310 311
1368 262 263
1368 263 214
889 1786 1369
1369 938 939
1370 829 830
1370 830 1893
309 1967 1371
1371 364 365
1034 1067 1372
1372 1067 1068
210 259 1373
1373 259 260
784 1743 1374
1374 839 1942
1375 492 493
1375 493 434
999 1037 1376
1376 1037 1038
126 166 1377
1377 166 127
1109 1128 1378
1378 1128 1110
756 812 1379
1379 812 813
418 1892 1380
1380 477 478
1381 1019 1020
1381 1020 1859
699 757 1382
1382 757 758
571 631 1383
1383 631 632
1138 1145 1384
1384 1145 1146
1385 315 316
1385 316 264
1386 932 933
1386 933 1886
1387 373 374
1387 374 1962
1388 803 804
1388 804 748
1389 167 168
1389 168 128
729 1787 1390
1390 786 1959
962 1004 1391
1391 1004 1005
1392 746 747
1392 747 689
956 999 1393
1393 999 1000
1394 978 979
1394 979 1883
257 309 1395
1395 309 310
1396 431 432
1396 432 1895
982 1756 1397
1397 1022 1023
1398 773 774
1398 774 1908
1399 714 715
1399 715 656
531 591 1400
1400 591 592
361 1941 1401
1401 418 419
1037 1070 1402
1402 1070 1071
308 1799 1403
1403 363 364
1404 882 883
1404 883 1807
613 673 1405
1405 673 674
1406 316 317
1406 317 265
1407 263 264
1407 264 215
474 534 1408
1408 534 535
496 556 1409
1409 556 557
839 1739 1410
1410 891 892
671 1811 1411
1411 730 1944
591 651 1412
1412 651 652
1413 213 214
1413 214 169
757 813 1414
1414 813 1861
1415 127 128
1415 128 93
1416 1039 1040
1416 1040 1003
556 616 1417
1417 616 617
165 210 1418
1418 210 211
417 476 1419
1419 476 477
209 258 1420
1420 258 259
913 960 1421
1421 960 961
1422 828 829
1422 829 774
91 126 1423
1423 126 92
1424 493 494
1424 494 435
1425 1002 1003
1425 1003 961
1426 374 375
1426 375 1985
520 580 1427
1427 580 581
511 571 1428
1428 571 572
1429 802 1858
1429 803 747
1430 1054 1055
1430 1055 1816
1132 1142 1431
1431 1142 1143
785 1717 1432
1432 840 1970
570 630 1433
1433 630 631
855 906 1434
1434 906 1744
256 1819 1435
1435 308 309
1436 317 318
1436 318 1943
890 1720 1437
1437 939 940
1438 454 455
1438 455 397
1439 264 265
1439 265 216
1071 1956 1440
1440 1098 1099
938 1711 1441
1441 983 984
1442 432 433
1442 433 376
1443 931 932
1443 932 1814
1444 203 204
1444 204 160
856 907 1445
1445 907 1874
1446 956 957
1446 957 910
1447 1071 1072
1447 1072 1793
1448 986 987
1448 987 943
1130 1141 1449
1449 1141 1142
730 1833 1450
1450 787 788
1451 987 988
1451 988 944
1056 1086 1452
1452 1086 1087
307 1749 1453
1453 362 363
1454 916 1848
1454 917 867
360 417 1455
1455 417 418
1456 772 773
1456 773 716
1080 1105 1457
1457 1105 1106
1458 159 160
1458 160 121
1459 713 714
1459 714 655
1004 1041 1460
1460 1041 1042
530 590 1461
1461 590 591
1462 745 746
1462 746 688
473 533 1463
1463 533 534
125 165 1464
1464 165 166
1465 915 916
1465 916 866
614 674 1466
1466 674 675
1467 92 93
1467 93 63
1468 204 205
1468 205 161
1469 881 882
1469 882 1783
1470 985 986
1470 986 942
395 453 1471
1471 453 454
1472 977 978
1472 978 1777
208 1820 1473
1473 257 258
1474 168 169
1474 169 129
1475 494 495
1475 495 436
1476 1018 1019
1476 1019 1765
672 1920 1477
1477 731 732
857 908 1478
1478 908 909
1479 214 215
1479 215 170
416 475 1480
1480 475 476
700 758 1481
1481 758 759
1482 265 266
1482 266 217
1483 318 319
1483 319 1794
581 641 1484
1484 641 642
1485 375 376
1485 376 321
1486 914 915
1486 915 865
1022 1854 1487
1487 1057 1058
497 557 1488
1488 557 558
1489 917 1937
1489 918 868
840 1709 1490
1490 892 893
1491 120 121
1491 121 87
1492 827 828
1492 828 773
802 856 1493
1493 856 1802
801 855 1494
1494 855 1733
1495 1026 1027
1495 1027 988
1000 1768 1496
1496 1038 1039
1497 1025 1026
1497 1026 987
957 1000 1498
1498 1000 1001
61 91 1499
1499 91 62
164 1914 1500
1500 209 210
1501 160 161
1501 161 122
854 905 1502
1502 905 906
557 617 1503
1503 617 618
590 650 1504
1504 650 651
255 1769 1505
1505 307 308
1506 205 206
1506 206 162
1507 865 866
1507 866 813
1508 864 865
1508 865 812
1509 433 434
1509 434 377
803 857 1510
1510 857 858
510 570 1511
1511 570 571
456 1995 1512
1512 516 517
569 629 1513
1513 629 630
134 175 1514
1514 175 176
1515 913 914
1515 914 864
1516 801 1813
1516 802 746
1517 863 864
1517 864 811
1518 87 88
1518 88 59
858 909 1519
1519 909 910
455 1714 1520
1520 515 516
786 1696 1521
1521 841 842
1522 984 985
1522 985 1872
1523 866 1785
1523 867 814
1524 1024 1025
1524 1025 986
804 858 1525
1525 858 859
472 532 1526
1526 532 533
306 1740 1527
1527 361 362
1528 1084 1085
1528 1085 1055
1529 1001 1002
1529 1002 1864
914 961 1530
1530 961 962
359 416 1531
1531 416 417
1532 862 863
1532 863 1825
983 1674 1533
1533 1023 1024
974 1015 1534
1534 1015 1016
758 814 1535
1535 814 815
963 1005 1536
1536 1005 1006
1537 930 931
1537 931 1782
1038 1652 1538
1538 1071 1447
1539 511 512
1539 512 1834
1060 1089 1540
1540 1089 1090
805 1935 1541
1541 859 860
457 517 1542
1542 517 518
1543 128 129
1543 129 94
1544 455 456
1544 456 398
731 1940 1545
1545 788 789
1546 771 772
1546 772 715
1547 942 943
1547 943 895
133 174 1548
1548 174 175
944 988 1549
1549 988 989
975 1016 1550
1550 1016 1017
1551 712 713
1551 713 654
90 125 1552
1552 125 126
1553 495 496
1553 496 437
1554 941 942
1554 942 894
891 1647 1555
1555 940 941
1556 912 913
1556 913 1788
973 1014 1557
1557 1014 1015
1558 1496 1039
1558 1039 1677
859 1855 1559
1559 910 911
1560 512 513
1560 513 1657
615 675 1561
1561 675 676
454 1609 1562
1562 514 515
1563 215 216
1563 216 171
98 134 1564
1564 134 135
1565 510 511
1565 511 452
1566 266 267
1566 267 1877
1567 62 63
1567 63 39
207 1716 1568
1568 256 257
1569 161 162
1569 162 123
1570 861 862
1570 862 1707
1041 1073 1571
1571 1073 1074
806 1726 1572
1572 860 861
1573 121 122
1573 122 88
1574 943 944
1574 944 896
800 854 1575
1575 854 855
1576 206 207
1576 207 1837
1577 880 881
1577 881 1774
972 1013 1578
1578 1013 1014
1579 319 320
1579 320 1759
1580 376 377
1580 377 322
1081 1106 1581
1581 1106 1107
988 1027 1582
1582 1027 1028
415 474 1583
1583 474 475
1584 1555 941
1584 941 1747
939 1604 1585
1585 984 1522
529 589 1586
1586 589 590
1587 1533 1024
1587 1024 1803
1588 1060 1061
1588 1061 1027
971 1012 1589
1589 1012 1013
1890 164 1590
1590 164 165
1048 1079 1591
1591 1079 1080
673 732 1592
1592 732 733
1012 1048 1593
1593 1048 1049
1594 1053 1054
1594 1054 1753
635 1644 1595
1595 695 696
1596 955 956
1596 956 909
634 1612 1597
1597 694 695
976 1017 1598
1598 1017 1018
132 173 1599
1599 173 174
1600 867 1951
1600 868 815
1134 1143 1601
1601 1143 1144
860 1703 1602
1602 911 912
1603 976 977
1603 977 1713
1604 1441 984
1604 984 1585
1605 169 170
1605 170 130
1086 1110 1606
1606 1110 1111
1607 1602 912
1607 912 1683
1608 692 693
1608 693 1614
1609 513 514
1609 514 1562
636 1697 1610
1610 696 697
1611 1059 1060
1611 1060 1026
1612 693 694
1612 694 1597
471 531 1613
1613 531 532
634 1614 1612
1608 1614 634
1615 434 435
1615 435 378
37 61 1616
1616 61 38
254 1771 1617
1617 306 307
1013 1049 1618
1618 1049 1050
1126 1139 1619
1619 1139 1140
1620 826 827
1620 827 772
1015 1051 1621
1621 1051 1052
1136 1144 1622
1622 1144 1145
97 133 1623
1623 133 134
1014 1050 1624
1624 1050 1051
1625 252 253
1625 253 205
1626 253 254
1626 254 206
163 1702 1627
1627 208 209
1027 1061 1628
1628 1061 1062
394 452 1629
1629 452 453
1630 250 251
1630 251 203
807 1634 1631
1631 861 1570
1632 251 252
1632 252 204
41 66 1633
1633 66 67
1634 1572 861
1634 861 1631
1635 691 692
1635 692 1660
1636 249 250
1636 250 202
841 1690 1637
1637 893 894
1638 496 497
1638 497 438
67 98 1639
1639 98 99
498 558 1640
1640 558 559
929 975 1641
1641 975 976
458 518 1642
1642 518 519
637 1789 1643
1643 697 698
1644 1597 695
1644 695 1595
1016 1052 1645
1645 1052 1053
158 202 1646
1646 202 203
1647 1437 940
1647 940 1555
1648 944 945
1648 945 897
958 1689 1649
1649 1001 1529
568 628 1650
1650 628 629
1651 254 255
1651 255 1728
1652 1402 1071
1652 1071 1538
1653 396 397
1653 397 341
509 569 1654
1654 569 570
1655 1088 1089
1655 1089 1060
1656 57 58
1656 58 35
454 1657 1609
1560 1657 454
558 618 1658
1658 618 619
1659 1598 1018
1659 1018 1678
633 1660 1608
1635 1660 633
1049 1080 1661
1661 1080 1081
305 1763 1662
1662 360 361
1663 509 510
1663 510 451
930 1867 1664
1664 976 1603
928 974 1665
1665 974 975
1666 1058 1059
1666 1059 1025
358 415 1667
1667 415 416
1112 1130 1668
1668 1130 1131
1669 248 249
1669 249 201
1670 93 94
1670 94 64
589 649 1671
1671 649 650
787 1676 1672
1672 842 843
1673 690 691
1673 691 1722
1674 1397 1023
1674 1023 1533
1675 1672 843
1675 843 789
1676 1521 842
1676 842 1672
1002 1677 1416
1558 1677 1002
978 1678 1476
1659 1678 978
1679 744 745
1679 745 687
176 222 1680
1680 222 223
1681 216 217
1681 217 1856
339 395 1682
1682 395 396
862 1683 1556
1607 1683 862
1684 918 919
1684 919 869
1685 162 163
1685 163 1790
177 223 1686
1686 223 224
175 221 1687
1687 221 222
1688 1637 894
1688 894 1960
1689 1498 1001
1689 1001 1649
1690 1490 893
1690 893 1637
174 220 1691
1691 220 221
1692 35 36
1692 36 18
1017 1053 1693
1693 1053 1594
1694 711 712
1694 712 653
638 698 1695
1695 698 699
1696 1432 841
1696 841 1521
1697 1595 696
1697 696 1610
1698 122 123
1698 123 89
1699 843 844
1699 844 790
173 219 1700
1700 219 220
1701 770 771
1701 771 714
1702 207 208
1702 208 1627
1703 1559 911
1703 911 1602
1704 21 22
1704 22 9
1105 1125 1705
1705 1125 1126
131 172 1706
1706 172 173
809 1707 1532
1570 1707 809
1708 267 268
1708 268 1840
1709 1410 892
1709 892 1490
732 789 1710
1710 789 790
1711 1347 983
1711 983 1441
96 132 1712
1712 132 133
932 1713 1472
1603 1713 932
1714 1562 515
1714 515 1520
1715 929 930
1715 930 1773
1716 255 256
1716 256 1568
1717 1374 840
1717 840 1432
616 676 1718
1718 676 677
119 158 1719
1719 158 159
1720 1369 939
1720 939 1437
1050 1081 1721
1721 1081 1082
632 1722 1635
1673 1722 632
1723 894 895
1723 895 844
1724 377 378
1724 378 323
1725 38 39
1725 39 20
1726 1541 860
1726 860 1572
1727 945 946
1727 946 898
207 1728 1716
1651 1728 207
1005 1042 1729
1729 1042 1043
414 473 1730
1730 473 474
1731 320 321
1731 321 1770
927 973 1732
1732 973 974
1733 1434 856
1494 1733 856
1734 456 457
1734 457 399
66 97 1735
1735 97 98
1736 88 89
1736 89 60
1737 689 690
1737 690 1839
915 962 1738
1738 962 963
1739 1351 891
1739 891 1410
1740 1662 361
1740 361 1527
1939 218 1741
1741 218 219
1742 1487 1058
1742 1058 1758
1743 1322 839
1743 839 1374
1744 954 907
1434 1744 907
1090 1113 1745
1745 1113 1114
1746 129 130
1746 130 95
893 1747 1554
1584 1747 893
521 581 1748
1748 581 582
1749 1527 362
1749 362 1453
1750 497 498
1750 498 439
470 530 1751
1751 530 531
1082 1107 1752
1752 1107 1108
1019 1753 1430
1594 1753 1019
1754 844 845
1754 845 791
1051 1082 1755
1755 1082 1083
1756 1273 1022
1756 1022 1397
1757 1120 1121
1757 1121 1100
1024 1758 1666
1742 1758 1024
268 1759 1731
1579 1759 268
1760 435 436
1760 436 379
1761 879 880
1761 880 1784
1762 1099 1100
1762 1100 1074
1763 359 360
1763 360 1662
89 1971 1764
1764 124 125
979 1765 1381
1476 1765 979
674 733 1766
1766 733 734
1767 1277 728
1767 728 1316
1768 1376 1038
1768 1038 1496
1769 1617 307
1769 307 1505
269 1770 322
1731 1770 269
1771 305 306
1771 306 1617
1772 1286 785
1772 785 1336
881 1773 1537
1715 1773 881
829 1774 1469
1577 1774 829
1775 1316 729
1775 729 1364
1057 1087 1776
1776 1087 1088
933 1777 1394
1472 1777 933
1778 1275 838
1778 838 1322
1779 1293 890
1779 890 1351
1780 1247 727
1780 727 1277
1781 1249 784
1781 784 1286
882 1782 1443
1537 1782 882
830 1783 1404
1469 1783 830
828 1784 1577
1761 1784 828
1785 1454 867
1523 1785 867
1786 1292 938
1786 938 1369
1787 1336 786
1787 786 1390
863 1788 1515
1556 1788 863
1789 1610 697
1789 697 1643
1890 1790 164
1685 1790 124
1791 170 171
1791 171 1907
1792 946 947
1792 947 899
1040 1793 1329
1447 1793 1040
267 1794 1579
1483 1794 267
60 90 1795
1795 90 91
253 1829 1796
1796 305 1771
528 588 1797
1797 588 589
1798 1235 982
1798 982 1347
1799 1453 363
1799 363 1403
1800 895 896
1800 896 845
1801 800 801
1801 801 745
1802 1445 857
1493 1802 857
985 1803 1524
1587 1803 985
1804 1223 783
1804 783 1249
879 929 1805
1805 929 1715
1806 1440 1099
1806 1099 1073
831 1807 1350
1404 1807 831
1052 1083 1808
1808 1083 1084
1809 1290 574
1809 574 1224
269 322 1810
1810 322 323
1811 1364 730
1811 730 1411
1812 1212 669
1812 669 1229
1813 1494 802
1516 1813 802
883 1814 1386
1443 1814 883
1815 1232 726
1815 726 1247
1020 1816 1149
1430 1816 1020
1817 176 177
1817 177 136
1818 42 43
1818 43 23
1819 1505 308
1819 308 1435
1820 1568 257
1820 257 1473
1821 1249 727
1247 1821 727
1822 1286 728
1277 1822 728
853 904 1823
1823 904 905
1824 1203 668
1824 668 1212
810 1825 1517
1532 1825 810
1826 1149 1021
1826 1021 1273
826 879 1827
1827 879 1761
907 954 1828
954 1180 1828
1829 304 305
1829 305 1796
1830 1380 478
1830 478 1340
1831 1108 1109
1831 1109 1085
639 699 1832
1832 699 700
1833 1390 787
1833 787 1450
453 1834 1560
1539 1834 453
1835 358 359
1835 359 1899
1836 1336 729
1316 1836 729
163 1837 1702
1576 1837 163
1838 1231 837
1838 837 1275
631 1839 1673
1737 1839 631
219 1840 269
1708 1840 219
1096 1118 1841
1841 1118 1119
1842 1224 575
1842 575 1182
1843 1237 889
1843 889 1293
1844 825 826
1844 826 771
1845 1223 726
1232 1845 726
718 1846 1306
1348 1846 718
719 1847 1269
1306 1847 719
1848 963 917
1454 1848 917
85 119 1849
1849 119 120
926 972 1850
1850 972 973
1851 1229 670
1851 670 1260
1852 1776 1088
1852 1088 1059
1853 1340 479
1853 479 1312
1854 1344 1057
1854 1057 1487
1855 1519 910
1855 910 1559
1939 1856 218
1681 1856 172
1857 1157 609
1857 609 1154
1858 1493 803
1429 1858 803
980 1859 1148
1381 1859 980
1860 1390 730
1364 1860 730
1861 1523 814
1414 1861 814
906 953 1862
953 1187 1862
1863 1401 419
1863 419 1361
960 1864 1425
1529 1864 960
1865 1202 782
1865 782 1223
1866 397 398
1866 398 342
1867 1641 976
1867 976 1664
1868 1277 669
1212 1868 669
832 1869 1300
1350 1869 832
1870 1808 1084
1870 1084 1936
1871 688 689
1871 689 630
941 1872 1470
1522 1872 941
357 414 1873
1873 414 415
1874 955 908
1445 1874 908
374 1875 1396
1360 1875 374
1876 1316 670
1229 1876 670
218 1877 1708
1566 1877 218
1878 1322 784
1249 1878 784
776 1879 1281
1325 1879 776
1880 1205 667
1880 667 1203
1881 1247 668
1203 1881 668
1882 1275 783
1223 1882 783
934 1883 1323
1394 1883 934
1884 1148 981
1884 981 1235
1885 1172 608
1885 608 1157
884 1886 1326
1386 1886 884
1887 1374 785
1286 1887 785
1888 1363 573
1888 573 1290
660 1889 1213
1230 1889 660
124 1890 1590
124 1790 1890
219 269 1891
1891 269 270
1892 1419 477
1892 477 1380
775 1893 1325
1370 1893 775
1894 1215 937
1894 937 1292
375 1895 1442
1396 1895 375
720 1896 1239
1269 1896 720
1897 1214 725
1897 725 1232
508 568 1898
1898 568 569
305 1899 1763
1835 1899 305
1900 1364 671
1260 1900 671
95 131 1901
1901 131 132
1902 868 869
1902 869 816
1903 1361 420
1903 420 1328
659 1904 1230
1257 1904 659
270 323 1905
1905 323 324
1906 1154 610
1906 610 1158
131 1907 172
1791 1907 131
717 1908 1348
1398 1908 717
1909 1293 838
1275 1909 838
1910 1432 786
1336 1910 786
1911 1212 609
1157 1911 609
1912 1229 610
1154 1912 610
1913 1202 725
1214 1913 725
1914 1627 209
1914 209 1500
1915 1255 539
1915 539 1234
777 1916 1244
1281 1916 777
1917 1175 549
1917 549 1163
40 65 1918
1918 65 66
1919 1237 837
1231 1919 837
1920 1411 731
1920 731 1477
1921 1166 659
1921 659 1162
1922 1154 550
1163 1922 550
1923 1162 660
1923 660 1164
567 627 1924
1924 627 628
1925 1158 551
1167 1925 551
1926 1260 611
1158 1926 611
1927 1351 839
1322 1927 839
1928 1190 836
1928 836 1231
1929 1162 600
1165 1929 600
1930 1169 599
1930 599 1165
1931 1157 549
1175 1931 549
1932 1166 599
1169 1932 599
1933 1171 598
1173 1933 598
1934 1231 782
1202 1934 782
1935 1525 859
1935 859 1541
1054 1936 1528
1870 1936 1054
1937 964 918
1489 1937 918
1938 1196 888
1938 888 1237
172 1939 1741
172 1856 1939
1940 1450 788
1940 788 1545
1941 1455 418
1941 418 1401
1942 1410 840
1374 1942 840
266 1943 1483
1436 1943 266
1944 1450 731
1411 1944 731
65 96 1945
1945 96 97
1946 1203 608
1172 1946 608
1947 1279 538
1947 538 1255
1948 1164 601
1168 1948 601
661 1949 1207
1213 1949 661
917 963 1950
963 1536 1950
1951 1489 868
1600 1951 868
1952 1232 667
1205 1952 667
1953 1163 550
1953 550 1167
1954 1183 781
1954 781 1202
1955 1165 600
1955 600 1168
1956 1194 1098
1956 1098 1440
833 1957 1245
1300 1957 833
1958 1281 777
1269 1958 777
1959 1521 787
1390 1959 787
843 1960 1723
1688 1960 843
1961 1177 552
1179 1961 552
319 1962 1426
1387 1962 319
431 1963 1295
1264 1963 431
499 559 1964
1964 559 560
1965 1196 836
1190 1965 836
459 519 1966
1966 519 520
1967 1403 364
1967 364 1371
373 1968 1360
1332 1968 373
1969 1244 778
1239 1969 778
1970 1490 841
1432 1970 841
1971 123 124
1971 124 1764
1972 1325 776
1306 1972 776
57 86 1973
1973 86 87
701 759 1974
1974 759 760
1975 1411 672
1303 1975 672
430 1976 1264
1242 1976 430
778 1977 1219
1244 1977 778
885 1978 1266
1326 1978 885
1979 1230 660
1162 1979 660
1980 1303 612
1177 1980 612
1981 1312 480
1981 480 1291
1982 1188 597
1184 1982 597
1983 1172 548
1192 1983 548
1984 357 358
1984 358 304
320 1985 1485
1426 1985 320
1986 1192 548
1986 548 1175
1987 1191 607
1987 607 1172
721 1988 1221
1239 1988 721
1989 303 304
1989 304 253
1990 1257 659
1166 1990 659
1991 1213 661
1164 1991 661
1992 1210 666
1992 666 1205
1993 1234 540
1993 540 1227
935 1994 1152
1323 1994 935
1995 1520 516
1995 516 1512
1996 1164 661
1996 661 1174
1997 1370 775
1348 1997 775
1998 1152 936
1998 936 1215
1999 1269 720
1213 1999 720
