974 819 2
843 315 1
2 471 3
898 3 995
648 4 1022
648 5 378
878 591 6
872 418 7
872 7 336
1057 315 296
488 687 10
471 971 3
3 971 702
3 11 434
3 434 995
4 12 951
4 681 1022
5 681 14
5 14 448
418 15 7
452 395 16
452 16 635
490 453 18
416 18 19
774 585 33
774 33 942
9 335 20
687 20 10
863 373 21
863 21 702
550 365 22
550 22 1097
1097 22 695
12 469 951
13 469 899
13 899 629
769 973 14
14 973 360
1035 26 448
410 325 27
992 589 15
926 351 28
395 28 978
635 16 453
17 693 501
17 501 18
850 751 31
850 938 19
19 938 32
585 915 33
335 34 20
20 295 318
373 318 799
21 1112 636
365 35 690
690 35 333
24 877 306
306 1118 605
25 986 409
25 539 360
480 38 323
325 39 515
351 884 28
28 884 41
517 1064 42
1110 455 978
354 42 1021
354 500 17
17 500 693
384 956 45
384 594 30
30 594 590
1023 590 31
31 782 1003
1078 1003 32
32 47 920
915 848 33
1058 848 49
1058 49 642
34 552 50
295 50 338
35 386 52
35 52 596
35 596 333
189 483 605
37 925 55
37 55 409
38 555 323
39 57 515
415 909 77
415 742 40
40 742 58
40 58 1137
41 58 929
1064 1028 42
42 784 907
42 907 647
1052 60 802
43 383 996
29 383 451
1060 62 63
956 1072 45
45 1072 413
621 583 46
540 64 601
540 65 47
47 65 734
47 734 920
48 66 969
1139 969 49
49 67 68
552 68 50
50 68 570
50 69 338
499 69 417
414 90 70
414 70 52
52 70 882
917 882 53
925 961 55
55 961 943
55 73 671
671 982 74
38 1125 555
1039 56 892
39 901 57
1009 75 76
1009 76 770
58 749 78
58 78 652
652 713 79
784 684 60
60 628 80
60 708 802
61 708 470
61 1010 957
1135 81 62
62 82 63
63 82 83
63 83 413
1094 481 84
1094 84 542
542 84 664
65 85 665
665 849 86
66 86 724
724 86 1071
67 719 68
68 719 503
1073 88 570
69 949 432
69 821 417
70 571 106
70 106 662
662 851 91
72 92 980
72 1146 943
73 93 999
982 94 74
74 94 341
1074 380 56
56 535 892
75 408 76
76 96 770
374 96 932
374 97 935
935 97 612
676 98 79
680 650 99
628 99 80
80 99 656
844 100 470
81 835 62
62 835 82
82 567 512
512 101 102
958 102 658
658 102 874
84 865 664
85 717 952
85 952 825
825 104 437
86 1036 1071
449 118 513
87 627 503
88 298 432
571 304 1107
574 331 245
92 548 108
92 108 980
93 108 476
93 655 999
94 109 341
678 408 308
400 595 96
96 595 1034
96 1034 932
696 1077 112
696 112 612
729 883 113
650 663 99
718 1090 114
718 114 524
524 114 317
317 1132 101
602 115 510
510 115 116
102 756 874
103 805 887
812 879 104
737 369 118
513 118 319
298 1044 334
334 881 297
304 464 1107
611 382 121
331 625 245
303 123 597
1096 124 827
827 124 476
970 124 342
349 532 95
95 532 1140
111 968 329
1077 604 112
883 487 113
698 487 897
698 127 643
643 127 343
343 127 115
565 128 356
356 393 606
445 1069 117
369 321 118
118 321 398
118 398 319
905 130 411
614 131 297
120 533 132
382 553 121
1088 553 133
924 739 122
388 133 864
388 804 123
123 804 597
124 619 768
124 768 342
866 135 653
125 136 1068
352 136 375
441 137 329
867 831 385
399 128 847
847 128 565
393 364 129
129 364 1082
353 683 130
775 666 139
775 139 411
131 139 700
533 140 132
132 140 461
461 140 143
484 143 600
600 143 141
619 141 135
135 141 578
578 641 144
136 990 375
616 489 912
616 142 385
138 763 496
666 496 139
139 661 700
140 661 143
641 392 144
392 834 144
1147 834 459
146 780 954
146 781 875
148 465 149
148 149 886
573 936 151
573 151 371
760 547 152
740 402 153
740 153 326
147 1144 937
903 155 421
465 421 896
149 630 157
149 157 443
149 443 886
1029 752 159
936 697 151
151 697 160
547 447 152
402 161 153
433 391 162
433 646 154
508 462 164
430 164 165
748 498 177
748 842 407
1061 320 166
1061 166 640
753 363 167
630 1091 157
157 1091 346
531 168 910
158 559 732
158 732 438
438 169 170
868 170 584
159 893 730
953 171 359
447 172 557
557 172 327
390 173 514
859 322 174
391 1054 162
154 646 462
163 357 164
164 507 807
164 807 165
983 175 1055
498 176 841
320 1001 166
166 347 427
363 523 167
167 786 387
167 387 346
358 194 366
686 180 345
559 345 1136
610 181 1130
169 562 485
170 1020 764
1007 764 509
171 299 494
171 494 359
712 332 185
712 185 327
322 186 796
796 186 1025
174 187 543
1054 474 162
313 188 993
1014 361 163
837 190 176
176 190 927
176 659 841
177 659 813
177 813 638
902 192 561
347 193 526
310 537 194
738 195 366
709 793 196
965 446 181
396 908 741
396 197 311
181 311 962
466 198 1105
182 525 735
328 706 200
183 806 429
299 201 947
332 1067 185
704 203 439
439 203 204
173 677 900
186 966 205
186 205 1025
187 815 206
1086 977 188
755 836 208
755 208 191
1027 1126 209
1027 209 192
192 209 210
192 210 561
193 588 211
193 211 526
1056 405 212
537 213 840
840 213 556
738 556 195
195 214 675
793 215 196
196 215 479
196 479 741
197 216 217
197 217 198
198 217 218
198 839 1105
199 839 703
706 219 745
200 649 220
688 220 707
707 220 626
950 607 184
858 607 222
623 222 202
185 955 1005
704 223 203
204 203 726
762 242 436
436 620 224
205 224 766
766 224 759
207 226 765
765 1004 227
208 227 1109
1109 227 228
209 228 210
210 228 568
588 229 211
211 229 324
405 1102 809
809 230 477
213 450 231
790 231 911
911 231 822
214 232 675
215 743 233
215 233 520
603 828 234
216 234 217
217 234 235
217 235 218
491 727 236
491 236 219
219 236 721
649 237 220
785 758 238
785 238 626
221 994 1013
221 1013 1047
222 239 444
222 444 202
529 240 715
715 240 458
223 928 203
203 928 726
620 243 224
224 243 710
224 710 759
226 895 247
1004 247 227
227 247 645
227 645 228
801 262 598
228 1006 568
229 292 324
372 249 231
231 249 454
454 249 401
743 545 233
233 545 502
828 397 234
234 397 340
340 1050 252
727 424 963
497 252 618
236 377 798
758 419 238
238 419 1049
994 576 239
239 254 406
241 300 975
241 412 930
608 412 256
608 256 243
243 256 257
243 257 714
944 257 1063
440 362 260
440 260 771
771 260 261
246 997 1101
247 261 493
972 330 263
292 316 823
637 800 264
372 575 249
249 575 1037
249 538 401
931 337 251
586 1133 266
586 266 592
442 266 267
442 871 381
518 857 519
518 268 301
673 268 350
254 613 406
300 307 1017
981 370 270
981 270 257
257 544 1063
797 1062 271
797 271 486
259 722 428
428 672 344
260 344 261
811 522 394
394 273 639
330 302 761
692 1092 275
263 1012 368
264 776 654
264 276 348
541 689 277
560 277 744
744 277 435
266 435 267
810 278 519
817 711 279
817 279 350
269 674 1011
307 473 1128
255 1019 757
370 960 270
270 1116 527
624 527 271
271 722 259
272 862 422
731 403 282
731 282 654
689 404 277
546 404 285
546 285 564
564 1120 283
682 283 279
674 622 280
280 622 1015
376 286 511
511 733 284
456 862 272
273 667 339
273 339 379
403 791 580
580 287 694
283 355 651
355 657 286
733 425 284
582 695 22
175 964 1032
506 685 207
72 566 701
71 91 549
632 72 701
460 548 92
1114 305 832
36 582 617
993 188 1048
830 877 24
23 830 24
563 467 53
190 506 207
492 572 54
566 206 225
558 549 91
225 577 632
895 226 1108
245 913 1131
577 460 92
305 362 767
367 486 271
536 245 625
107 367 294
357 163 581
312 23 288
154 747 788
430 165 289
773 290 296
416 19 290
291 289 407
147 937 789
229 248 824
972 263 824
23 312 293
829 361 293
294 1059 833
107 294 833
20 34 846
34 50 846
296 290 463
1057 296 855
880 670 120
705 880 120
826 891 298
891 1044 298
509 948 299
948 429 299
458 1018 300
1018 516 1127
301 268 673
238 1049 576
639 273 379
1075 274 692
634 303 108
888 123 303
1066 1106 304
705 120 304
536 305 767
305 1059 294
1117 306 986
24 306 629
551 1129 307
1129 1011 307
569 125 314
400 308 1141
146 326 781
1143 154 788
167 523 786
1056 212 310
311 197 198
311 198 466
163 312 581
312 829 293
162 313 991
162 474 313
1068 136 352
308 314 1141
843 336 315
315 856 296
292 1042 316
316 263 368
82 317 567
100 317 82
318 295 845
318 631 799
1093 130 905
105 319 906
155 423 320
177 638 320
117 1069 1041
321 353 530
514 173 322
173 900 322
323 56 1039
699 323 39
324 292 823
528 324 230
6 609 889
699 39 325
326 153 778
326 154 1143
327 505 173
390 327 173
183 328 806
389 328 183
329 831 126
111 329 604
598 262 330
262 1076 330
91 851 331
611 121 331
468 184 332
623 202 332
333 431 36
617 333 36
89 334 921
890 334 89
9 495 335
33 642 335
336 7 725
336 8 315
250 720 337
1133 560 266
338 69 499
295 338 845
339 945 425
339 287 457
235 340 424
234 340 235
341 349 95
74 341 380
342 135 866
109 342 475
602 343 115
1132 343 101
344 672 422
344 522 261
345 965 181
345 181 610
346 504 358
531 346 168
166 1001 347
178 193 347
348 276 541
249 1037 538
341 109 349
109 475 349
350 814 269
254 350 613
15 589 351
984 40 351
441 579 137
314 352 110
321 129 353
129 1082 353
939 354 17
16 455 354
283 1120 355
694 287 355
445 356 606
115 356 116
36 357 288
357 507 164
686 358 728
346 358 168
792 184 468
979 359 172
860 38 480
1035 360 26
313 189 361
361 189 293
305 1114 362
362 259 260
976 166 363
166 427 363
852 787 364
364 142 534
11 21 365
21 636 365
366 783 180
358 366 728
259 367 271
367 259 832
368 776 264
800 368 264
104 879 369
117 1041 369
256 1016 370
255 757 370
426 760 152
954 371 146
450 372 231
637 264 1087
10 20 373
20 318 373
749 374 78
818 96 374
375 489 137
579 375 137
255 473 1019
280 1015 376
618 252 381
377 253 736
482 878 6
2 378 974
379 633 274
1075 379 274
380 341 95
380 535 56
381 669 253
377 381 253
106 464 869
120 132 382
593 61 383
383 61 957
998 384 30
29 451 384
385 787 128
399 385 128
21 631 1112
386 51 420
387 310 194
387 504 346
122 388 123
122 739 388
485 182 389
182 735 389
152 390 554
772 327 390
153 161 391
859 174 391
141 143 392
143 716 392
356 128 393
852 364 393
262 394 1076
811 394 493
7 15 395
926 28 395
181 396 311
181 446 396
1098 502 397
397 251 340
398 321 530
398 130 1093
521 399 1134
867 385 399
76 400 96
678 308 400
401 720 250
679 401 250
426 152 402
152 554 402
275 1092 403
457 791 403
276 282 404
404 282 1026
916 211 405
528 1102 405
406 516 240
472 406 240
407 423 155
291 407 789
75 777 408
408 95 1140
409 919 38
25 409 539
615 992 15
6 889 410
411 139 131
614 411 131
241 975 412
412 1016 256
413 83 644
45 413 583
51 414 420
691 90 414
984 415 40
853 57 415
773 416 290
490 18 416
417 89 1066
691 417 90
482 6 418
615 15 418
736 253 419
419 1046 301
420 414 52
386 420 52
421 155 640
421 723 896
422 667 273
344 422 273
407 842 423
423 177 320
424 340 252
424 252 497
286 657 425
339 425 287
146 426 861
146 371 426
427 347 179
427 746 363
260 428 344
259 428 260
429 688 201
429 201 299
154 430 747
508 164 430
333 914 431
467 431 53
432 890 89
69 432 821
153 433 778
153 391 433
434 11 816
434 12 4
435 794 278
435 278 810
205 436 224
966 436 205
437 737 118
437 118 449
868 438 170
752 438 159
173 439 677
505 439 173
245 440 913
245 362 440
110 441 329
110 352 441
252 442 381
592 266 442
443 157 668
443 158 150
444 472 240
444 240 529
116 445 117
116 356 445
709 196 446
446 908 396
151 160 447
979 172 447
448 609 6
591 448 6
87 449 627
1036 449 87
477 230 450
230 372 450
451 1081 44
451 44 1080
7 452 725
7 395 452
453 939 17
453 17 18
232 454 873
231 454 822
517 42 455
455 42 354
270 960 1116
281 820 456
274 457 403
633 457 274
241 458 300
223 458 241
534 142 459
599 459 142
944 258 460
258 988 460
484 461 143
132 461 940
462 162 991
462 163 164
463 495 9
296 463 855
304 120 464
464 120 382
148 780 465
147 421 465
182 466 525
311 466 182
190 837 1089
175 1032 467
1119 468 332
359 468 172
808 23 469
469 23 24
470 100 81
61 470 1010
2 819 471
488 1038 471
444 239 472
239 406 472
307 280 473
473 280 376
174 543 474
474 188 313
475 342 125
475 125 885
476 124 970
93 476 655
213 477 450
212 477 213
478 558 91
245 1131 574
479 215 520
479 216 197
26 480 323
360 480 26
644 83 481
587 102 958
1031 482 418
0 378 482
483 492 54
483 54 1145
133 484 864
133 461 484
170 485 1020
169 485 170
367 107 486
258 486 988
112 126 487
487 521 897
1 488 471
1 1099 488
375 144 489
489 599 912
8 490 416
8 453 490
218 491 703
218 235 491
1048 188 492
188 977 492
493 394 262
779 493 262
494 299 947
494 184 792
942 33 495
495 33 335
496 459 145
496 1070 139
236 497 377
424 497 963
289 165 498
165 176 498
51 499 946
338 499 51
354 43 500
500 43 996
501 998 30
501 751 18
502 931 251
502 251 397
503 1115 826
1073 503 88
387 194 504
504 194 358
327 185 505
933 439 505
563 53 506
1138 71 506
357 36 507
507 964 175
154 508 430
154 462 508
171 509 299
1007 509 584
102 510 756
101 510 102
281 511 820
376 511 281
587 512 102
82 512 83
105 513 319
449 513 870
161 514 322
876 514 161
515 57 853
325 515 27
904 269 516
516 269 551
1110 517 455
28 41 517
1046 518 301
253 669 518
519 750 268
518 519 268
520 233 603
479 520 216
487 126 521
126 399 521
344 273 522
522 273 394
363 746 523
523 179 310
100 524 317
99 1040 656
525 466 199
525 199 328
526 211 916
347 526 179
527 456 272
527 989 271
211 528 405
211 324 528
955 529 223
444 529 202
530 353 130
398 530 130
157 531 668
157 346 531
885 125 532
532 125 569
120 670 533
959 140 533
138 534 763
364 534 138
380 95 535
535 777 75
122 536 924
122 1113 536
310 212 537
212 213 537
538 348 265
538 1051 401
539 409 38
539 38 860
782 540 47
1065 64 540
265 541 918
348 541 265
65 542 85
64 542 601
543 1086 188
543 188 474
257 270 544
1062 624 271
679 250 545
545 1085 502
794 987 278
277 404 546
371 151 547
151 447 547
460 107 548
548 634 108
226 207 549
685 549 207
11 550 816
11 365 550
300 551 307
516 551 1127
1002 49 552
49 68 552
382 132 553
553 132 940
554 876 161
554 161 402
555 1074 56
555 56 323
556 790 214
556 214 195
772 557 327
447 557 152
1108 226 558
226 549 558
910 168 559
168 345 559
337 265 560
265 918 560
561 210 193
178 561 193
1130 181 962
562 182 485
190 563 506
190 1089 563
682 564 283
987 564 278
115 565 356
127 565 115
72 54 566
54 572 566
567 317 101
567 101 512
568 248 229
210 568 229
308 569 314
532 569 308
570 949 69
50 570 69
70 90 571
90 304 571
492 206 572
572 206 566
148 573 371
967 150 573
574 478 91
91 331 574
1087 264 575
575 264 348
576 1045 254
576 254 239
225 244 577
244 460 577
136 578 990
135 578 653
441 352 579
352 375 579
282 580 1026
403 580 282
581 312 288
357 581 288
36 288 582
288 23 582
583 413 64
583 64 1065
584 509 171
159 584 893
290 19 585
19 32 585
1050 1142 252
251 337 586
83 587 481
83 512 587
193 210 588
210 229 588
410 27 589
589 27 351
590 621 46
590 46 922
378 5 591
5 448 591
252 592 442
1142 592 252
43 593 383
647 60 1052
384 45 594
594 854 590
400 110 595
595 968 111
596 917 53
596 914 333
597 134 941
1096 597 124
248 598 330
228 598 1006
489 144 599
1147 459 599
660 600 141
484 600 1123
601 542 65
540 601 65
101 602 510
101 343 602
216 603 234
520 603 216
604 329 126
604 126 112
605 483 37
306 605 37
606 393 129
445 606 129
201 221 607
607 221 1047
242 608 934
242 412 608
448 26 609
609 26 325
169 610 562
345 610 1136
106 611 331
106 869 611
612 894 98
676 612 98
613 350 269
613 269 904
881 614 297
119 411 614
6 615 418
6 410 615
137 616 385
137 489 616
617 582 22
22 333 617
377 618 381
497 618 377
941 134 619
660 141 619
436 242 620
242 934 620
590 854 621
45 583 621
279 283 622
622 283 651
184 623 332
858 222 623
544 270 624
270 527 624
331 121 625
536 625 121
626 238 221
201 626 221
627 449 870
627 1115 503
60 684 628
680 99 628
629 306 1117
13 629 1000
149 723 630
753 167 630
318 51 631
631 51 386
632 577 92
92 72 632
379 339 633
339 457 633
548 107 634
107 1095 634
8 635 453
452 635 1100
636 386 35
636 35 365
230 637 372
230 316 637
638 192 902
638 178 320
302 639 379
394 639 302
640 166 976
421 640 156
578 141 641
141 392 641
642 49 1002
642 34 335
114 643 343
803 643 114
64 644 481
413 644 64
645 779 262
645 262 801
433 162 646
646 162 462
43 647 593
42 647 1021
2 648 378
898 4 648
745 219 649
219 721 649
79 98 650
729 985 650
651 355 286
622 651 286
59 652 79
58 652 929
653 578 136
125 653 136
654 282 276
264 654 276
655 476 109
655 109 94
656 524 100
844 656 100
355 287 657
657 287 425
84 658 865
481 658 84
1124 191 659
659 191 192
134 660 619
134 600 660
139 1070 661
661 716 143
71 662 91
70 662 923
650 985 663
1090 803 114
664 717 85
542 664 85
66 665 86
838 665 66
130 683 1030
138 496 666
422 284 667
667 945 339
668 531 158
443 668 158
381 871 669
669 857 518
297 131 670
670 131 533
38 671 1125
919 671 38
428 272 672
672 272 422
254 673 350
1045 673 254
269 814 674
279 622 674
675 232 754
795 675 215
713 676 79
78 612 676
677 439 204
677 1104 186
76 678 400
76 408 678
1079 679 545
232 873 679
79 680 628
79 650 680
4 13 681
681 769 14
711 682 279
278 564 682
353 138 683
683 138 666
59 79 684
684 79 628
506 71 685
71 549 685
168 686 345
168 358 686
488 9 687
9 20 687
429 200 688
200 220 688
541 276 689
276 404 689
22 690 333
365 690 22
51 691 414
51 946 691
263 692 1012
302 692 761
693 500 29
693 29 501
285 694 355
580 694 285
582 23 695
808 695 23
97 696 612
97 1033 696
1029 159 697
697 159 730
1083 698 643
113 487 698
26 699 325
26 323 699
700 661 140
959 700 140
701 566 225
632 701 225
702 21 11
3 702 11
703 491 219
199 703 219
933 704 439
185 1005 704
1106 705 304
89 921 705
328 199 706
199 219 706
201 707 626
688 707 201
60 80 708
708 80 470
180 709 446
180 783 709
710 243 714
710 244 225
268 750 1103
278 682 711
172 712 327
1119 332 712
652 78 713
78 676 713
714 257 1043
710 714 244
223 715 458
529 715 223
661 145 716
716 145 392
664 1122 717
717 812 104
99 718 1040
99 663 718
67 87 719
719 87 503
401 1051 720
720 265 337
721 236 798
721 237 649
271 989 722
722 272 428
421 156 723
723 156 630
67 724 87
1053 724 67
725 452 1100
336 725 8
726 241 930
762 726 242
491 235 727
235 424 727
728 366 180
686 728 180
98 729 650
98 894 729
730 171 953
697 730 160
275 731 654
275 403 731
732 559 169
732 169 438
511 286 733
286 425 733
734 838 66
734 66 48
735 525 328
735 328 389
237 736 419
377 736 237
437 104 737
104 369 737
194 738 366
194 556 738
1088 133 739
739 133 388
146 740 326
146 861 740
741 479 197
396 741 197
415 77 742
742 1008 58
754 232 743
1079 545 743
266 744 435
560 744 266
200 745 649
706 745 200
427 179 746
746 179 523
747 430 289
747 289 291
289 748 407
289 498 748
58 1008 749
77 374 749
519 278 750
750 278 711
501 30 751
751 1023 31
150 158 752
158 438 752
156 753 630
156 363 753
215 754 743
675 754 215
190 755 927
190 207 755
756 510 116
756 805 103
757 376 281
757 281 370
220 237 758
237 419 758
759 710 225
206 759 225
426 371 760
371 547 760
761 692 263
330 761 263
204 762 436
204 726 762
763 534 459
763 459 496
764 389 183
764 183 509
208 765 227
836 765 208
206 766 759
815 766 206
767 362 245
536 767 245
768 619 135
768 135 342
681 13 769
13 1000 769
770 96 818
909 770 77
246 771 997
440 771 246
152 772 390
152 557 772
856 773 296
8 416 773
290 774 463
290 585 774
130 775 411
130 1030 775
368 275 776
776 275 654
535 95 777
777 95 408
778 433 154
326 778 154
645 247 779
247 493 779
146 875 780
780 147 465
781 326 309
781 1144 147
922 46 782
46 540 782
366 195 783
783 1111 709
42 1028 784
59 684 784
220 785 626
220 758 785
786 523 310
786 310 387
385 142 787
787 142 364
788 747 291
309 788 291
789 407 155
903 789 155
556 213 790
213 231 790
457 287 791
791 287 580
359 792 468
494 792 359
709 1111 793
795 215 793
435 277 794
277 546 794
195 795 793
195 675 795
174 796 187
322 796 174
258 797 486
258 544 797
798 377 237
721 798 237
799 631 21
373 799 21
637 316 800
316 368 800
228 801 598
645 801 228
802 708 61
593 802 61
663 113 803
1083 643 803
388 134 804
804 134 597
756 116 805
805 116 117
806 328 200
806 200 429
807 507 175
807 175 983
12 808 469
12 695 808
212 809 477
405 809 212
267 810 519
435 810 267
261 811 493
261 522 811
717 103 812
103 887 812
813 659 192
813 192 638
350 279 814
814 279 674
187 1084 815
205 766 815
816 550 12
434 816 12
268 817 350
268 1103 817
77 818 374
770 818 77
0 1024 819
819 1 471
820 511 284
820 284 456
821 432 89
821 89 417
822 454 232
214 822 232
823 316 230
324 823 230
824 1042 292
229 824 292
86 825 437
849 825 86
88 826 298
503 826 88
108 827 476
303 827 108
603 233 828
1098 397 828
312 163 829
163 361 829
23 293 830
293 189 830
329 137 831
831 137 385
832 305 294
367 832 294
833 122 123
888 833 123
392 145 834
834 145 459
81 100 835
835 100 82
755 207 836
207 765 836
175 837 1055
837 175 467
734 65 838
65 665 838
198 218 839
839 218 703
194 840 556
537 840 194
841 659 177
498 841 177
748 177 842
842 177 423
0 843 1024
0 336 843
80 844 470
80 656 844
845 338 51
318 845 51
846 50 295
20 846 295
127 847 565
399 847 1134
32 48 848
848 1139 49
665 85 849
85 825 849
18 850 19
18 751 850
662 106 851
851 106 331
128 852 393
128 787 852
27 853 415
515 853 27
594 45 854
854 45 621
855 463 9
1 855 1099
315 8 856
8 773 856
669 267 857
857 267 519
184 858 623
184 607 858
161 859 391
161 322 859
360 860 480
539 860 360
861 426 402
861 402 740
456 284 862
862 284 422
10 863 702
10 373 863
864 484 1123
388 864 134
865 658 103
865 1122 664
125 866 653
342 866 125
126 867 399
126 831 867
159 868 584
159 438 868
869 464 382
869 382 611
870 513 105
627 870 105
442 267 871
871 267 669
0 872 336
1031 418 872
873 454 401
873 401 679
874 756 103
658 874 103
875 781 147
875 147 780
554 390 876
390 514 876
830 189 877
877 1118 306
482 378 878
378 591 878
812 117 879
879 117 369
705 297 880
297 670 880
334 119 881
119 614 881
882 70 923
882 71 1138
729 112 883
112 487 883
351 40 884
884 40 1137
349 885 532
475 885 349
886 443 150
967 886 150
887 805 117
887 117 812
107 888 1095
107 833 888
889 609 325
889 325 410
432 298 890
298 334 890
826 105 891
105 906 891
892 535 75
39 892 901
893 584 171
893 171 730
612 112 894
894 112 729
246 895 478
895 246 1101
896 723 149
465 896 149
897 521 127
698 897 127
2 898 648
2 3 898
899 469 24
899 24 629
900 677 186
900 186 322
901 892 75
901 1121 57
178 902 561
638 902 178
147 903 421
147 789 903
406 904 516
613 904 406
119 905 411
319 905 119
906 319 119
906 119 891
907 784 60
907 60 647
446 196 908
908 196 741
415 57 909
57 770 909
158 910 559
531 910 158
214 911 822
790 911 214
912 599 142
616 912 142
913 440 246
913 246 478
596 53 914
914 53 431
585 32 915
32 848 915
179 916 405
526 916 179
596 52 917
52 882 917
918 541 277
918 277 560
409 55 919
55 671 919
920 734 48
32 920 48
921 334 297
921 297 705
31 922 782
590 922 31
923 662 71
882 923 71
924 536 121
121 739 924
1145 54 925
54 72 925
15 926 395
15 351 926
927 755 191
1124 927 191
223 241 928
928 241 726
929 652 59
41 929 59
930 412 242
726 930 242
502 1085 931
250 337 931
932 1033 97
374 932 97
185 933 505
185 704 933
934 608 243
934 243 620
78 935 612
374 935 78
573 150 936
150 697 936
937 309 291
937 291 789
850 31 938
938 1078 32
453 16 939
16 354 939
940 461 133
553 940 133
124 941 619
597 941 124
463 942 495
774 942 463
943 93 73
55 943 73
244 944 460
1043 257 944
667 284 945
945 284 425
946 499 417
946 417 691
947 950 184
494 947 184
509 183 948
183 429 948
570 88 949
949 88 432
947 201 950
201 607 950
951 469 13
4 951 13
952 717 104
952 104 825
160 953 359
730 953 160
954 780 148
148 371 954
185 1067 955
202 529 955
1080 44 956
1060 63 956
957 81 1135
1081 957 44
481 958 658
587 958 481
131 959 533
131 700 959
370 281 960
960 281 456
925 72 961
961 72 943
962 311 182
562 962 182
963 497 236
727 963 236
507 36 964
964 36 431
345 180 965
180 446 965
186 1104 966
204 436 966
148 967 573
148 886 967
595 110 968
968 110 329
969 1053 67
969 67 49
109 970 342
476 970 109
471 1038 971
971 10 702
248 972 824
248 330 972
769 25 973
973 25 360
974 378 0
0 819 974
975 300 1017
975 255 412
156 976 363
640 976 156
187 206 977
977 206 492
978 455 16
395 978 16
160 979 447
160 359 979
980 108 93
72 980 1146
256 981 257
256 370 981
671 73 982
73 94 982
165 983 176
807 983 165
27 984 351
27 415 984
729 113 985
985 113 663
986 306 37
986 37 409
794 546 987
546 564 987
988 486 107
988 107 460
527 272 989
989 272 722
990 578 144
990 144 375
991 1014 163
462 991 163
615 410 992
410 589 992
189 993 483
313 993 189
221 238 994
238 576 994
995 434 4
898 995 4
996 383 29
500 996 29
997 771 261
997 261 247
501 29 998
29 384 998
999 655 94
73 999 94
1000 629 25
1000 25 769
320 178 1001
1001 178 347
34 1002 552
642 1002 34
1003 782 47
1003 47 32
765 226 1004
226 247 1004
1005 955 223
1005 223 704
1006 598 248
1006 248 568
170 1007 584
170 764 1007
742 77 1008
1008 77 749
57 1009 770
57 1121 1009
1010 470 81
1010 81 957
1011 674 280
1011 280 307
1012 692 275
1012 275 368
1013 994 239
1013 239 222
991 313 1014
313 361 1014
1015 622 286
1015 286 376
412 255 1016
1016 255 370
1017 307 1128
975 1017 255
458 240 1018
240 516 1018
1019 473 376
1019 376 757
1020 485 389
1020 389 764
1021 647 43
354 1021 43
1022 681 5
648 1022 5
751 30 1023
30 590 1023
1024 843 1
1024 1 819
1025 1084 187
796 1025 187
1026 580 285
404 1026 285
191 1027 192
191 208 1027
41 59 1028
1028 59 784
150 1029 697
150 752 1029
1030 683 666
1030 666 775
0 1031 872
0 482 1031
1032 964 431
1032 431 467
932 111 1033
1033 111 696
1034 595 111
1034 111 932
14 1035 448
14 360 1035
86 437 1036
437 449 1036
1037 575 348
1037 348 538
488 10 1038
1038 10 971
39 1039 892
323 1039 39
1040 718 524
1040 524 656
1041 129 321
1041 321 369
824 263 1042
1042 263 316
244 1043 944
714 1043 244
891 119 1044
1044 119 334
576 301 1045
301 673 1045
419 253 1046
253 518 1046
1047 1013 222
607 1047 222
483 1048 492
993 1048 483
1049 419 301
1049 301 576
340 251 1050
251 586 1050
538 265 1051
1051 265 720
593 1052 802
647 1052 593
969 66 1053
66 724 1053
391 174 1054
174 474 1054
1055 837 176
983 1055 176
179 1056 310
179 405 1056
1 1057 855
1 315 1057
33 1058 642
33 848 1058
1113 122 1059
1059 122 833
44 1060 956
44 62 1060
155 1061 640
155 320 1061
797 544 1062
544 624 1062
1063 544 258
944 1063 258
517 41 1064
41 1028 1064
46 1065 540
583 1065 46
90 1066 304
417 1066 90
332 202 1067
1067 202 955
314 1068 352
125 1068 314
445 129 1069
1069 129 1041
496 145 1070
1070 145 661
1071 1036 87
724 1071 87
956 63 1072
1072 63 413
68 1073 570
68 503 1073
555 74 1074
74 380 1074
302 1075 692
302 379 1075
1076 394 302
1076 302 330
696 111 1077
111 604 1077
938 31 1078
31 1003 1078
232 1079 743
232 679 1079
384 1080 956
451 1080 384
451 383 1081
383 957 1081
1082 364 138
1082 138 353
113 1083 803
113 698 1083
1025 205 1084
1084 205 815
545 250 1085
1085 250 931
543 187 1086
187 977 1086
372 1087 575
637 1087 372
121 1088 739
121 553 1088
1089 837 467
1089 467 563
718 663 1090
663 803 1090
630 167 1091
1091 167 346
692 274 1092
1092 274 403
319 1093 905
398 1093 319
64 1094 542
64 481 1094
1095 888 303
1095 303 634
303 1096 827
303 597 1096
12 1097 695
550 1097 12
233 1098 828
233 502 1098
1099 855 9
1099 9 488
1100 635 8
725 1100 8
1101 997 247
895 1101 247
528 230 1102
1102 230 809
1103 750 711
1103 711 817
677 204 1104
1104 204 966
1105 839 199
466 1105 199
1066 89 1106
89 705 1106
1107 464 106
571 1107 106
478 1108 558
895 1108 478
209 1109 228
1126 1109 209
28 1110 978
28 517 1110
783 195 1111
1111 195 793
1112 631 386
1112 386 636
305 1113 1059
1113 305 536
259 1114 832
1114 259 362
627 105 1115
1115 105 826
1116 960 456
1116 456 527
25 1117 986
629 1117 25
877 189 1118
1118 189 605
172 1119 712
172 468 1119
564 285 1120
1120 285 355
901 75 1121
1121 75 1009
865 103 1122
1122 103 717
1123 600 134
864 1123 134
176 1124 659
176 927 1124
1125 671 74
1125 74 555
1027 208 1126
208 1109 1126
1127 551 300
1018 1127 300
1128 473 255
1017 1128 255
551 269 1129
269 1011 1129
562 1130 962
610 1130 562
1131 913 478
1131 478 574
317 114 1132
114 343 1132
586 337 1133
337 560 1133
1134 847 127
521 1134 127
44 1135 62
957 1135 44
1136 610 169
559 1136 169
1137 58 41
884 1137 41
53 1138 506
882 1138 53
848 48 1139
48 969 1139
1140 532 308
408 1140 308
1141 314 110
400 1141 110
1050 586 1142
586 592 1142
309 1143 788
326 1143 309
781 309 1144
1144 309 937
37 1145 925
483 1145 37
1146 980 93
1146 93 943
144 1147 599
144 834 1147
