6.45603e+01 -1.75960e+00 3.56203e+01
6.45723e+01 1.19009e+01 3.43642e+01
5.16460e+01 3.87159e+00 3.48862e+01
4.51919e+01 1.19928e+01 3.32251e+01
3.80137e+01 1.96218e-01 3.11709e+01
4.50920e+01 -1.14909e+01 3.25319e+01
6.04376e+01 -1.95220e+01 2.96386e+01
7.75288e+01 -8.69128e+00 3.38645e+01
8.81508e+01 3.12436e+00 3.61393e+01
6.75419e+01 2.32104e+01 2.80735e+01
5.11419e+01 2.35025e+01 2.76092e+01
3.62848e+01 1.68521e+01 2.82781e+01
2.66561e+01 5.06477e+00 2.91312e+01
2.92242e+01 -8.95135e+00 2.89205e+01
4.05605e+01 -1.96800e+01 2.80670e+01
7.76835e+01 -1.95072e+01 2.87466e+01
9.69350e+01 -1.03636e+01 3.05742e+01
1.06792e+02 -8.11799e-03 3.04066e+01
1.03949e+02 1.08914e+01 2.91196e+01
9.63585e+01 1.89051e+01 2.55674e+01
5.93590e+01 3.03289e+01 2.20180e+01
3.74732e+01 2.66936e+01 2.25677e+01
1.86039e+01 1.49755e+01 2.54594e+01
1.21304e+01 2.74535e-01 2.85581e+01
1.48749e+01 -1.02708e+01 2.65747e+01
2.70724e+01 -2.20279e+01 2.46401e+01
4.82289e+01 -2.96221e+01 2.26703e+01
7.22600e+01 -3.47429e+01 2.18827e+01
9.14701e+01 -2.24006e+01 2.57627e+01
1.22915e+02 -5.47474e-02 2.76262e+01
1.19027e+02 1.30670e+01 2.48943e+01
1.09472e+02 2.19761e+01 2.06945e+01
9.77346e+01 2.80460e+01 1.82909e+01
8.34267e+01 2.94985e+01 2.01263e+01
6.78453e+01 3.34871e+01 1.47625e+01
2.10741e+01 3.00660e+01 1.95967e+01
1.54980e+00 1.73022e+01 2.61799e+01
1.48552e+01 -2.55328e+01 1.87632e+01
3.24594e+01 -3.51479e+01 1.32119e+01
5.65817e+01 -4.04617e+01 1.37583e+01
8.56655e+01 -3.34225e+01 1.80088e+01
9.76461e+01 -2.83840e+01 1.86491e+01
1.09460e+02 -2.24143e+01 2.12724e+01
1.18952e+02 -1.31554e+01 2.48957e+01
1.36486e+02 -8.80588e-02 1.31433e+01
1.31985e+02 1.34134e+01 1.31034e+01
1.21458e+02 2.68943e+01 1.43337e+01
1.07120e+02 3.21337e+01 1.15118e+01
9.29200e+01 3.33924e+01 9.18770e+00
8.00735e+01 3.52517e+01 8.35684e+00
6.23323e+01 3.82960e+01 8.40798e+00
3.86804e+01 4.00773e+01 1.20862e+01
1.89638e+01 3.49064e+01 9.98414e+00
5.05094e+00 3.23020e+01 1.30383e+01
4.86437e+00 -3.00159e+01 1.17803e+01
1.87280e+01 -3.29995e+01 9.26291e+00
4.62605e+01 -4.36060e+01 5.44656e+00
6.85484e+01 -4.33619e+01 1.02354e+01
9.30438e+01 -3.53327e+01 9.96302e+00
1.06647e+02 -3.07378e+01 1.07724e+01
1.20378e+02 -2.36100e+01 1.17254e+01
1.31905e+02 -1.35620e+01 1.30894e+01
1.37424e+02 -8.53156e-02 1.82317e+00
1.35840e+02 7.22156e+00 1.80860e+00
1.25973e+02 2.54258e+01 1.70538e+00
1.11874e+02 3.56192e+01 1.55069e+00
9.73882e+01 3.96995e+01 1.38883e+00
8.38952e+01 4.08216e+01 1.23686e+00
7.15061e+01 4.15809e+01 1.09719e+00
5.37228e+01 4.12014e+01 8.96049e-01
2.22400e+01 3.50768e+01 5.37469e-01
8.01487e+00 3.27498e+01 3.75649e-01
7.81337e+00 -3.12150e+01 3.44249e-01
2.19854e+01 -3.29707e+01 5.03610e-01
3.52089e+01 -3.76449e+01 6.50922e-01
5.98645e+01 -4.65769e+01 9.25492e-01
7.01505e+01 -4.36721e+01 -3.50726e+00
8.24712e+01 -4.33855e+01 6.09275e+00
9.74035e+01 -4.11589e+01 1.35219e+00
1.10999e+02 -3.24128e+01 1.50982e+00
1.25109e+02 -2.28362e+01 1.67363e+00
1.35451e+02 -6.40079e+00 1.79799e+00
1.35838e+02 -7.66718e-02 -6.20601e+00
1.30885e+02 1.07863e+01 -5.24048e+00
1.21674e+02 2.66658e+01 -1.08378e+01
1.08351e+02 3.67239e+01 -1.08244e+01
9.47839e+01 4.30899e+01 -1.03428e+01
8.18962e+01 4.69452e+01 -9.98796e+00
6.32690e+01 4.55499e+01 -8.75666e+00
4.50607e+01 3.69980e+01 -1.08167e+01
3.38851e+01 3.70496e+01 -3.26382e+00
5.29300e+00 3.00863e+01 -1.07244e+01
5.07521e+00 -2.66015e+01 -8.66331e+00
1.87710e+01 -2.82257e+01 -5.95043e+00
3.19716e+01 -3.26842e+01 -6.12556e+00
5.12155e+01 -4.55460e+01 -1.19941e+01
8.12376e+01 -4.39834e+01 -9.07316e+00
9.51149e+01 -4.64895e+01 -1.17682e+01
1.07730e+02 -3.48214e+01 -9.90936e+00
1.20787e+02 -2.42232e+01 -8.95671e+00
1.31026e+02 -1.13146e+01 -5.91248e+00
1.22097e+02 -3.02369e-02 -1.75268e+01
1.18752e+02 1.17835e+01 -1.79116e+01
1.10502e+02 2.38230e+01 -2.02835e+01
9.95821e+01 3.44234e+01 -2.18111e+01
6.99820e+01 4.73115e+01 -2.22212e+01
2.01339e+01 2.81486e+01 -1.01724e+01
1.99467e+00 -1.55185e+01 -2.25391e+01
1.51975e+01 -2.38689e+01 -1.57540e+01
3.31352e+01 -3.07483e+01 -1.42111e+01
7.34152e+01 -3.93256e+01 -2.39997e+01
8.71583e+01 -3.98317e+01 -2.06732e+01
9.93942e+01 -3.44201e+01 -2.19191e+01
1.10805e+02 -2.52004e+01 -2.23030e+01
1.19104e+02 -1.25176e+01 -1.99089e+01
1.07321e+02 1.82214e-02 -2.66849e+01
1.04143e+02 1.02732e+01 -2.36102e+01
9.74345e+01 2.04510e+01 -2.60065e+01
8.57409e+01 3.93219e+01 -2.79365e+01
6.09235e+01 3.82047e+01 -2.90844e+01
3.77078e+01 2.41795e+01 -1.75708e+01
1.89532e+01 1.30217e+01 -1.84810e+01
1.25866e+01 2.97274e-01 -2.07277e+01
1.54274e+01 -9.94883e+00 -2.43750e+01
2.76485e+01 -2.23622e+01 -2.41688e+01
4.90732e+01 -3.27436e+01 -2.48677e+01
9.29066e+01 -2.55335e+01 -2.86802e+01
1.05010e+02 -1.16190e+01 -2.92780e+01
9.28505e+01 -5.46244e+00 -3.55390e+01
8.77801e+01 1.53360e+01 -3.38981e+01
6.93211e+01 2.87336e+01 -3.63035e+01
5.17891e+01 2.37903e+01 -2.63779e+01
3.65882e+01 1.49423e+01 -2.14675e+01
2.71771e+01 4.80775e+00 -2.50786e+01
2.99372e+01 -9.22259e+00 -2.93090e+01
4.14894e+01 -2.17496e+01 -3.14347e+01
5.70521e+01 -2.32512e+01 -2.52932e+01
7.86411e+01 -2.06811e+01 -2.91764e+01
7.50427e+01 1.33888e+01 -3.75753e+01
6.01838e+01 1.72316e+01 -3.10549e+01
4.56195e+01 1.09981e+01 -2.71091e+01
4.59587e+01 -1.19704e+01 -3.32323e+01
7.74329e+01 -4.53820e+00 -3.51678e+01
4.42800e+01 2.08543e-01 -3.21822e+01
6.24025e+01 -1.09016e+01 -2.91223e+01
6.00124e+01 3.76748e+00 -3.15731e+01
-5.57542e+01 -1.52397e+00 3.78390e+01
-5.58165e+01 1.32397e+01 3.74366e+01
-6.86289e+01 4.44880e+00 3.67044e+01
-7.52646e+01 1.34232e+01 3.64946e+01
-8.21294e+01 5.51965e-01 3.49468e+01
-7.51555e+01 -1.19619e+01 3.47565e+01
-5.96083e+01 -2.05926e+01 3.16610e+01
-4.24239e+01 -8.33894e+00 3.25590e+01
-3.21846e+01 3.37814e+00 3.30371e+01
-5.26314e+01 2.65234e+01 3.23526e+01
-6.94212e+01 2.82192e+01 3.43172e+01
-8.41531e+01 1.96673e+01 3.36088e+01
-9.36750e+01 6.02603e+00 3.37631e+01
-9.07582e+01 -9.20993e+00 3.07783e+01
-7.92943e+01 -2.00798e+01 2.84376e+01
-4.20349e+01 -1.94477e+01 2.80501e+01
-2.29221e+01 -9.62005e+00 2.73955e+01
-1.32625e+01 3.49837e-01 2.91236e+01
-1.60015e+01 1.13780e+01 2.83740e+01
-2.31911e+01 1.94688e+01 2.45398e+01
-6.06942e+01 3.49437e+01 2.55416e+01
-8.27066e+01 3.06037e+01 2.61100e+01
-1.01897e+02 1.73290e+01 2.98130e+01
-1.08322e+02 6.32131e-01 3.04367e+01
-1.05350e+02 -1.07176e+01 2.85737e+01
-9.26748e+01 -2.20057e+01 2.39513e+01
-7.13302e+01 -2.89949e+01 2.10277e+01
-4.79919e+01 -3.59798e+01 2.20713e+01
-2.81618e+01 -2.12229e+01 2.28192e+01
-1.01819e+01 2.38633e+01 2.16888e+01
-2.17324e+01 3.02824e+01 1.88060e+01
-3.62284e+01 3.27343e+01 2.18639e+01
-5.14296e+01 3.65428e+01 1.52732e+01
-7.45455e+01 3.65959e+01 1.07135e+01
-1.15861e+02 1.94381e+01 2.14311e+01
-1.23132e+02 7.85123e+00 2.51361e+01
-1.22448e+02 -5.89006e+00 2.16646e+01
-1.11136e+02 -2.41957e+01 2.29182e+01
-8.73562e+01 -3.61536e+01 1.26949e+01
-6.34529e+01 -4.02094e+01 1.24515e+01
-3.40957e+01 -3.45288e+01 1.78494e+01
-2.18458e+01 -2.83719e+01 1.75220e+01
-1.02743e+01 -2.21030e+01 1.99145e+01
1.46583e+00 -1.60340e+01 2.44224e+01
-1.25813e+01 3.44023e+01 1.12113e+01
-2.62563e+01 3.86794e+01 9.82667e+00
-3.89596e+01 3.85200e+01 7.97581e+00
-5.66558e+01 3.64648e+01 6.34066e+00
-9.96080e+01 3.21191e+01 1.27819e+01
-1.14114e+02 2.74667e+01 8.25969e+00
-1.27708e+02 2.05624e+01 1.04497e+01
-1.35341e+02 6.92880e+00 7.70436e+00
-1.35169e+02 -5.26674e+00 6.96389e+00
-1.26333e+02 -1.51114e+01 6.19561e+00
-1.14161e+02 -2.56994e+01 7.96503e+00
-1.01206e+02 -3.56529e+01 9.37251e+00
-7.37165e+01 -4.14614e+01 3.79018e+00
-5.02927e+01 -4.57751e+01 4.64136e+00
-3.96002e+01 -4.38518e+01 1.01959e+01
-2.65109e+01 -3.84397e+01 1.00321e+01
-1.27320e+01 -3.19163e+01 1.01343e+01
-8.31134e+00 3.45416e+01 1.91960e-01
-2.26258e+01 3.92023e+01 3.23119e-02
-3.56993e+01 3.86244e+01 -1.15696e-01
-4.77773e+01 3.73368e+01 -2.52778e-01
-6.53453e+01 3.73584e+01 -4.51306e-01
-8.57034e+01 3.96352e+01 3.70022e+00
-9.72604e+01 3.80577e+01 -8.11665e-01
-1.11085e+02 3.11714e+01 -9.71029e-01
-1.25441e+02 2.29506e+01 -1.13701e+00
-1.36242e+02 7.95234e+00 -1.26591e+00
-1.38032e+02 7.36071e-01 -1.28943e+00
-1.36388e+02 -6.77728e+00 -1.27427e+00
-1.24619e+02 -1.80340e+01 -1.14638e+00
-1.10805e+02 -2.76796e+01 -9.94659e-01
-9.78155e+01 -3.87749e+01 -8.52920e-01
-8.46478e+01 -4.21601e+01 -7.05651e-01
-6.04453e+01 -4.43984e+01 -4.33154e-01
-2.28550e+01 -3.83666e+01 -5.59516e-03
-8.48664e+00 -3.19453e+01 1.59708e-01
-1.23198e+01 3.32865e+01 -1.02577e+01
-2.59269e+01 3.53548e+01 -8.38555e+00
-3.85995e+01 3.51641e+01 -7.05143e+00
-5.63934e+01 3.51218e+01 -6.60551e+00
-8.06682e+01 3.72144e+01 -1.05430e+01
-1.00357e+02 3.46555e+01 -1.01186e+01
-1.14083e+02 2.82454e+01 -1.07380e+01
-1.26873e+02 1.88786e+01 -1.09934e+01
-1.34529e+02 6.24747e+00 -7.85366e+00
-1.34947e+02 -5.21857e+00 -9.34083e+00
-1.27521e+02 -1.90269e+01 -1.26613e+01
-1.14037e+02 -2.60240e+01 -1.02285e+01
-1.00760e+02 -3.44841e+01 -1.06343e+01
-8.76778e+01 -3.93453e+01 -1.02310e+01
-6.97312e+01 -4.57932e+01 -1.35633e+01
-5.12901e+01 -4.08923e+01 -8.85518e+00
-3.78588e+01 -4.46715e+01 -5.41597e+00
-2.62435e+01 -3.73901e+01 -9.66753e+00
-1.24602e+01 -2.90766e+01 -8.23650e+00
2.04783e+00 1.51443e+01 -1.97712e+01
-9.69507e+00 2.35986e+01 -2.08866e+01
-2.12760e+01 2.90383e+01 -1.73473e+01
-5.07887e+01 3.27922e+01 -1.31902e+01
-9.89349e+01 3.29984e+01 -2.24647e+01
-1.15672e+02 2.03178e+01 -2.51283e+01
-1.22113e+02 7.47396e+00 -2.50670e+01
-1.22186e+02 -6.10386e+00 -2.52513e+01
-1.10768e+02 -2.47541e+01 -2.57629e+01
-8.71848e+01 -3.76659e+01 -2.16216e+01
-4.70627e+01 -3.06595e+01 -1.75726e+01
-3.35066e+01 -3.10247e+01 -1.51375e+01
-2.14768e+01 -2.92033e+01 -1.84240e+01
-9.83277e+00 -2.27880e+01 -2.07735e+01
-1.26054e+01 3.75972e-01 -2.83290e+01
-1.53685e+01 1.16223e+01 -2.91458e+01
-2.26215e+01 1.90933e+01 -2.36015e+01
-3.57221e+01 3.25806e+01 -2.19145e+01
-5.98888e+01 3.29122e+01 -2.39814e+01
-8.18565e+01 2.92212e+01 -2.55034e+01
-1.01202e+02 1.73529e+01 -3.15408e+01
-1.07604e+02 6.60653e-01 -3.22725e+01
-1.05252e+02 -1.16699e+01 -3.44075e+01
-9.27827e+01 -2.46855e+01 -3.02631e+01
-7.14034e+01 -3.29480e+01 -2.68396e+01
-2.76724e+01 -2.17186e+01 -2.38969e+01
-1.54302e+01 -1.07015e+01 -2.84831e+01
-2.78312e+01 -4.42892e+00 -3.01297e+01
-3.90989e+01 1.25958e+01 -2.87667e+01
-5.61356e+01 2.37062e+01 -3.69789e+01
-6.84437e+01 2.70748e+01 -3.31416e+01
-8.32425e+01 1.92146e+01 -3.36430e+01
-9.26195e+01 5.80164e+00 -3.28646e+01
-9.01631e+01 -9.39097e+00 -3.33551e+01
-7.85273e+01 -1.95767e+01 -2.86398e+01
-6.24714e+01 -2.24415e+01 -2.58248e+01
-4.11730e+01 -1.72899e+01 -2.34559e+01
-7.46131e+01 1.39733e+01 -3.98634e+01
-7.39384e+01 -1.07957e+01 -3.09875e+01
-4.27236e+01 -3.63773e+00 -2.99241e+01
-7.58907e+01 5.68706e-01 -3.72720e+01
-5.71349e+01 -1.04742e+01 -3.01443e+01
-5.99902e+01 4.42282e+00 -3.72465e+01
2.67070e+00 7.66266e+00 2.72915e+01
-3.42065e+01 1.80562e+01 2.74505e+01
8.57888e+01 1.63114e+01 2.81328e+01
-4.24080e+01 1.49508e+01 3.26948e+01
-6.57285e+01 3.50033e+01 -1.18666e+01
8.06209e-01 -4.96046e+00 2.78492e+01
1.41102e+00 -4.78643e+00 -2.63520e+01
5.32629e+01 3.67822e+01 1.34243e+01
7.78464e+01 1.31674e+01 3.21064e+01
4.93157e+01 3.11921e+01 -2.33276e+01
5.75213e+01 4.21547e+01 -1.65189e+01
-9.92462e+01 -3.01746e+01 1.78065e+01
-5.83969e+01 -3.82263e+01 -1.55680e+01
-9.89763e+01 -3.12100e+01 -2.36923e+01
-4.59289e+01 2.81434e+01 -2.94467e+01
1.48216e+01 -1.89404e+01 -2.33540e+01
3.25973e+01 3.25733e+01 -1.04945e+01
-9.38439e-03 3.36623e-01 -2.45283e+01
1.42691e+01 -1.90309e+01 2.45313e+01
-5.92330e+01 -3.18037e+01 -2.22061e+01
6.23154e+01 -4.24358e+01 -1.79969e+01
-4.40006e+01 8.30891e+00 3.52369e+01
-8.70767e+01 3.43575e+01 1.17477e+01
-1.29150e+02 1.29224e+00 1.60500e+01
-5.66071e-01 3.12186e-01 2.88409e+01
-1.07282e+01 -1.28270e+01 2.59089e+01
6.12442e+01 -3.60346e+01 -2.44337e+01
7.63615e+01 7.51264e+00 3.52517e+01
-7.02785e+01 3.50633e+01 -1.72622e+01
1.27471e+02 -6.29714e+00 -1.30574e+01
4.90197e+01 3.52031e+01 1.70521e+01
7.33322e+01 3.87633e+01 -2.85104e+01
-4.84613e+01 3.38390e+01 2.37027e+01
8.67605e+01 2.73289e+01 -3.09173e+01
-3.80768e+01 -2.86014e+01 2.24452e+01
4.45205e+01 -3.78048e+01 1.34851e+01
-6.85308e+01 3.61681e+01 -8.57426e+00
6.02445e+01 -3.21825e+01 2.22765e+01
-4.39694e+01 9.27083e-01 3.54381e+01
-5.96610e+01 -3.24874e+01 2.15495e+01
-1.18735e+02 -1.96535e+01 1.45569e+01
8.31609e+01 -3.24295e+01 -2.63400e+01
-4.78055e+01 3.27464e+01 -2.29480e+01
1.10909e+01 2.16465e+01 -1.49718e+01
-7.54046e+01 -3.81815e+01 1.25732e+01
1.13119e+01 2.36841e+01 2.28883e+01
5.29921e+01 3.76013e+01 -1.99505e+01
7.13928e+01 2.99137e+01 2.10721e+01
7.63555e+01 6.82380e-01 3.58798e+01
-1.11657e+02 1.24134e+01 -2.83039e+01
5.05064e+01 3.91867e+01 1.02471e+01
-4.95446e+01 8.50932e+00 -3.30066e+01
-1.28530e+02 1.12770e+00 -1.72039e+01
4.15936e+01 -3.91151e+01 -9.05981e+00
3.83608e+01 -2.75529e+01 -2.45183e+01
1.13554e+02 -5.82461e+00 -2.34024e+01
-2.72337e+01 1.21090e+01 -2.89563e+01
-1.12514e+02 1.25901e+01 2.74746e+01
-9.23018e+01 2.39663e+01 2.79615e+01
-6.29875e+01 3.65693e+01 1.29933e+01
-9.15292e+01 2.32870e+01 -2.85221e+01
4.21754e+01 -3.81471e+01 -1.31026e+01
-8.20930e+01 -2.88168e+01 -2.85513e+01
8.18651e+01 -2.85718e+01 2.38227e+01
6.52336e+01 -3.12884e+01 -2.46465e+01
7.85506e+01 2.20348e+01 -3.51008e+01
1.07943e+02 -1.17595e+01 2.77349e+01
-6.65128e+01 -4.95273e+00 -3.37081e+01
9.84967e+01 2.40540e+00 -2.95746e+01
-5.85635e+00 8.82602e+00 2.76518e+01
-1.00752e+02 2.47241e+01 2.12975e+01
-8.20025e+01 -2.55003e+01 2.24895e+01
3.76506e+01 -2.58250e+01 2.36552e+01
-5.89833e+00 -7.84208e+00 2.67730e+01
-5.27877e+00 7.76015e+00 -2.40501e+01
-7.17004e+01 3.27737e+01 2.58258e+01
8.26065e+01 5.39892e+00 -3.45329e+01
2.80385e+01 2.08345e+01 2.40135e+01
-1.07734e+02 2.57786e+01 1.71065e+01
-5.30535e+00 -7.57126e+00 -2.54341e+01
-7.08727e+01 3.10667e+01 -2.47424e+01
9.15877e+01 2.98864e+01 -2.69715e+01
-3.73676e+01 -2.61890e+01 -2.07348e+01
-6.54549e+01 -6.74295e+00 3.62978e+01
-8.98016e+01 3.51064e+01 -1.65038e+01
4.84161e+01 2.85113e+01 2.22928e+01
8.87931e+01 -4.49375e+01 -2.83775e+00
6.78466e+01 -2.19661e+01 -2.72348e+01
-5.18222e+01 -1.98657e+01 -2.46404e+01
-1.19144e+02 -2.18905e+01 -1.92121e+01
5.48261e+01 -6.62526e+00 3.40761e+01
-4.76173e+01 1.81510e+01 -3.28728e+01
4.32122e+01 -4.15954e+01 -5.67157e+00
-1.16477e+02 -1.54290e+01 -2.55071e+01
2.83305e+01 1.86006e+01 -1.80259e+01
1.27410e+02 -6.80836e+00 2.03578e+01
1.27450e+02 6.67934e+00 2.03648e+01
8.57458e+01 -1.30718e+01 -3.23577e+01
2.98772e+01 3.50716e+01 1.58414e+01
-9.11573e+01 3.13614e+01 1.94460e+01
2.12619e+01 -4.46266e+00 -2.50183e+01
-1.16792e+02 -1.50429e+01 2.22914e+01
-5.38001e+01 -2.82862e+01 2.68662e+01
-3.24785e+01 -1.45339e+01 2.77228e+01
5.33412e+01 -5.34651e+00 -3.06522e+01
9.03153e+01 4.93680e+00 -3.47185e+01
-3.74105e+01 2.25882e+01 -2.53406e+01
8.73092e+01 -1.49354e+01 2.96604e+01
-1.29236e+02 7.39001e+00 1.64202e+01
-1.28321e+02 6.86072e+00 -1.64603e+01
7.75310e+01 3.40277e+01 -3.21200e+01
9.28786e+01 -1.54980e+01 -3.21096e+01
7.17828e+01 -4.14988e+01 -1.37535e+01
-1.07304e+02 2.66581e+01 -2.37965e+01
-5.10161e+01 -1.44658e+01 3.21100e+01
-6.53744e+01 1.88398e+01 -3.84211e+01
-8.36163e+01 9.88749e+00 -3.63640e+01
-7.55244e+01 3.84968e+01 1.62446e+00
-7.84580e+01 -4.17295e+01 -1.75925e+01
-4.34190e+01 2.22898e+01 2.99015e+01
6.06830e+01 -4.46090e+01 -7.75066e+00
2.36573e+01 -3.03404e+01 1.59875e+01
6.63488e+01 -2.71324e+01 2.57606e+01
6.05551e+01 2.62619e+01 -3.13407e+01
-4.24608e+01 -3.76655e+01 -1.14943e+01
1.30907e+02 1.63237e+01 1.75699e+00
3.04602e+01 3.75770e+01 6.31182e+00
7.73656e+01 -3.90642e+01 1.39877e+01
9.22546e+01 1.10147e+01 3.08533e+01
4.38040e+01 3.91255e+01 -1.18388e+00
6.89832e+01 -1.41066e+01 3.17516e+01
-1.05764e+02 -2.96191e+01 -1.81986e+01
2.88221e+01 3.74918e+01 1.10352e+01
-6.26188e+01 2.07295e+01 3.58769e+01
-3.34650e+01 4.08345e+00 -2.94482e+01
-4.44299e+01 2.96289e+01 2.71082e+01
-1.28567e+02 -5.66121e+00 -1.72961e+01
-5.13569e+01 3.92545e-01 -3.35853e+01
-5.76813e+01 -1.10583e+01 3.47500e+01
-6.76198e+01 3.57698e+01 1.81275e+01
-2.15998e+01 3.59668e+00 -2.96378e+01
-1.06171e+02 -2.99243e+01 1.61454e+01
-2.76879e+01 1.14235e+01 2.87885e+01
3.30037e+00 2.48021e+01 1.96091e+01
5.41648e+01 4.12739e+01 -9.78668e+00
-3.26730e+01 -8.97950e+00 2.99773e+01
3.59240e+01 8.52879e+00 3.11782e+01
-9.88835e+01 -4.36516e+00 -3.28138e+01
-3.21849e+01 -4.15556e+01 2.30808e+00
9.02624e+01 4.12059e+01 -1.91396e+01
-9.95403e+01 -4.28890e+00 3.06075e+01
-4.91423e+01 -4.08775e+01 1.33563e+01
-6.66032e+00 1.33833e+01 -2.44585e+01
7.60281e+01 -3.00033e+01 -2.65881e+01
-1.13719e+02 -8.88690e+00 -2.98294e+01
-8.44698e+01 9.72462e+00 3.51289e+01
-7.71895e+01 -4.39766e+01 -7.13450e+00
9.59615e+01 1.28046e+01 -2.87541e+01
-1.25420e+02 1.42068e+01 1.77929e+01
-6.94513e+01 -2.03362e+01 3.00493e+01
5.04990e+01 -1.96010e+01 2.88528e+01
8.38185e+01 4.31335e+01 -1.89622e+01
-9.05128e+01 3.59349e+01 -1.03308e+01
1.29700e+02 -7.14032e-02 2.03848e+01
8.72319e+01 -9.52744e+00 3.22193e+01
9.74712e+01 1.55812e+00 3.32730e+01
-1.06509e+02 3.06219e+01 -1.66013e+01
1.03198e+02 -1.63889e+01 2.59233e+01
-3.45021e+01 -1.08594e+01 -2.67928e+01
-5.80629e+01 1.40645e+01 -3.71127e+01
-6.05106e+01 -4.33428e+01 -1.12093e+01
6.87226e+01 -3.85363e-01 -3.33704e+01
-2.37878e+00 -2.46948e+01 -1.47184e+01
3.63983e+01 7.90293e+00 -2.60938e+01
-2.27236e+01 1.86399e+00 3.10804e+01
7.66653e+01 1.97609e+01 2.81031e+01
2.89209e+01 2.61641e+01 -1.38716e+01
-6.55405e+01 1.33314e+01 3.69656e+01
-1.28809e+02 -5.57840e+00 1.43142e+01
-2.56548e+00 2.80826e+01 1.73636e+01
-7.93432e+01 -3.25742e+01 1.68613e+01
2.06773e+01 -4.33841e+00 2.87393e+01
1.30280e+02 -1.46185e+01 1.73581e+00
5.48821e+01 1.19469e+01 3.37947e+01
-7.87045e+01 -4.25692e+01 -1.18972e+01
-5.47671e+01 -2.65505e+01 -2.16987e+01
-1.65982e+01 -1.58615e+01 2.36550e+01
4.11042e+01 -3.17460e+01 -1.95394e+01
2.41664e+01 -2.73086e+01 -1.49825e+01
-8.89643e+01 3.76360e+01 -5.67734e+00
-2.20104e+00 2.68425e+01 -1.58055e+01
-1.31975e+02 1.42574e+01 4.59190e+00
4.03442e+01 -3.23850e+01 1.79411e+01
1.26280e+02 1.87261e+01 -8.03913e+00
6.24989e+01 -1.06408e+01 3.26295e+01
3.16510e+00 -2.30249e+01 1.81014e+01
3.57285e+01 2.50815e+00 -2.86304e+01
-1.13899e+02 -8.30381e+00 2.51192e+01
-6.71778e+00 -1.31100e+01 -2.55111e+01
1.01856e+02 -2.53669e+01 -2.54916e+01
5.78571e+01 1.77017e+01 3.09867e+01
7.05218e+01 -1.57913e+01 -2.91494e+01
9.60496e+01 7.00789e+00 3.26294e+01
-1.31954e+02 -1.29021e+01 -6.96779e+00
-2.70497e+00 -2.60595e+01 1.58474e+01
-2.91718e+01 2.58370e+01 -2.27580e+01
-9.00155e+01 -2.90796e+01 1.83231e+01
7.54843e+01 2.63545e+01 2.40999e+01
6.75275e+01 8.57815e+00 -3.45742e+01
-1.24854e+02 -1.25654e+01 -1.89563e+01
-2.97098e+01 2.61016e+01 2.32018e+01
4.62016e+01 4.06394e+01 6.49111e+00
1.12872e+02 -6.58174e+00 2.76512e+01
1.12909e+02 6.52943e+00 2.76505e+01
-1.24493e+02 1.31763e+01 -1.80302e+01
7.25826e+01 4.62475e+01 -9.37231e+00
-9.59549e+01 2.80427e+01 2.03717e+01
-5.57224e+01 -3.80946e+01 1.72614e+01
-1.63020e+00 3.34218e+01 6.61514e+00
-7.22585e+00 1.43401e+01 2.72769e+01
-2.40931e+01 7.37807e+00 3.07056e+01
-1.01906e+02 -2.31007e+01 2.34347e+01
1.13036e+02 5.90089e+00 -2.22982e+01
-4.91540e+01 -1.38820e+01 -2.68001e+01
1.26491e+02 5.37804e+00 -1.13837e+01
7.78615e+01 4.33167e+01 -2.50788e+01
-4.50134e+01 -2.77137e+01 2.50607e+01
6.44209e+01 -3.76023e+01 1.78205e+01
-7.05673e+01 -3.93706e+01 -2.02015e+01
1.00465e+02 -2.24074e+01 2.35175e+01
-1.01775e+02 -2.47198e+01 -2.80130e+01
-9.90172e+01 -1.81777e+01 -3.23353e+01
-1.30841e+02 1.54514e+01 -1.20146e+00
9.89583e+01 -1.85762e+01 -2.89791e+01
-3.08602e+01 1.58446e+01 -2.61841e+01
-7.86260e+01 3.35998e+01 1.84117e+01
1.25065e+02 -1.19161e+01 -1.29107e+01
-1.24391e+02 -1.05007e+01 1.39301e+01
-6.56006e+01 3.65303e+01 8.52707e+00
-2.77518e+01 -1.30737e+01 -2.70133e+01
-7.30068e+01 3.72864e+01 -5.49716e+00
-7.17238e+01 -4.36273e+01 -4.88658e+00
7.80408e+01 2.80313e+01 -3.36104e+01
-9.30250e+01 1.84982e+01 3.17109e+01
5.01444e+01 -3.91448e+01 -1.84309e+01
4.41887e+01 1.93663e+01 -2.39227e+01
7.62378e+01 4.42531e+00 -3.63715e+01
4.87380e+01 -4.45760e+01 -3.27375e+00
7.31721e+00 7.72080e+00 -2.02494e+01
-9.26557e+01 3.58772e+01 8.24109e+00
-1.00068e+02 2.51757e+01 -2.70027e+01
2.97659e+01 -2.85879e+01 1.89260e+01
1.16666e+02 3.12568e+01 7.94217e+00
-9.22222e+01 1.82837e+01 -3.25919e+01
1.16774e+02 3.11425e+01 -4.64354e+00
-1.92181e+01 -2.16630e+01 2.13668e+01
-1.87526e+01 -2.22533e+01 -2.23352e+01
-1.21272e+02 1.95982e+01 -1.80608e+01
-8.42551e+01 3.18517e+00 -3.50683e+01
-6.73819e+01 -1.62773e+01 3.32088e+01
3.53494e+00 -2.10600e+01 -1.56012e+01
-1.50917e+00 3.23140e+01 -5.26621e+00
2.74444e+01 1.59138e+01 2.68688e+01
-6.49002e+01 -3.55872e+01 -2.12038e+01
7.12029e+01 3.67739e+01 8.38241e+00
2.77707e+01 1.39820e+01 -1.99742e+01
-5.08216e+01 -2.00201e+01 2.98556e+01
3.93600e+01 -3.93770e+01 9.32922e+00
-1.05346e+02 3.16452e+01 5.90546e+00
-6.54693e+01 -2.47938e+01 2.63444e+01
-3.51343e+00 3.16864e+01 -1.04911e+01
-1.05110e+02 8.98058e+00 3.01249e+01
-1.04403e+02 9.00677e+00 -3.19066e+01
-4.78077e+01 3.74924e+01 7.15824e+00
-1.15385e+02 -2.62896e+00 2.60507e+01
-3.76518e+00 3.33521e+01 1.21248e+01
-8.30269e+01 -4.41113e+00 -3.53136e+01
1.00086e+02 -2.72211e+00 -3.11119e+01
-1.81114e+00 -3.09806e+01 5.97001e+00
1.28968e+02 -5.34545e-02 -1.18664e+01
-4.74965e+01 3.51429e+01 -6.82847e+00
5.56943e+01 -3.75897e+01 -2.14323e+01
6.26144e+01 4.13912e+01 9.96621e-01
2.70095e+01 3.25991e+01 -6.71809e+00
-3.93381e+00 -3.09661e+01 1.09573e+01
-7.18922e+01 -3.75656e+00 3.57305e+01
3.67042e+00 2.26153e+01 -1.52478e+01
-9.03957e+01 3.11098e+01 -2.39840e+01
-9.39725e+01 -3.60750e+01 -1.61280e+01
-3.69248e+00 -2.78391e+01 -8.44990e+00
5.15054e+01 -1.76108e+01 -2.92627e+01
7.19374e+01 -2.59847e+01 -2.69114e+01
-6.73017e+01 9.19807e+00 -3.85549e+01
-5.29589e+00 4.00625e+00 2.82076e+01
1.06373e+01 1.13191e+01 2.63754e+01
1.28979e+02 1.94196e+01 7.40440e+00
-9.90125e+01 -1.63616e+01 2.62625e+01
8.98926e+01 2.42018e+01 2.28468e+01
-1.14859e+02 4.06731e+00 -2.86698e+01
1.24819e+02 1.12849e+01 -1.15760e+01
-5.65613e+01 3.73476e+01 -3.52042e-01
7.49718e+01 -2.71250e+01 2.53146e+01
1.20243e+02 1.99807e+01 1.96140e+01
5.27648e+01 -1.55065e+01 3.10853e+01
-1.14895e+02 -2.72160e+00 -2.87619e+01
1.25428e+02 -1.33587e+01 1.89925e+01
1.25506e+02 1.32402e+01 1.89989e+01
7.73264e+01 -4.16545e+01 -1.65364e+01
1.30625e+01 3.11840e+01 1.63175e+01
2.15379e+01 -1.61555e+01 -2.42719e+01
-4.32554e+01 3.26864e+01 -1.75524e+01
6.99177e+01 -7.71988e+00 -3.21450e+01
3.71086e+01 -4.50702e+00 -3.07456e+01
1.18924e+02 3.05225e+01 1.62803e+00
1.14709e+02 -6.00789e-03 -2.21058e+01
-1.31557e+02 1.34155e+01 -6.12963e+00
9.00325e+01 -3.26826e+01 -2.46767e+01
8.16053e+00 -2.07834e+01 2.15928e+01
9.31384e+01 8.87072e+00 -3.17363e+01
-9.25858e+01 -3.74643e+01 5.92098e+00
-3.56827e+01 -3.78481e+01 -1.02767e+01
5.43333e+01 -2.45721e+01 2.61545e+01
-1.15727e+02 4.24168e+00 2.77864e+01
1.95436e+01 2.05852e+01 -1.43267e+01
1.01423e+02 -4.06554e+01 -1.08388e+01
-7.92941e+01 -3.53070e+01 -2.42306e+01
5.63563e+01 3.09975e+01 -2.77311e+01
6.90606e+01 -1.95146e+01 2.91926e+01
7.80370e+01 -1.26097e+01 -3.21721e+01
1.00768e+01 1.61388e+01 2.58196e+01
-1.20665e+02 -1.39972e+01 -2.22317e+01
3.57133e+01 -1.54861e+01 -3.03718e+01
-3.03569e+01 -4.15191e+01 -2.71078e+00
1.26722e+02 2.01539e+01 1.37185e+01
-6.82049e+01 -1.66186e+01 -2.84062e+01
-8.05363e+01 -3.88075e+01 8.24253e+00
-2.15513e+01 -1.62100e+01 -2.61900e+01
1.05005e+01 1.40830e+01 -1.91261e+01
-1.04310e+02 -3.32273e+01 -9.23789e-01
7.59391e+01 4.71284e+01 -1.61046e+01
1.18054e+02 -2.76245e+01 1.59173e+00
2.09737e+01 -1.61493e+01 2.56074e+01
-7.67871e+01 2.39433e+01 3.39630e+01
3.80768e+01 3.33854e+01 1.73269e+01
-1.70572e+00 -2.92734e+01 -4.25180e+00
-5.28401e+01 1.61078e+01 -3.49927e+01
8.59611e+00 -1.96937e+01 -1.91465e+01
9.25429e+01 -3.61962e+00 3.33567e+01
2.92736e+01 2.83798e+01 2.10822e+01
-8.12624e+01 3.32178e+01 -1.80232e+01
-4.38290e+01 3.46386e+01 1.85685e+01
-4.25139e+01 2.03696e+01 -2.91067e+01
-6.10263e+01 2.73713e+01 3.33349e+01
5.41806e+01 -1.14360e+01 -3.11773e+01
7.56360e+01 3.14928e+01 1.74444e+01
1.12057e+02 -1.20683e+01 -2.45934e+01
1.28429e+02 1.81060e+01 -1.76755e+00
-3.08245e+01 3.39677e+01 -1.51500e+01
-2.75534e+01 -3.12096e+00 3.02163e+01
1.19665e+02 -1.83827e+01 1.83106e+01
4.83690e+01 -3.80966e+00 3.37091e+01
-1.17712e+02 -2.28568e+01 -1.07052e+00
1.14258e+02 -2.95223e+01 -9.43303e+00
-6.55367e+01 -1.06349e+01 -3.05659e+01
1.02025e+02 -3.59483e+01 6.06228e+00
4.92707e+01 -2.25004e+01 -2.83640e+01
-7.58431e+01 2.31447e+01 -3.33923e+01
2.59531e+01 -2.94870e+01 -1.00808e+01
1.25906e+02 -1.77689e+01 -7.43460e+00
-5.85626e+01 -3.02567e+00 -3.36954e+01
1.20213e+02 1.92247e+01 -1.43747e+01
-3.12424e+01 3.57069e+01 1.58453e+01
3.79480e+01 -1.05965e+01 -3.12706e+01
5.28160e+01 7.38279e+00 -2.93411e+01
1.40744e+01 3.04492e+01 -4.89836e+00
1.15796e+02 -2.47118e+01 -1.56299e+01
1.15012e+02 3.16949e+01 -1.08311e+01
1.02870e+02 3.82117e+01 -4.71779e+00
6.76132e+01 1.53102e+01 -3.43151e+01
-4.09112e+01 4.47905e+00 -2.93454e+01
-8.89140e+01 1.28467e+01 3.36860e+01
-1.08010e+02 -1.82120e+01 -3.00852e+01
4.47485e+01 2.39849e+01 -2.19743e+01
2.72224e+01 -3.40593e+01 6.85774e+00
-2.75324e+01 3.84006e+00 -2.95430e+01
-8.99838e+01 -3.11757e+01 -2.59423e+01
-7.04994e+01 -2.10091e+01 -2.72323e+01
-1.18263e+02 2.70610e+01 -1.05402e+00
1.02567e+02 -3.79901e+01 -4.27859e+00
-4.37960e+01 -3.99158e+01 1.61336e+01
6.62329e+01 -4.30539e+01 -1.07521e+01
-1.14878e+02 2.42816e+01 -1.79331e+01
1.15893e+02 -2.83180e+01 -3.72344e+00
3.71581e+01 -1.02211e+01 3.07262e+01
-8.20507e+01 -1.00933e+01 -3.21713e+01
7.21819e+01 2.10612e+01 -3.69394e+01
1.15689e+02 -2.80114e+01 6.61763e+00
-1.48240e-01 3.36457e+01 2.83804e-01
-1.08879e+02 1.83836e+01 2.56220e+01
5.93419e+01 2.33565e+01 2.78413e+01
-1.07684e+02 -3.06762e+01 8.66877e+00
-8.79310e+01 1.25081e+01 -3.32538e+01
1.98390e+01 2.25207e+01 2.25280e+01
3.62827e+01 3.85634e+01 4.41118e+00
-5.80122e+01 2.83092e+01 -3.04801e+01
1.14853e+02 -3.14328e-02 2.90164e+01
-6.79404e+01 2.49576e+00 -3.72592e+01
1.53671e+01 7.62500e+00 2.70088e+01
9.72546e+01 -4.04548e+01 -1.68437e+01
-8.29568e+01 -1.05859e+01 3.27674e+01
1.07908e+02 -1.84097e+01 -2.57905e+01
5.24053e+01 -3.50419e+01 1.82143e+01
5.29016e+01 1.41148e+01 -2.90820e+01
-3.36636e-01 -3.15802e+01 2.51978e-01
4.37134e+01 2.01773e+01 2.79437e+01
-1.30503e+02 -1.24056e+01 -1.21032e+00
-5.68728e+01 -4.29922e+01 8.54640e+00
4.13843e+01 3.05887e+01 -1.41937e+01
-1.20247e+02 -2.04054e+01 7.08032e+00
-1.06005e+02 -3.16663e+01 4.18893e+00
1.28507e+02 -1.81991e+01 7.38151e+00
-1.21784e+02 2.00003e+01 1.59404e+01
-1.76576e+01 -3.37216e+01 -4.12104e+00
-8.43452e+01 -1.44839e+01 -3.09975e+01
-6.73916e+01 -3.46021e+01 1.67396e+01
1.04201e+02 -3.67858e+01 1.43101e+00
-1.93518e+01 -3.32333e+01 -8.95201e+00
-6.50882e+01 -4.50958e+01 -6.99825e+00
5.21462e+01 1.98801e+00 -3.18776e+01
1.09427e+02 3.02735e+01 -1.55540e+01
1.19945e+02 -1.83704e+01 -1.44328e+01
7.67011e+01 4.42630e+01 -4.44538e+00
-1.08437e+02 1.88354e+01 -2.83345e+01
-1.19328e+02 -2.20290e+01 -5.68744e+00
-2.02183e+01 -2.02647e+00 -2.92293e+01
-7.23429e+01 2.08212e+01 3.54059e+01
8.93396e+01 4.19557e+01 -4.55296e+00
8.28398e+01 -2.78346e+00 3.50019e+01
-4.40758e+01 -4.52233e+01 -3.87306e-01
-1.31234e+02 -1.21227e+01 -1.10011e+01
-1.08306e+02 2.20811e+01 2.13643e+01
1.09268e+02 -3.00109e+01 -1.61062e+01
-8.50262e+01 -1.46448e+01 2.96080e+01
-7.15284e+01 2.05241e+01 -3.65025e+01
-1.00999e+02 3.32908e+00 3.20999e+01
-4.99293e+01 -7.05595e+00 -3.00342e+01
1.02254e+02 3.59166e+01 6.45030e+00
-1.20592e+02 -1.27718e+01 1.81108e+01
-1.12402e+02 -2.53891e+01 -1.79957e+01
9.26615e+01 3.68726e+01 -2.48738e+01
-1.06861e+02 2.97929e+01 1.05208e+01
1.98818e+01 2.55251e+00 -2.29031e+01
-4.90890e+01 -4.93146e+00 3.51990e+01
-1.31525e+02 1.37456e+01 9.07704e+00
8.40684e+01 -3.84040e+01 1.20508e+01
-1.20478e+02 2.35620e+01 -1.08657e+01
-1.00112e+02 3.23115e+00 -3.25685e+01
-1.19390e+02 -2.18667e+01 3.40932e+00
-7.31229e+01 3.46848e+01 1.82696e+01
-3.31956e+01 1.07172e+01 3.02438e+01
-3.52175e+01 2.53953e+01 2.46572e+01
8.99374e+01 -4.22722e+01 3.72247e+00
-9.14729e+01 -1.70382e+01 -3.18091e+01
1.11488e+02 1.19792e+01 2.70070e+01
-9.22166e+01 -1.59195e+00 3.22707e+01
-7.60639e+01 2.94114e+01 3.02136e+01
-1.19762e+02 2.55980e+01 -5.93749e+00
-1.76036e+01 3.68023e+01 5.62181e+00
1.11447e+02 1.10284e+01 -2.07609e+01
-4.41179e+01 -2.39747e+01 -2.05143e+01
-1.07399e+02 -3.02540e+01 -1.04314e+01
-1.56708e+01 -3.51559e+01 7.70562e-02
-6.25316e+01 -1.36678e+01 3.39794e+01
-5.29088e+01 3.05278e+01 -2.67141e+01
-3.87295e+01 -4.42617e+01 2.38997e+00
7.18827e+01 6.50173e+00 -3.54729e+01
-1.08243e+02 -1.74566e+01 2.57460e+01
-1.74728e+01 3.62444e+01 -5.11271e+00
-1.77935e+01 -3.51415e+01 5.06438e+00
1.01922e+00 7.74047e+00 -2.21498e+01
3.45689e+01 -2.20559e+01 -2.78018e+01
3.48924e+01 -1.43157e+01 2.84937e+01
7.63109e+01 -4.35288e+01 1.29274e+00
-1.25318e+01 1.76104e+01 -2.50162e+01
-5.96347e+01 -2.65400e+01 2.66053e+01
8.69698e+01 9.71790e+00 3.21360e+01
8.46077e+01 2.29050e+01 2.41295e+01
6.47524e+01 2.29826e+01 -3.36792e+01
-7.51501e+01 2.81480e+01 -2.93225e+01
5.55400e+01 -4.60614e+01 -5.53428e+00
-3.73042e+01 -2.48040e+00 3.27981e+01
-2.84991e+01 3.08095e+01 -1.96309e+01
-6.22227e+01 8.84424e+00 3.70705e+01
-4.98774e+01 3.39247e+00 3.65379e+01
1.14289e+02 2.95140e+01 1.29227e+01
-1.14987e+02 2.34524e+01 1.48454e+01
1.13512e+02 -2.71739e+01 1.12489e+01
-1.05782e+02 -3.10818e+01 -5.81447e+00
-8.48917e+01 3.24806e+01 1.89289e+01
8.51417e+01 -5.00032e+00 -3.53534e+01
-3.72963e+01 9.16445e+00 3.28660e+01
-4.75197e+01 2.07371e+01 3.25237e+01
-1.04172e+02 3.46145e+01 -8.91347e-01
-6.26823e+01 1.16313e+01 -3.78338e+01
-8.46794e+01 -3.08269e+01 1.75922e+01
-1.20911e+02 2.40146e+01 9.35469e+00
-9.13913e+01 -1.79466e+00 -3.31098e+01
-1.19777e+02 2.52086e+01 3.56133e+00
-3.11288e+01 -2.78759e+01 2.03343e+01
-1.26315e+01 -1.67448e+01 -2.46283e+01
-1.20779e+02 -2.25254e+01 -1.14449e+01
4.32464e+01 3.09484e+01 1.98099e+01
-7.60675e+01 3.21423e+01 -2.13828e+01
-3.71608e+01 3.38724e+01 -1.44830e+01
1.26141e+02 -1.85860e+01 1.24074e+01
1.14954e+02 -1.88590e+01 -2.11059e+01
2.26823e+01 -9.58571e+00 -2.68420e+01
1.07323e+02 1.70481e+01 -2.19469e+01
-1.12649e+02 -2.49475e+01 1.54416e+01
-1.30917e+01 1.76206e+01 2.50314e+01
1.93932e+01 2.66965e+00 2.88447e+01
-8.31858e+01 3.84248e+01 -3.42140e+00
-9.77074e+01 -1.05305e+01 -3.38813e+01
-3.00160e+01 2.08408e+01 -2.44711e+01
1.05042e+02 2.91232e+01 -2.10473e+01
-3.75940e+01 3.56272e+01 1.49198e+01
-7.49654e+01 -2.62624e+01 -2.77397e+01
-1.96215e+01 -3.51780e+01 1.00832e+01
3.14705e+01 1.09585e+01 2.87047e+01
-8.56550e+01 -2.21311e+01 -2.94514e+01
8.18544e+01 -4.36844e+01 -1.49020e+00
5.81092e+01 7.88625e+00 3.46252e+01
-4.19483e+01 -1.04638e+01 -2.66900e+01
4.93918e+01 3.90997e+01 -4.96032e+00
-1.07220e+02 3.14504e+01 -1.04283e+01
-7.31983e+01 3.61088e+01 -1.12048e+01
-5.82586e+01 3.38977e+01 -1.25284e+01
9.71830e+01 3.87567e+01 -1.60769e+01
6.66255e+01 4.64307e+01 -1.54889e+01
2.14230e+01 -2.31156e+01 -1.99614e+01
-1.30701e+02 1.25630e+01 -9.42352e+00
-6.22814e+00 -2.30531e+00 2.84864e+01
7.84056e+00 -7.61560e+00 2.72119e+01
8.57738e+01 -2.31073e+01 -2.89283e+01
-5.59717e+00 -2.20523e+00 -2.73405e+01
8.41921e+00 -7.36763e+00 -2.53635e+01
6.12075e+01 -3.56704e+00 -3.03477e+01
1.34225e+02 -5.69998e+00 -2.04466e+00
-1.54686e+01 3.68720e+01 1.12136e-01
-1.13816e+01 2.91328e+01 1.64501e+01
1.04631e+02 3.76594e+01 1.46976e+00
-1.31361e+02 -1.09443e+01 2.46067e+00
-9.84342e+01 3.50884e+01 5.98514e+00
-2.89804e+01 3.15084e+01 2.03349e+01
-3.98237e+01 2.75121e+01 2.58827e+01
7.04609e+01 2.87652e+00 3.54360e+01
1.28067e+02 -1.70754e+01 -2.11943e+00
4.59717e+01 3.84297e+01 1.27552e+01
6.05541e+01 3.51346e+01 1.40934e+01
9.89303e+01 -8.54071e+00 -3.24085e+01
8.81733e+01 3.14455e+01 1.46570e+01
1.01567e+02 3.99069e+01 -1.05836e+01
1.06710e+02 1.64337e+01 2.49070e+01
1.27134e+01 2.91175e+01 -1.04484e+01
8.77285e+01 -3.17585e-02 -3.50359e+01
7.04042e+01 -3.90524e+01 1.60590e+01
1.26114e+02 1.66970e+01 1.63587e+01
7.26941e+01 1.81889e+01 3.00899e+01
8.29986e+01 8.14588e+00 3.41228e+01
-1.03514e+02 -1.81949e+01 -3.12102e+01
-8.60020e+01 -3.91568e+01 5.99462e+00
-3.50984e+01 -2.03353e+01 2.54346e+01
3.50550e+01 -3.04865e+01 1.84335e+01
-5.33851e+01 -7.99487e+00 3.49745e+01
-3.52774e+01 -4.03332e+00 -3.00269e+01
4.43076e+01 2.50981e+01 2.50884e+01
2.85571e+01 -2.20742e+00 -2.71938e+01
1.16088e+02 2.52444e+01 -1.55607e+01
4.52813e+01 -2.72466e+01 -2.81512e+01
8.93262e+01 -1.93026e+01 -3.05189e+01
-9.80542e+01 -9.96374e+00 2.96760e+01
2.42322e+01 2.33746e+01 -1.40991e+01
7.69003e+01 4.52225e+01 -2.05917e+01
-1.10864e+02 -1.35494e+01 -2.99573e+01
7.10445e+01 -5.22544e+00 3.47424e+01
-1.10693e+02 2.74517e+01 -1.72672e+01
1.14627e+02 1.78033e+01 -1.90976e+01
-5.57853e+01 5.85785e+00 3.76378e+01
-4.79175e+01 -2.38669e+01 2.74581e+01
8.17037e+00 -1.31524e+01 2.54986e+01
5.76319e+01 -1.30736e+01 3.18574e+01
9.85083e+01 2.74372e+01 -2.39088e+01
4.35117e+01 2.76858e+01 -2.04492e+01
5.51196e+01 3.46984e+01 -2.62060e+01
1.34893e+01 3.38281e+01 5.17989e+00
1.05100e+02 -2.98103e+01 -2.21110e+01
8.85678e+01 -2.79116e+01 2.18857e+01
4.56243e+01 -3.54454e+01 -1.89851e+01
-7.86970e+01 6.98758e+00 3.57207e+01
1.03968e+02 2.21370e+01 -2.31450e+01
8.71104e+00 -1.27337e+01 -2.34570e+01
6.03410e+01 -2.58523e+01 2.59576e+01
5.12910e+01 3.95763e+01 -1.36678e+01
6.37517e+01 4.47331e+01 -1.93701e+01
5.30625e+01 -4.50914e+01 3.18603e+00
-9.17165e+01 -1.56078e+01 2.73648e+01
1.03562e+02 -3.46208e+01 -1.59142e+01
-1.10075e+01 2.84425e+01 -1.55722e+01
-6.89417e+01 1.70763e+01 3.61858e+01
1.03433e+02 -1.84930e+01 -2.73848e+01
4.48299e+01 2.03390e+00 3.30286e+01
2.20496e+01 -9.61106e+00 2.77476e+01
-4.10438e+01 -3.52543e+01 1.99604e+01
5.82231e+01 -4.35193e+01 7.34189e+00
-4.51946e+01 3.75314e+01 1.16245e+01
-5.42240e+01 1.98815e+01 3.48946e+01
-7.49307e+01 -3.73388e+01 -2.22160e+01
6.51223e+01 3.34691e+01 -3.26940e+01
6.54528e+01 4.27581e+01 -2.56528e+01
1.14919e+02 -2.30122e+01 1.64989e+01
-1.28472e+02 1.39762e+01 1.34350e+01
7.55098e+01 -4.33737e+01 8.16405e+00
-9.77859e+01 1.16775e+01 3.17881e+01
-1.05721e+02 3.29134e+01 -5.54480e+00
7.39774e+01 -1.01648e+01 -3.21586e+01
-3.82362e+00 1.93715e+01 -2.03289e+01
8.18143e+00 2.79930e+01 1.79633e+01
9.05807e+01 2.87723e+01 1.92086e+01
-6.99454e+01 3.69771e+01 5.13109e+00
1.20074e+01 3.36042e+01 1.15112e+01
-9.69107e+01 1.15773e+01 -3.22027e+01
2.55937e+01 -3.40737e+01 1.12374e+01
1.00020e+02 3.27631e+01 1.03497e+01
4.71882e+01 3.40950e+01 -1.70721e+01
1.15465e+02 2.44352e+01 1.75141e+01
1.51274e+01 3.39133e+01 4.56559e-01
1.57699e+01 6.65949e+00 -1.96043e+01
1.17962e+01 -3.15077e+01 1.05216e+01
8.45768e+01 -2.09539e+01 2.72547e+01
-1.94188e+01 3.65409e+01 1.05190e+01
-5.07914e+01 -4.33337e+01 -2.10691e+00
9.98455e+01 -3.30352e+01 1.03677e+01
-4.45744e+01 -4.27819e+01 -7.13558e+00
-1.18893e+02 1.38959e+01 -2.50977e+01
8.81763e+01 -4.52364e+01 -1.04207e+01
-5.62976e+01 -4.05434e+01 1.29039e+01
-3.20511e+01 -4.10308e+01 -7.54175e+00
9.62592e+01 -4.38242e+01 -5.20803e+00
-7.86424e+01 -5.70498e+00 3.48517e+01
-4.91123e+01 1.40952e+01 3.50657e+01
1.02915e+02 2.04406e+01 2.31310e+01
1.01863e+02 -5.18587e+00 3.04904e+01
3.18826e+01 9.87500e+00 -2.32730e+01
2.87928e+01 -1.57924e+01 -2.67389e+01
8.00460e+01 2.46297e+01 2.41147e+01
1.48994e+01 -3.20929e+01 4.23929e-01
-1.11465e+01 -2.59323e+01 -1.45050e+01
-4.61341e+01 2.43580e+00 -3.14653e+01
4.12422e+01 3.96014e+01 5.45114e+00
-9.33012e+01 -3.31641e+01 1.52507e+01
-1.05191e+02 -2.71851e+01 2.03624e+01
5.84959e+01 4.33756e+01 -3.93031e+00
-9.42811e+01 -3.59032e+01 1.10337e+01
2.79402e+01 -1.94330e+00 2.90258e+01
1.03967e+02 3.55737e+01 -1.63178e+01
-8.59845e+01 -2.10427e+01 2.61944e+01
-6.21916e+01 1.46241e+00 3.72717e+01
-6.70809e+01 -4.29299e+01 1.67851e+00
1.34235e+02 6.66269e+00 1.31234e+01
1.34195e+02 -6.82501e+00 1.31164e+01
1.22516e+02 1.52548e+01 -1.29754e+01
4.87043e+01 1.73942e+01 -2.67435e+01
-3.44227e+01 -1.95042e+01 -2.36764e+01
1.32707e+01 -3.21072e+01 4.80358e+00
-1.22790e+02 9.80583e-01 2.34003e+01
-1.28044e+02 -1.23440e+01 -1.49787e+01
-4.31606e+00 2.05827e+01 2.39344e+01
-1.19496e+02 1.36447e+01 2.32836e+01
-3.30556e+01 -4.11458e+01 1.01140e+01
-7.53791e+01 2.50038e+00 3.58256e+01
8.02867e+01 -3.95786e+01 -2.23364e+01
8.84076e+01 3.71070e+01 5.21228e+00
3.03919e+01 -2.65553e+01 -1.91900e+01
4.81669e+01 1.77477e+01 3.04171e+01
-5.53387e+01 3.28522e+01 -1.85858e+01
3.38164e+01 -2.08539e+01 2.63535e+01
5.81031e+01 1.05599e+00 3.52532e+01
-4.91764e+01 -3.57759e+01 -1.32139e+01
-6.50577e+01 3.15815e+01 2.99294e+01
-1.15031e+01 -2.70097e+01 1.50244e+01
9.42026e+01 -1.63821e+01 2.81684e+01
-7.53122e+01 -2.45373e+01 2.47327e+01
1.19231e+01 -2.74136e+01 -7.30687e+00
-3.05895e+01 -2.63716e+01 -1.95172e+01
2.85972e+01 -3.53078e+01 5.77266e-01
-1.66865e+01 2.16660e+01 2.31143e+01
7.89628e+01 -3.40827e+01 1.99457e+01
1.12532e+02 -2.73613e+01 -1.58680e+01
2.09638e+01 -2.37803e+01 2.17016e+01
-8.72091e+01 -3.10290e+00 -3.42117e+01
-3.91905e+00 -1.91532e+01 -2.16563e+01
-2.16307e+01 -7.56522e+00 -2.93064e+01
5.97273e+01 -1.70764e+01 -2.72078e+01
-1.80923e+01 -4.63511e+00 2.82595e+01
7.20162e+01 -2.33198e+01 2.72536e+01
-4.40424e+00 -1.90685e+01 2.21685e+01
-9.42190e+01 -3.69147e+01 -1.04327e+01
4.16028e+01 6.09451e+00 3.21980e+01
1.20933e+02 -6.60506e+00 2.62610e+01
-1.61583e+01 2.13459e+01 -2.22441e+01
1.20971e+02 6.50611e+00 2.62603e+01
2.53713e+01 -3.04549e+01 -6.03799e+00
2.81483e+01 -1.54896e+01 2.67803e+01
-5.60619e+01 3.57432e+01 2.04074e+01
7.39594e+01 3.43694e+01 1.15597e+01
1.08296e+02 2.70549e+01 1.61031e+01
-1.91234e+01 3.43206e+01 -9.32164e+00
-6.19491e+01 -4.23039e+01 6.00915e+00
-4.46941e+01 3.39782e+01 -1.01208e+01
-1.03628e+02 -1.69091e+01 2.60042e+01
8.77575e+01 -3.93591e+01 8.02788e+00
6.93495e+01 -4.35170e+01 3.36405e+00
1.33678e+02 -9.98139e+00 7.44369e+00
-6.69374e+01 -2.76948e+01 -2.63322e+01
-6.41662e+01 2.99935e+01 -2.85615e+01
-9.27467e+01 -3.90601e+01 -5.54198e+00
-1.19953e+01 -6.23860e+00 2.75163e+01
-5.98032e+01 -1.64578e+01 -2.79845e+01
-4.02847e+01 -3.08421e+01 -1.63551e+01
-5.27298e+01 -3.44429e+01 -1.65703e+01
-6.40640e+01 -4.20098e+01 -1.45657e+01
-4.94425e+01 -2.52626e+01 -2.11065e+01
-1.11071e+02 -1.28802e+01 2.54326e+01
1.14206e+02 -1.77848e+01 2.30840e+01
4.15529e+01 -5.64735e+00 3.18514e+01
1.14250e+02 1.75215e+01 2.27944e+01
6.45663e+01 5.07066e+00 3.49922e+01
-2.79708e+01 -3.14503e+01 1.76857e+01
-7.52519e+01 7.27102e+00 -3.85677e+01
-3.09778e+01 3.86519e+01 4.85549e+00
1.08054e+02 -2.65760e+01 1.60224e+01
-8.64438e+01 -4.32898e+00 3.28626e+01
6.84672e+01 2.20219e+01 -3.53093e+01
6.67717e+01 -7.93312e+00 3.36859e+01
-3.44077e+00 2.43327e+01 2.06490e+01
9.11366e+01 -4.31606e+01 -1.62207e+01
8.41980e+01 -4.19075e+01 -1.48732e+01
4.43947e+01 -2.46511e+01 2.53686e+01
8.60793e+01 4.40755e+01 -1.45638e+01
-9.52320e+01 2.81427e+01 -2.54934e+01
5.30120e+01 1.77247e+01 3.07019e+01
5.14211e+01 -4.20338e+01 9.60243e+00
1.22926e+02 -1.80696e+01 -1.09337e+01
9.20975e+01 2.38900e+01 -2.84619e+01
-6.28086e+01 3.39578e+01 -1.79240e+01
-1.69685e+01 -2.91399e+01 -1.33302e+01
5.92224e+01 4.01797e+01 -2.28017e+01
-9.30805e+01 -3.44379e+01 -2.26570e+01
-1.04872e+02 -2.79820e+01 -2.47276e+01
-9.12316e+01 -4.04675e+01 -7.79285e-01
-3.55461e+00 -2.25640e+01 1.90079e+01
-9.98682e+01 -3.28470e+01 -1.71633e+01
-1.22150e+02 6.85054e-01 -2.51592e+01
-1.04253e+02 2.20055e+01 -2.76686e+01
1.22903e+02 -1.84843e+01 1.53590e+01
9.06417e+01 4.02606e+01 1.31285e+00
-2.55420e+01 -1.54215e+01 2.51073e+01
-1.59572e+01 2.70729e+01 2.02474e+01
-8.01244e+01 3.81156e+01 7.20685e+00
7.12093e+01 1.25342e+01 3.32353e+01
8.17501e+01 3.23751e+01 1.42415e+01
6.99881e+00 -2.24458e+00 -2.35398e+01
1.36163e+02 3.56674e+00 7.47595e+00
-5.66628e+01 3.07335e+01 2.89471e+01
-1.70914e+01 -1.64774e+01 -2.54092e+01
-1.56548e+01 -2.59956e+01 -1.95988e+01
1.03553e+02 -2.53991e+01 1.99608e+01
1.23716e+02 2.61600e+01 8.01952e+00
3.94729e+01 3.70238e+01 -7.04025e+00
-6.85847e+01 -4.08354e+01 8.12081e+00
5.91481e+01 -2.96429e+01 -2.48635e+01
9.26073e+01 1.78935e+01 -2.99523e+01
6.00981e+01 1.04995e+01 -3.13140e+01
8.83401e+01 4.50175e+01 -1.01654e+01
1.33913e+02 1.03175e+01 7.45601e+00
6.73875e+01 4.35654e+01 -3.82974e+00
4.07347e+01 -4.06254e+01 3.04874e+00
-5.10322e+01 2.59248e+01 -3.32128e+01
-4.08255e+01 3.03620e+01 -2.56806e+01
9.32763e+01 -3.71259e+01 -2.12961e+01
1.03603e+02 2.50110e+01 1.94927e+01
-1.17678e+02 2.39218e+01 -1.43994e+01
1.31968e+02 3.29564e+00 1.67541e+01
1.31948e+02 -3.44821e+00 1.67506e+01
8.14114e+01 1.43624e+01 -3.57367e+01
1.11431e+02 -1.86343e+01 -2.34482e+01
-2.41784e+01 -3.34058e+01 1.37770e+01
-1.20083e+02 1.67470e+01 -2.15793e+01
-1.60601e+01 -2.52374e+01 1.87182e+01
-8.58290e+01 3.21638e+01 -2.10036e+01
2.30652e+01 8.91473e+00 -2.17798e+01
-7.57339e+00 3.12425e+01 1.42874e+01
1.17450e+02 -1.86147e+01 -1.77694e+01
-8.34298e+01 2.51355e+01 2.98594e+01
-6.22897e+01 2.53905e+01 -3.50602e+01
7.13267e+01 3.37484e+01 -3.24070e+01
1.23823e+02 2.60458e+01 -4.56620e+00
8.40812e+00 -1.72294e+01 -2.29465e+01
2.12350e+01 -2.06513e+01 -2.37614e+01
2.26300e+01 1.00201e+01 2.72953e+01
-1.27597e+02 1.28696e+01 -1.37269e+01
6.60571e+01 1.75557e+01 3.12188e+01
8.76914e+01 -3.20154e+00 3.41793e+01
-1.54856e+01 2.63185e+01 -1.91170e+01
-7.80963e+01 3.78556e+01 -4.45928e+00
-8.85640e+01 -1.95847e+01 -3.06303e+01
-3.68480e+01 -3.91903e+01 1.40227e+01
-1.30751e+02 -1.01891e+01 6.57974e+00
3.88290e+01 3.47856e+01 -1.06556e+01
2.63656e+01 3.03610e+01 -1.03334e+01
-7.26044e+00 3.00645e+01 -1.30316e+01
-3.08131e+01 3.69896e+01 -4.25062e+00
9.73339e+01 -1.93948e+01 2.58430e+01
-1.17949e+02 2.37335e+01 1.21000e+01
3.36752e+01 3.08826e+01 1.92045e+01
6.28861e+00 3.16949e-01 -2.26280e+01
-6.30737e+00 3.56298e-01 -2.64287e+01
7.12823e+01 4.67795e+01 -1.57967e+01
-3.10873e+01 -1.62890e+01 -2.53449e+01
2.06707e+01 -2.05294e+01 2.45857e+01
7.86747e+00 -1.75325e+01 2.44769e+01
-7.33674e+01 -3.35882e+01 1.68005e+01
-7.49145e+01 -5.11349e+00 -3.41298e+01
6.42065e+01 -4.49694e+01 5.58042e+00
1.12757e+02 2.77589e+01 -1.55573e+01
3.28328e+01 -3.35722e+00 -2.89697e+01
-2.39944e+01 3.44809e+01 1.43163e+01
3.38341e+01 -3.63964e+01 6.93140e+00
-2.91626e+01 3.89134e+01 -4.16922e-02
-6.44821e+01 -3.87985e+01 -1.78847e+01
-5.31479e+01 -3.12316e+01 -1.98893e+01
-6.53182e+01 -3.23759e+01 -2.45229e+01
-1.19258e+02 2.61113e+00 2.55934e+01
-7.66022e-02 2.09934e+01 -1.77883e+01
1.20600e+02 -6.27392e+00 -1.87179e+01
-1.09631e+02 6.53704e+00 -3.02882e+01
9.89443e+01 -1.35585e+01 -3.06938e+01
1.35968e+02 -3.24443e+00 7.47065e+00
-1.10418e+02 6.61113e+00 2.89556e+01
9.16558e+01 -3.09033e+01 1.83290e+01
6.53290e+00 3.25259e+01 6.70699e+00
8.64967e+01 3.43221e+01 8.77227e+00
5.67655e+01 -4.39909e+01 -1.49955e+01
6.78653e+01 -4.08807e+01 -2.09983e+01
-1.18523e+02 -1.01827e+00 -2.69605e+01
-3.80926e+01 5.84352e+00 3.41370e+01
-4.99085e+01 1.07743e+01 3.63367e+01
9.85980e+00 -2.77744e+01 1.52717e+01
1.32922e+01 -2.97204e+01 -2.80309e+00
6.55626e+01 -5.64346e+00 -3.12464e+01
