6.4560250270658742e+01  -1.7596026390655339e+00  3.5620278893036108e+01
6.4572290264214956e+01  1.1900913060907946e+01  3.4364207892685926e+01
5.1646031267754935e+01  3.8715913561836222e+00  3.4886207907677132e+01
4.5191921262877642e+01  1.1992808053777431e+01  3.3225106914863552e+01
3.8013715264849893e+01  1.9621824109619629e-01  3.1170908923369154e+01
4.5092024270690601e+01  -1.1490922946276248e+01  3.2531938915556189e+01
6.0437626270322568e+01  -1.9521991940723687e+01  2.9638642898191666e+01
7.7528839271189639e+01  -8.6912772343560771e+00  3.3864498878364898e+01
8.8150799269462851e+01  3.1243627695926453e+00  3.6139269865917619e+01
6.7541904252870864e+01  2.3210441061841323e+01  2.8073482889008840e+01
5.1141940252232459e+01  2.3502510055819680e+01  2.7609195907770602e+01
3.6284814255435229e+01  1.6852143050391359e+01  2.8278122924937627e+01
2.6656104260731343e+01  5.0647665468836616e+00  2.9131208936247486e+01
2.9224220265626737e+01  -8.9513533521803730e+00  2.8920457933653566e+01
4.0560468268581765e+01  -1.9680023948046916e+01  2.8066958920943989e+01
7.7683479269296285e+01  -1.9507193934425441e+01  2.8746634878454273e+01
9.6934996268036869e+01  -1.0363602927325193e+01  3.0574159856196683e+01
1.0679160026405010e+02  -8.1179929170978535e-03  3.0406640844661272e+01
1.0394851025858271e+02  1.0891406075209281e+01  2.9119578847646640e+01
9.6358456251580591e+01  1.8905132072340219e+01  2.5567421856135734e+01
5.9358994243331900e+01  3.0328922058693351e+01  2.2018005898198478e+01
3.7473175245293220e+01  2.6693598050686237e+01  2.2567668923335248e+01
1.8603905252897079e+01  1.4975483043842292e+01  2.5459388945218773e+01
1.2130356261830999e+01  2.7453472154619307e-01  2.8558131952989456e+01
1.4874918263425689e+01  -1.0270752957496830e+01  2.6574721950108131e+01
2.7072394265520330e+01  -2.2027869953074379e+01  2.4640105936438246e+01
4.8228909266049136e+01  -2.9622136945369501e+01  2.2670321912412668e+01
7.2260031267024331e+01  -3.4742904936582043e+01  2.1882655885036336e+01
9.1470128266941700e+01  -2.2400622929446431e+01  2.5762714862747380e+01
1.2291476026088519e+02  -5.4747395876797257e-02  2.7626248826210254e+01
1.1902727025294982e+02  1.3066968080631248e+01  2.4894331830336160e+01
1.0947181024487836e+02  2.1976063077025966e+01  2.0694507841052520e+01
9.7734617239903059e+01  2.8046011072665358e+01  1.8290915854335683e+01
8.3426706241471209e+01  2.9498526067467033e+01  2.0126266870674613e+01
6.7845345233870916e+01  3.3487065061624740e+01  1.4762483888408497e+01
2.1074052240657192e+01  3.0065977044603169e+01  1.9596698942020193e+01
1.5497977528689946e+00  1.7302201037610093e+01  2.6179915964679061e+01
1.4855233260078951e+01  -2.5532829957696414e+01  1.8763164950506500e+01
3.2459379257249495e+01  -3.5147934951381593e+01  1.3211879930596202e+01
5.6581685259822194e+01  -4.0461691942527871e+01  1.3758282903120264e+01
8.5665511262106975e+01  -3.3422522931764632e+01  1.8008780869661905e+01
9.7646064260993342e+01  -2.8384018927358269e+01  1.8649143855826672e+01
1.0946046026180774e+02  -2.2414260922963962e+01  2.1272378842158666e+01
1.1895188026256129e+02  -1.3155361919396345e+01  2.4895705831068192e+01
1.3648575024432236e+02  -8.8058789259995607e-02  1.3143313810679743e+01
1.3198517023932874e+02  1.3413435085089661e+01  1.3103414815497947e+01
1.2145835023579623e+02  2.6894337081262115e+01  1.4333663827213396e+01
1.0711981023064662e+02  3.2133696075937877e+01  1.1511764843494127e+01
9.2919951227525530e+01  3.3392448070676728e+01  9.1877010597141702e+00
8.0073508225893278e+01  3.5251716065948337e+01  8.3568412743705078e+00
6.2332347224836120e+01  3.8296046059447860e+01  8.4079798945994249e+00
3.8680423228392833e+01  4.0077294050870549e+01  1.2086165921624026e+01
1.8963813227882191e+01  3.4906378043593094e+01  9.9841369443160577e+00
5.0509406323320212e+00  3.2301960038569561e+01  1.3038325960302792e+01
4.8643666537303565e+00  -3.0015884961529800e+01  1.1780313962050958e+01
1.8728030251942730e+01  -3.2999458956511077e+01  9.2629146462581478e+00
4.6260506251462154e+01  -4.3605991946515026e+01  5.4465632150097782e+00
6.8548419256853236e+01  -4.3361910938229087e+01  1.0235355889496343e+01
9.3043769253599038e+01  -3.5332661929258805e+01  9.9630209612648919e+00
1.0664715025284137e+02  -3.0737774924253550e+01  1.0772374845583336e+01
1.2037774025131998e+02  -2.3610043919198130e+01  1.1725441829693821e+01
1.3190459024919855e+02  -1.3561969914940214e+01  1.3089382816254464e+01
1.3742366023136603e+02  -8.5315589195042923e-02  1.8231661096062846e+00
1.3584014022867152e+02  7.2215588862242752e+00  1.8085972112386062e+00
1.2597323022188199e+02  2.5425768082605735e+01  1.7053783220825034e+00
1.1187441021796927e+02  3.5619246077435022e+01  1.5506866379668860e+00
9.7388238216288713e+01  3.9699532072122189e+01  1.3888340544451176e+00
8.3895246215703565e+01  4.0821610067173580e+01  1.2368587698595521e+00
7.1506065215265480e+01  4.1580874062629789e+01  1.0971925840196637e+00
5.3722836215174326e+01  4.1201437056107686e+01  8.9604908438104014e-01
2.2240035217008479e+01  3.5076823044561124e+01  5.3746904056238487e-01
8.0148658176760872e+00  3.2749800039343938e+01  3.7564892689969803e-01
7.8133702410818024e+00  -3.1215035960730681e+01  3.4424882870549783e-01
2.1985398241907596e+01  -3.2970697955533026e+01  5.0360955252954265e-01
3.5208918243789164e+01  -3.7644871950683282e+01  6.5092225751097943e-01
5.9864547247376770e+01  -4.6576879941640790e+01  9.2549224951378228e-01
7.0150493241239161e+01  -4.3672053937980387e+01  -3.5072637123295118e+00
8.2471231252120873e+01  -4.3385454933228715e+01  6.0927454735629505e+00
9.7403515245879532e+01  -4.1158871927873115e+01  1.3521921564188528e+00
1.1099937024285470e+02  -3.2412809922886659e+01  1.5098228406436838e+00
1.2510852023953258e+02  -2.2836221917711946e+01  1.6736326242606214e+00
1.3545050023365170e+02  -6.4007946139187801e+00  1.7979916120199941e+00
1.3583849022217387e+02  -7.6671760973698003e-02  -6.2060063885797794e+00
1.3088547021929782e+02  1.0786303084234911e+01  -5.2404768831788031e+00
1.2167368020707252e+02  2.6665812080721157e+01  -1.0837772173027410e+01
1.0835098020340175e+02  3.6723926075839024e+01  -1.0824420158027927e+01
9.4783948201619978e+01  4.3089880070878877e+01  -1.0342768142657892e+01
8.1896161200613165e+01  4.6945188066164540e+01  -9.9879557280033922e+00
6.3268963202533669e+01  4.5549863059368413e+01  -8.7566619066511180e+00
4.5060667203310146e+01  3.6997962052644759e+01  -1.0816696085602018e+01
3.3885073211935108e+01  3.7049622048735152e+01  -3.2638159728133713e+00
5.2929997059487413e+00  3.0086316038073086e+01  -1.0724390039919669e+01
5.0752054290823470e+00  -2.6601522961955975e+01  -8.6633099382744199e+00
1.8770991232782322e+01  -2.8225687956869976e+01  -5.9504309539085769e+00
3.1971587234215839e+01  -3.2684209952036568e+01  -6.1255636689062154e+00
5.1215543232213172e+01  -4.5545970945128616e+01  -1.1994060090613244e+01
8.1237631234983340e+01  -4.3983363934054275e+01  -9.0731558250105309e+00
9.5114912232817389e+01  -4.6489489929034931e+01  -1.1768246140830682e+01
1.0773014023066871e+02  -3.4821410924365964e+01  -9.9093591555555296e+00
1.2078684022787495e+02  -2.4223164919557526e+01  -8.9567100707592733e+00
1.3102579022662826e+02  -1.1314642915730214e+01  -5.9124768827951337e+00
1.2209709020920070e+02  -3.0236860288394563e-02  -1.7526837172854567e+01
1.1875187020443087e+02  1.1783546079476183e+01  -1.7911612169317053e+01
1.1050226019730412e+02  2.3822989076394478e+01  -2.0283547160172262e+01
9.9582082191671105e+01  3.4423439072354867e+01  -2.1811087147935702e+01
6.9982001186478584e+01  4.7311522061497008e+01  -2.2221174114377245e+01
2.0133883207290623e+01  2.8148627043525526e+01  -1.0172369056856615e+01
1.9946693091405356e+00  -1.5518492963426624e+01  -2.2539077035021826e+01
1.5197545219965940e+01  -2.3868864958420982e+01  -1.5754002049926235e+01
3.3135239224252899e+01  -3.0748293951809234e+01  -1.4211073070285634e+01
7.3415162216193664e+01  -3.9325557937288607e+01  -2.3999711116172804e+01
8.7158313220186216e+01  -3.9831698932170141e+01  -2.0673167131888700e+01
9.9394242216777130e+01  -3.4420106927716631e+01  -2.1919058146025385e+01
1.1080527021295890e+02  -2.5200404923544209e+01  -2.2303005159311791e+01
1.1910350021105090e+02  -1.2517597920444137e+01  -1.9908888169121038e+01
1.0732062019870204e+02  1.8221356070840706e-02  -2.6684856155944814e+01
1.0414296019846265e+02  1.0273239073982017e+01  -2.3610168152560682e+01
9.7434538191990228e+01  2.0450986071464520e+01  -2.6006515145133857e+01
8.5740903182865765e+01  3.9321859067131548e+01  -2.7936456132215781e+01
6.0923538181961391e+01  3.8204718058008275e+01  -2.9084409103786015e+01
3.7707823200278078e+01  2.4179492049783779e+01  -1.7570799076871385e+01
1.8953236203325499e+01  1.3021700042888236e+01  -1.8480979055132909e+01
1.2586598205417495e+01  2.9727423049968349e-01  -2.0727661047533250e+01
1.5427398204998235e+01  -9.9488306585490474e+00  -2.4375020050532086e+01
2.7648456209783440e+01  -2.2362244954065236e+01  -2.4168832064212793e+01
4.9073158212788144e+01  -3.2743647946230780e+01  -2.4867719088476662e+01
9.2906597205782603e+01  -2.5533494930260709e+01  -2.8680198138819438e+01
1.0501011019999915e+02  -1.1618988925839764e+01  -2.9277951153013973e+01
9.2850501190577475e+01  -5.4624395304501689e+00  -3.5538967139249500e+01
8.7780105184833261e+01  1.5336049067732054e+01  -3.3898057133958872e+01
6.9321116177170438e+01  2.8733571060908019e+01  -3.6303522113163389e+01
5.1789098190341441e+01  2.3790306054727363e+01  -2.6377875092977124e+01
3.6588205199203735e+01  1.4942250049277506e+01  -2.1467500075362558e+01
2.7177065198785083e+01  4.8077531457396114e+00  -2.5078589064342399e+01
2.9937184199085429e+01  -9.2225885533530452e+00  -2.9308959067155708e+01
4.1489375201243440e+01  -2.1749551949171781e+01  -3.1434730080068132e+01
5.7052063208822432e+01  -2.3251203943317169e+01  -2.5293204097841887e+01
7.8641076203436413e+01  -2.0681112935500916e+01  -2.9176411122612745e+01
7.5042710181338435e+01  1.3388828062973536e+01  -3.7575310119333594e+01
6.0183764187392470e+01  1.7231585057688640e+01  -3.1054866102422896e+01
4.5619511194192697e+01  1.0998103052448347e+01  -2.7109053085601314e+01
4.5958729195602430e+01  -1.1970427947578131e+01  -3.3232257085423903e+01
7.7432886190663609e+01  -4.5382030360912315e+00  -3.5167758121627557e+01
4.4279956192340904e+01  2.0854287183249820e-01  -3.2182155083802556e+01
6.2402544199914331e+01  -1.0901560941450635e+01  -2.9122325104269372e+01
6.0012387191733701e+01  3.7674760576130746e+00  -3.1573073101895194e+01
-5.5754209726888405e+01  -1.5239738831034022e+00  3.7838990030724304e+01
-5.5816471732759453e+01  1.3239674016863871e+01  3.7436602030431992e+01
-6.8628929730375773e+01  4.4488010121503656e+00  3.6704393045311704e+01
-7.5264622733904773e+01  1.3423204009713370e+01  3.6494622052684925e+01
-8.2129351730959101e+01  5.5196485715948751e-01  3.4946840060858236e+01
-7.5155510726590862e+01  -1.1961916990289444e+01  3.4756530053185180e+01
-5.9608308726970556e+01  -2.0592616984667981e+01  3.1661025035604709e+01
-4.2423850730433514e+01  -8.3389399783481508e+00  3.2559041015636190e+01
-3.2184638734180389e+01  3.3781405254160584e+00  3.3037148003629369e+01
-5.2631423743446085e+01  2.6523384017905919e+01  3.2352551026459729e+01
-6.9421156741819104e+01  2.8219237011801244e+01  3.4317212045632992e+01
-8.4153050739495797e+01  1.9667327006384898e+01  3.3608796062703526e+01
-9.3674964734319957e+01  6.0260327028991334e+00  3.3763112073936817e+01
-9.0758165732152264e+01  -9.2099259961054294e+00  3.0778317070973884e+01
-7.9294261730847523e+01  -2.0079754991961813e+01  2.8437636058121690e+01
-4.2034939731522662e+01  -1.9447667978316666e+01  2.8050115015464659e+01
-2.2922133735873484e+01  -9.6200531713283759e+00  2.7395455993348975e+01
-1.3262498737549430e+01  3.4983731225421627e-01  2.9123614982048480e+01
-1.6001490742448926e+01  1.1378010031231977e+01  2.8373979984911539e+01
-2.3191106749802074e+01  1.9468816028502726e+01  2.4539777992940458e+01
-6.0694194754326730e+01  3.4943695014783373e+01  2.5541605035479819e+01
-8.2706608752085700e+01  3.0603666006730318e+01  2.6110002060778822e+01
-1.0189695974298296e+02  1.7329019999788684e+01  2.9812990083068136e+01
-1.0832234973615009e+02  6.3213060744928495e-01  3.0436729090832859e+01
-1.0535015973412281e+02  -1.0717566001507354e+01  2.8573729087710831e+01
-9.2674807735276161e+01  -2.2005653996975958e+01  2.3951259073482493e+01
-7.1330205736060591e+01  -2.8994885989225647e+01  2.1027744049226758e+01
-4.7991884732306474e+01  -3.5979803980646977e+01  2.2071303022689207e+01
-2.8161782736858630e+01  -2.1222945973361288e+01  2.2819165999631227e+01
-1.0181908754675307e+01  2.3863289033200093e+01  2.1688841977943852e+01
-2.1732406760327073e+01  3.0282417028896106e+01  1.8805971991004753e+01
-3.6228436757726016e+01  3.2734332023658951e+01  2.1863880007534366e+01
-5.1429623766664470e+01  3.6542813017925759e+01  1.5273185024837590e+01
-7.4545480771902263e+01  3.6595880009342039e+01  1.0713485051291247e+01
-1.1586069975334857e+02  1.9438138994464879e+01  2.1431092098997013e+01
-1.2313157974486205e+02  7.8512264918915076e+00  2.5136094107603515e+01
-1.2244838974379914e+02  -5.8900608079436090e+00  2.1664594107160035e+01
-1.1113631973565587e+02  -2.4195655003767122e+01  2.2918181094664718e+01
-8.7356186742973648e+01  -3.6153582995303999e+01  1.2694883067744000e+01
-6.3452928741765888e+01  -4.0209358986550001e+01  1.2451450040487771e+01
-3.4095736737669988e+01  -3.4528750975658326e+01  1.7849419006750018e+01
-2.1845796740301108e+01  -2.8371856971177071e+01  1.7521962992578942e+01
-1.0274310739860342e+01  -2.2103011966877467e+01  1.9914511979181565e+01
1.4658268630746027e+00  -1.6034005962463961e+01  2.4422433965596099e+01
-1.2581291770528662e+01  3.4402337032062761e+01  1.1211297980430292e+01
-2.6256338773680749e+01  3.8679407027017064e+01  9.8266733959753871e+00
-3.8959627775740557e+01  3.8520034022316025e+01  7.9758147105176018e+00
-5.6655791776858699e+01  3.6464759015790513e+01  6.3406580308206060e+00
-9.9607981767894373e+01  3.2119089000208142e+01  1.2781949080084294e+01
-1.1411408977136490e+02  2.7466719994780611e+01  8.2596871968003924e+00
-1.2770814976632823e+02  2.0562396989852630e+01  1.0449711112528153e+01
-1.3534119976447374e+02  6.9287974869876852e+00  7.7043630215995442e+00
-1.3516949976085181e+02  -5.2667409129676255e+00  6.9638870217033695e+00
-1.2633302975812320e+02  -1.5111392009748180e+01  6.1956133118328980e+00
-1.1416138975221793e+02  -2.5699444005243979e+01  7.9650252981637948e+00
-1.0120597974695941e+02  -3.5652903000461457e+01  9.3725094835820766e+00
-7.3716486751219421e+01  -4.1461430990524647e+01  3.7901808522647440e+00
-5.0292737748664429e+01  -4.5775122981919424e+01  4.6413580255636422e+00
-3.9600182743012383e+01  -4.3851779977864055e+01  1.0195906013279174e+01
-2.6510942745183211e+01  -3.8439747973071185e+01  1.0032119998165905e+01
-1.2731974747456903e+01  -3.1916317968018991e+01  1.0134349982235905e+01
-8.3113449831907857e+00  3.4541587033356230e+01  1.9195993554012011e-01
-2.2625833785081547e+01  3.9202315028106369e+01  3.2311915807574601e-02
-3.5699299785039145e+01  3.8624396023311590e+01  -1.1569627321625363e-01
-4.7777301784724159e+01  3.7336829018881907e+01  -2.5277767936186574e-01
-6.5345307784959246e+01  3.7358356012438747e+01  -4.5130636925667561e-01
-8.5703409781042467e+01  3.9635231005080193e+01  3.7002213639861021e+00
-9.7260429785627949e+01  3.8057672000733703e+01  -8.1166521274860681e-01
-1.1108458978328666e+02  3.1171370995663537e+01  -9.7102928675795253e-01
-1.2544065978046387e+02  2.2950558990398278e+01  -1.1370120901256895e+00
-1.3624225977511489e+02  7.9523433864365662e+00  -1.2659111773944425e+00
-1.3803226977249722e+02  7.3607092577998834e-01  -1.2894258751681560e+00
-1.3638814976972640e+02  -6.7772821136171055e+00  -1.2742662768647468e+00
-1.2461850976545469e+02  -1.8034011009300652e+01  -1.1463809900573136e+00
-1.1080450976174616e+02  -2.7679595004234400e+01  -9.9465871562922636e-01
-9.7815508757517776e+01  -3.8774925999470732e+01  -8.5291986022126665e-01
-8.4647780756108645e+01  -4.2160067994641437e+01  -7.0565077520772235e-01
-6.0445268754976503e+01  -4.4398379985765061e+01  -4.3315390285118827e-01
-2.2855033756697690e+01  -3.8366590971978560e+01  -5.5951620199053724e-03
-8.4866417588617811e+00  -3.1945262966708807e+01  1.5970764737804383e-01
-1.2319849794689990e+01  3.3286486031629870e+01  -1.0257740019841435e+01
-2.5926882793305332e+01  3.5354751026689307e+01  -8.3855478043197866e+00
-3.8599477791708630e+01  3.5164127022077949e+01  -7.0514251898119298e+00
-5.6393442791182778e+01  3.5121778015567848e+01  -6.6055061694465671e+00
-8.0668217796455949e+01  3.7214397006574728e+01  -1.0543009941716814e+01
-1.0035739979503242e+02  3.4655473999369541e+01  -1.0118571919120495e+01
-1.1408308979339213e+02  2.8245374994324138e+01  -1.0737971903254261e+01
-1.2687257979025169e+02  1.8878579989630786e+01  -1.0993358888386652e+01
-1.3452929978202948e+02  6.2474697869020970e+00  -7.8536621793128569e+00
-1.3494711977952940e+02  -5.2185680132876486e+00  -9.3408332785523207e+00
-1.2752057977826910e+02  -1.9026877010647759e+01  -1.2661298886711588e+01
-1.1403726977292058e+02  -2.6024020005646527e+01  -1.0228496901970264e+01
-1.0076016977028455e+02  -3.4484062000790757e+01  -1.0634278916956914e+01
-8.7677820768041542e+01  -3.9345289995986448e+01  -1.0231046931809308e+01
-6.9731155769492190e+01  -4.5793175989491466e+01  -1.3563334952189599e+01
-5.1290065765899982e+01  -4.0892345982617286e+01  -8.8551818734152086e+00
-3.7858795760578978e+01  -4.4671546977610333e+01  -5.4159692886935709e+00
-2.6243498768113163e+01  -3.7390109973458294e+01  -9.6675315021660229e+00
-1.2460154769522131e+01  -2.9076582968371774e+01  -8.2364951181451111e+00
2.0478324010710236e+00  1.5144326036661020e+01  -1.9771189035837772e+01
-9.6950733033037917e+00  2.3598605032330042e+01  -2.0886584022606790e+01
-2.1276049801246810e+01  2.9038294028173038e+01  -1.7347327009486889e+01
-5.0788672797864947e+01  3.2792187017459710e+01  -1.3190243975803584e+01
-9.8934894808554645e+01  3.2998431999586828e+01  -2.2464672920707677e+01
-1.1567217980695591e+02  2.0317814993387394e+01  -2.5128313901240400e+01
-1.2211310980217880e+02  7.4739645910284507e+00  -2.5067024893552784e+01
-1.2218645979741376e+02  -6.1038558090029689e+00  -2.5251341893134470e+01
-1.1076767979116438e+02  -2.4754080004830843e+01  -2.5762942905743422e+01
-8.7184811781692957e+01  -3.7665884996086277e+01  -2.1621620932414892e+01
-4.7062727779626755e+01  -3.0659460981282738e+01  -1.7572597978505183e+01
-3.3506644776706089e+01  -3.1024668976254777e+01  -1.5137522994010462e+01
-2.1476767781134793e+01  -2.9203274971927037e+01  -1.8423993007822919e+01
-9.8327654861747931e+00  -2.2787990967717636e+01  -2.0773544021306893e+01
-1.2605360803310731e+01  3.7597191108021372e-01  -2.8329022018704226e+01
-1.5368465808367057e+01  1.1622274030047485e+01  -2.9145845015818942e+01
-2.2621507804759823e+01  1.9093288027525944e+01  -2.3601535007702171e+01
-3.5722144807771954e+01  3.2580647022766406e+01  -2.1914541993041276e+01
-5.9888782810258895e+01  3.2912246013858983e+01  -2.3981404965391910e+01
-8.1856505810648031e+01  2.9221183005770833e+01  -2.5503381940160033e+01
-1.0120191981320809e+02  1.7352890998532501e+01  -3.1540781917727891e+01
-1.0760402980792817e+02  6.6065322616825550e-01  -3.2272497909989923e+01
-1.0525170980585268e+02  -1.1669941003022249e+01  -3.4407493912378385e+01
-9.2782724796339679e+01  -2.4685490998350588e+01  -3.0263052926328008e+01
-7.1403372789393686e+01  -3.2948027990431243e+01  -2.6839613950592156e+01
-2.7672407790141275e+01  -2.1718550974332373e+01  -2.3896926000916633e+01
-1.5430237799427386e+01  -1.0701521969958833e+01  -2.8483075015198501e+01
-2.7831166803610603e+01  -4.4289212745440398e+00  -3.0129672001160714e+01
-3.9098888808289921e+01  1.2595825021360161e+01  -2.8766692988684611e+01
-5.6135618821760048e+01  2.3706224014914351e+01  -3.6978856969460509e+01
-6.8443703818602984e+01  2.7074810010498219e+01  -3.3141579955457466e+01
-8.3242535816296197e+01  1.9214558005062436e+01  -3.3642974938327363e+01
-9.2619493810489814e+01  5.8016420016451669e+00  -3.2864558927265591e+01
-9.0163090805483520e+01  -9.3909693974666979e+00  -3.3355145929702687e+01
-7.8527348796354232e+01  -1.9576735993086348e+01  -2.8639825942768393e+01
-6.2471442792082684e+01  -2.2441486987132897e+01  -2.5824789961073044e+01
-4.1173040791259567e+01  -1.7289887979269185e+01  -2.3455921985574882e+01
-7.4613124821494381e+01  1.3973329008071735e+01  -3.9863400948074236e+01
-7.3938407802259078e+01  -1.0795695991462416e+01  -3.0987515948236453e+01
-4.2723560803665301e+01  -3.6377271799967006e+00  -2.9924107984136587e+01
-7.5890682813616195e+01  5.6870633766735545e-01  -3.7272037946282026e+01
-5.7134937801411851e+01  -1.0474169985283563e+01  -3.0144261967475121e+01
-5.9990206814999375e+01  4.4228160134951473e+00  -3.7246458964574252e+01
2.6707046576738169e+00  7.6626570380482546e+00  2.7291495963633622e+01
-3.4206543745953205e+01  1.8056239024537501e+01  2.7450512005581871e+01
8.5788753255467029e+01  1.6311440068529841e+01  2.8132766868296113e+01
-4.2408033738813245e+01  1.4950759021660987e+01  3.2694843015044555e+01
-6.5728451797160460e+01  3.5003305012017215e+01  -1.1866630958760192e+01
8.0620905293812850e-01  -4.9604569626213078e+00  2.7849167966078301e+01
1.4110179008437542e+00  -4.7864303637344179e+00  -2.6352019034618156e+01
5.3262887231131884e+01  3.6782181056247644e+01  1.3424334905016256e+01
7.7846356261166846e+01  1.3167394065716987e+01  3.2106377877463224e+01
4.9315677191119740e+01  3.1192103053896023e+01  -2.3327599090328693e+01
5.7521335194894384e+01  4.2154738057070894e+01  -1.6518927099989632e+01
-9.9246245739314759e+01  -3.0174623999535562e+01  1.7806529081204349e+01
-5.8396944774559472e+01  -3.8226318985387095e+01  -1.5567963965347388e+01
-9.8976277786428668e+01  -3.1209988000458573e+01  -2.3692282919079119e+01
-4.5928880814765996e+01  2.8143436018840379e+01  -2.9446698981250897e+01
1.4821562209461986e+01  -1.8940360958745927e+01  -2.3353955049617309e+01
3.2597276205300382e+01  3.2573299048085140e+01  -1.0494527071229317e+01
-9.3843882466236768e-03  3.3662308578994737e-01  -2.4528346033118734e+01
1.4269109264297459e+01  -1.9030936957769171e+01  2.4531261951017179e+01
-5.9233049784510229e+01  -3.1803742985856992e+01  -2.2206108964548672e+01
6.2315357224203424e+01  -4.2435758941208611e+01  -1.7996878103393030e+01
-4.4000561733469915e+01  8.3089063211399630e+00  3.5236881017030683e+01
-8.7076732769898314e+01  3.4357479004775080e+01  1.1747721065687772e+01
-1.2915046975285694e+02  1.2922430894619663e+00  1.6049991114653363e+01
-5.6607061785921853e-01  3.1218601690020487e-01  2.8840871967518968e+01
-1.0728154736399445e+01  -1.2827028966896169e+01  2.5908941979472537e+01
6.1244158214490902e+01  -3.6034602941759687e+01  -2.4433718102324729e+01
7.6361543266838893e+01  7.5126377652502958e+00  3.5251729879301777e+01
-7.0278497803357439e+01  3.5063322010216858e+01  -1.7262211953554367e+01
1.2747101021661238e+02  -6.2971368172089113e+00  -1.3057446178850425e+01
4.9019711235862381e+01  3.5203100054781956e+01  1.7052090909911250e+01
7.3332214182413580e+01  3.8763283062569919e+01  -2.8510432118000889e+01
-4.8461321756026379e+01  3.3839008019221154e+01  2.3702739021507099e+01
8.6760513183849497e+01  2.7328948067431803e+01  -3.0917267133087336e+01
-3.8076832734582553e+01  -2.8601379977004136e+01  2.2445229011160219e+01
4.4520531258535847e+01  -3.7804809946954734e+01  1.3485085916858234e+01
-6.8530823793819366e+01  3.6168079011071285e+01  -8.5742603555816981e+00
6.0244476266536736e+01  -3.2182525940975772e+01  2.2276486898724496e+01
-4.3969431730534382e+01  9.2708336115632550e-01  3.5438079017176847e+01
-5.9661049734183528e+01  -3.2487350984936313e+01  2.1549520035957990e+01
-1.1873472974688954e+02  -1.9653522006757669e+01  1.4556897103248870e+01
8.3160879210988114e+01  -3.2429526933774660e+01  -2.6339954127496117e+01
-4.7805457809015429e+01  3.2746440018312697e+01  -2.2947973979216599e+01
1.1090866204180827e+01  2.1646482040093275e+01  -1.4971774046347203e+01
-7.5404562742369762e+01  -3.8181469990926999e+01  1.2573164054115891e+01
1.1311932246763096e+01  2.3684093041106635e+01  2.2888309953349619e+01
5.2992094192635776e+01  3.7601336055326520e+01  -1.9950549094694004e+01
7.1392842242401557e+01  2.9913712063080194e+01  2.1072134884436554e+01
7.6355532270060792e+01  6.8237999526355853e-01  3.5879780879476854e+01
-1.1165741980769344e+02  1.2413418994780510e+01  -2.8303907905640443e+01
5.0506389226614480e+01  3.9186669055159207e+01  1.0247074908111721e+01
-4.9544553811644640e+01  8.5093190174276518e+00  -3.3006568976629424e+01
-1.2853004979085409e+02  1.1276980888704247e+00  -1.7203926886052624e+01
4.1593563233214510e+01  -3.9115091948582588e+01  -9.0598133797597278e+00
3.8360802211285787e+01  -2.7552939950148009e+01  -2.4518280076344723e+01
1.1355366020459991e+02  -5.8246110225640590e+00  -2.3402400162934338e+01
-2.7233671808328488e+01  1.2109046025703824e+01  -2.8956272002251783e+01
-1.1251417974392248e+02  1.2590119995840128e+01  2.7474557095335726e+01
-9.2301764747534321e+01  2.3966345003259509e+01  2.7961502071923455e+01
-6.2987546769283369e+01  3.6569345013633892e+01  1.2993332038064413e+01
-9.1529175811928070e+01  2.3287028002151679e+01  -2.8522087928944003e+01
4.2175386228233052e+01  -3.8147136948468926e+01  -1.3102558080449434e+01
-8.2093042792866683e+01  -2.8816756994390911e+01  -2.8551331938460088e+01
8.1865075266983027e+01  -2.8571755933014241e+01  2.3822679873891861e+01
6.5233615212508056e+01  -3.1288382940302888e+01  -2.4646454107007347e+01
7.8550611181001855e+01  2.2034805064320032e+01  -3.5100795123561127e+01
1.0794345026529908e+02  -1.1759497923360765e+01  2.7734928843632424e+01
-6.6512806807514025e+01  -4.9527297888081021e+00  -3.3708146956878572e+01
9.8496713194520055e+01  2.4053976717659182e+00  -2.9574567145905071e+01
-5.8563487423402236e+00  8.8260241349321564e+00  2.7651761973363769e+01
-1.0075240975543865e+02  2.4724051999998434e+01  2.1297472081576146e+01
-8.2002504735668367e+01  -2.5500278993100803e+01  2.2489502061354624e+01
3.7650649265784736e+01  -2.5825003949221941e+01  2.3655212924425459e+01
-5.8983341372374198e+00  -7.8420843651048706e+00  2.6773019973822286e+01
-5.2787665011198515e+00  7.7601453338706161e+00  -2.4050104027271001e+01
-7.1700397753206204e+01  3.2773681010756853e+01  2.5825809048129315e+01
8.2606491187748446e+01  5.3989225658204099e+00  -3.4532907127793209e+01
2.8038538249095144e+01  2.0834538047264260e+01  2.4013522934277013e+01
-1.0773438976062147e+02  2.5778613997336489e+01  1.7106528089540710e+01
-5.3053479970851001e+00  -7.5712575661732062e+00  -2.5434050026863027e+01
-7.0872653810453471e+01  3.1066710009814905e+01  -2.4742395952775961e+01
9.1587722187428000e+01  2.9886417069298034e+01  -2.6971490138674820e+01
-3.7367564784884017e+01  -2.6189004977807556e+01  -2.0734760989710910e+01
-6.5454853726739614e+01  -6.7429464866964208e+00  3.6297767041954735e+01
-8.9801552802505299e+01  3.5106414003080779e+01  -1.6503841931212246e+01
4.8416089244312545e+01  2.8511268054689797e+01  2.2292824910766861e+01
8.8793069242469130e+01  -4.4937472931131822e+01  -2.8377502336338627e+00
6.7846572206129409e+01  -2.1966147939409044e+01  -2.7234814110227319e+01
-5.1822238791671126e+01  -1.9865679983201044e+01  -2.4640350973323965e+01
-1.1914412978471675e+02  -2.1890479007739305e+01  -1.9212129896227502e+01
5.4826142270674673e+01  -6.6252616426708890e+00  3.4076112904296146e+01
-4.7617253815024988e+01  1.8151020018137256e+01  -3.2872774979072560e+01
4.3212239238001175e+01  -4.1595426947905949e+01  -5.6715662815511418e+00
-1.1647707979428907e+02  -1.5428969006916912e+01  -2.5507136899438933e+01
2.8330531201801808e+01  1.8600596046336008e+01  -1.8025874066002149e+01
1.2740971025504187e+02  -6.8083584164084927e+00  2.0357819821232319e+01
1.2744997025010694e+02  6.6793445836064347e+00  2.0364840820854095e+01
8.5745791197006952e+01  -1.3071772932975541e+01  -3.2357691130931130e+01
2.9877236234525014e+01  3.5071636047736860e+01  1.5841430931822110e+01
-9.1157291759990031e+01  3.1361374003469230e+01  1.9445975070431555e+01
2.1261880202251461e+01  -4.4626576564266847e+00  -2.5018315057344466e+01
-1.1679228973972751e+02  -1.5042855005855341e+01  2.2291390100912299e+01
-5.3800091729638517e+01  -2.8286212982657478e+01  2.6866165029146952e+01
-3.2478540733698075e+01  -1.4533867974822520e+01  2.7722786004406821e+01
5.3341247196127625e+01  -5.3465061448090694e+00  -3.0652234094035961e+01
9.0315307187705372e+01  4.9368043686409449e+00  -3.4718515136604189e+01
-3.7410512808030923e+01  2.2588232022063284e+01  -2.5340605990862951e+01
8.7309232268666577e+01  -1.4935396930875319e+01  2.9660396867325485e+01
-1.2923635975466789e+02  7.3900118894396076e+00  1.6420234114601495e+01
-1.2832126979210412e+02  6.8607178889652500e+00  -1.6460338886432748e+01
7.7531007180018108e+01  3.4027717064019789e+01  -3.2119985122689577e+01
9.2878555198180038e+01  -1.5497960930355436e+01  -3.2109593139034473e+01
7.1782827228716414e+01  -4.1498803937634499e+01  -1.3753484114251158e+01
-1.0730354980775527e+02  2.6658123996487102e+01  -2.3796487910974026e+01
-5.1016073728702040e+01  -1.4465775981508065e+01  3.2110038025620447e+01
-6.5374366821627220e+01  1.8839778011493046e+01  -3.8421133958767378e+01
-8.3616302815992100e+01  9.8874870048584551e+00  -3.6363978937669920e+01
-7.5524361783000856e+01  3.8496803008759471e+01  1.6244574523647166e+00
-7.8457981775592586e+01  -4.1729535992788875e+01  -1.7592486942302244e+01
-4.3418988744699647e+01  2.2289804021221709e+01  2.9901527016020808e+01
6.0683026236726171e+01  -4.4609019941554500e+01  -7.7506588014713866e+00
2.3657307258664225e+01  -3.0340376954539007e+01  1.5987526940551350e+01
6.6348827268673446e+01  -2.7132445938652864e+01  2.5760649891614001e+01
6.0555111183755933e+01  2.6261942057817695e+01  -3.1340699103070264e+01
-4.2460760770102866e+01  -3.7665498979446532e+01  -1.1494281983599379e+01
1.3090657022527674e+02  1.6323654084414962e+01  1.7569864166606868e+00
3.0460236222700665e+01  3.7577046047715847e+01  6.3118200310931982e+00
7.7365628259572588e+01  -3.9064189934905379e+01  1.3987699879299646e+01
9.2254624260521709e+01  1.1014743070966432e+01  3.0853336861026676e+01
4.3803958213554715e+01  3.9125528052421423e+01  -1.1838828842161695e+00
6.8983231270756093e+01  -1.4106632937539883e+01  3.1751561888278282e+01
-1.0576397978072448e+02  -2.9619063002810829e+01  -1.8198609911350104e+01
2.8822118228137519e+01  3.7491829047231832e+01  1.1035150932970042e+01
-6.2618814737289284e+01  2.0729452014332555e+01  3.5876908038032497e+01
-3.3465029805950245e+01  4.0834509234080612e+00  -2.9448174994922660e+01
-4.4429937750586049e+01  2.9628862020782428e+01  2.7108219016997054e+01
-1.2856681978847161e+02  -5.6612103111453189e+00  -1.7296085885843357e+01
-5.1356889809332323e+01  3.9254489674922149e-01  -3.3585272974355412e+01
-5.7681269726929479e+01  -1.1058298983885695e+01  3.4750003033164518e+01
-6.7619832763114488e+01  3.5769782012062699e+01  1.8127549043385525e+01
-2.1599811805988828e+01  3.5966763277517235e+00  -2.9637756008489834e+01
-1.0617116974130765e+02  -2.9924279002114297e+01  1.6145350089123422e+01
-2.7687869741991232e+01  1.1423476026959394e+01  2.8788462998284906e+01
3.3003693426004972e+00  2.4802082038089825e+01  1.9609111962490928e+01
5.4164819202921912e+01  4.1273905056006583e+01  -9.7866757961265733e+00
-3.2672991733153502e+01  -8.9794980748382649e+00  2.9977251004492576e+01
3.5924014261804501e+01  8.5287862503305476e+00  3.1178164925555514e+01
-9.8883532806705844e+01  -4.3651592006492121e+00  -3.2813821919846340e+01
-3.2184874752881093e+01  -4.1555649975340764e+01  2.3080763047361734e+00
9.0262424192242861e+01  4.1205864069005209e+01  -1.9139616137436835e+01
-9.9540255734151174e+01  -4.2888971993280709e+00  3.0607534080903370e+01
-4.9142315740485451e+01  -4.0877464981283204e+01  1.3356329024126431e+01
-6.6603161036480101e+00  1.3383303033354252e+01  -2.4458509025828359e+01
7.6028128209815023e+01  -3.0003333936394760e+01  -2.6588062119392784e+01
-1.1371914980163322e+02  -8.8868993060126318e+00  -2.9829409902756353e+01
-8.4469783734112369e+01  9.7246184063062575e+00  3.5128871063310854e+01
-7.7189476762800410e+01  -4.3976618992066456e+01  -7.1344963436986504e+00
9.5961509191647949e+01  1.2804640070857028e+01  -2.8754114143259748e+01
-1.2541991975559515e+02  1.4206810990872050e+01  1.7792907110065897e+01
-6.9451288728909034e+01  -2.0336185988314899e+01  3.0049332046863203e+01
5.0499049269452158e+01  -1.9601002944385300e+01  2.8852791909567827e+01
8.3818532191739465e+01  4.3133513066648042e+01  -1.8962212130109588e+01
-9.0512807795744209e+01  3.5934945002972142e+01  -1.0330792930418655e+01
1.2970028025260379e+02  -7.1403161568387066e-02  2.0384789818444968e+01
8.7231915269613268e+01  -9.5274448308406381e+00  3.2219338867280797e+01
9.7471189266756468e+01  1.5581223729377696e+00  3.3272950855289459e+01
-1.0650900980097340e+02  3.0621908996955469e+01  -1.6601330911980948e+01
1.0319773026492231e+02  -1.6388938925144579e+01  2.5923267849177673e+01
-3.4502104797435074e+01  -1.0859409976906612e+01  -2.6792790993367799e+01
-5.8062908818379711e+01  1.4064516014204754e+01  -3.7112657967017391e+01
-6.0510610767696086e+01  -4.3342763986054379e+01  -1.1209262962802404e+01
6.8722641191198647e+01  -3.8536302923907717e-01  -3.3370416111761379e+01
-2.3787805785462162e+00  -2.4694761964836804e+01  -1.4718423029790655e+01
3.6398294196488884e+01  7.9029260490939803e+00  -2.6093824074971867e+01
-2.2723573735864903e+01  1.8639884288351354e+00  3.1080384992838926e+01
7.6665337254168932e+01  1.9760941065185587e+01  2.8103121878652466e+01
2.8920853203784354e+01  2.6164058046654652e+01  -1.3871584066863999e+01
-6.5540548733332102e+01  1.3331440013288621e+01  3.6965617041558460e+01
-1.2880888975232548e+02  -5.5784015104555973e+00  1.4314238114431637e+01
-2.5654845611716444e+00  2.8082614035884824e+01  1.7363579969123322e+01
-7.9343203739517122e+01  -3.2574231992264828e+01  1.6861306058485386e+01
2.0677298263728861e+01  -4.3384118553170863e+00  2.8739286943321499e+01
1.3027951023659213e+02  -1.4618506915815361e+01  1.7358121181403079e+00
5.4882103263546313e+01  1.1946866057342689e+01  3.3794664903774745e+01
-7.8704485768766887e+01  -4.2569231992738956e+01  -1.1897195941999456e+01
-5.4767073785854720e+01  -2.6550474984207817e+01  -2.1698694969789127e+01
-1.6598218737866915e+01  -1.5861524969102920e+01  2.3654984986265266e+01
4.1104198218520523e+01  -3.1745971949020003e+01  -1.9539396079381145e+01
2.4166390222109420e+01  -2.7308578955115109e+01  -1.4982539060105930e+01
-8.8964313791041945e+01  3.7636031003654217e+01  -5.6773398322327209e+00
-2.2010366986775312e+00  2.6842462035201567e+01  -1.5805492031263229e+01
-1.3197514977072157e+02  1.4257374988144617e+01  4.5919016175667915e+00
4.0344151261649316e+01  -3.2385038948375545e+01  1.7941102921504427e+01
1.2627953021318515e+02  1.8726071082478018e+01  -8.0391281781030557e+00
6.2498941270490654e+01  -1.0640800939894607e+01  3.2629458895613887e+01
3.1650961584024904e+00  -2.3024942961996878e+01  1.8101383963823530e+01
3.5728513195562996e+01  2.5081470487860558e+00  -2.8630370074072481e+01
-1.1389921973896097e+02  -8.3038128047254602e+00  2.5119160097435369e+01
-6.7177819951434277e+00  -1.3110000966692727e+01  -2.5511075025110170e+01
1.0185588020937074e+02  -2.5366944926902480e+01  -2.5491604149065552e+01
5.7857114258223717e+01  1.7701708058363810e+01  3.0986696900228264e+01
7.0521810201675379e+01  -1.5791330938475776e+01  -2.9149363113441058e+01
9.6049648264022778e+01  7.0078876724009609e+00  3.2629420856782133e+01
-1.3195439977399772e+02  -1.2902074012132447e+01  -6.9677887817881272e+00
-2.7049723430649788e+00  -2.6059451964203632e+01  1.5847422970616261e+01
-2.9171826806265891e+01  2.5836965025146171e+01  -2.2758044000371726e+01
-9.0015502739124898e+01  -2.9079617996139987e+01  1.8323067070613252e+01
7.5484311247171050e+01  2.6354475064654185e+01  2.4099869879841719e+01
6.7527542186536053e+01  8.5781495602933031e+00  -3.4574201110614389e+01
-1.2485359978784142e+02  -1.2565372009825394e+01  -1.8956314889922936e+01
-2.9709774753764052e+01  2.6101573026080832e+01  2.3201826000237414e+01
4.6201637221783592e+01  4.0639357053489121e+01  6.4911100130025252e+00
1.1287171026330570e+02  -6.5817423215567326e+00  2.7651174837864765e+01
1.1290945025849997e+02  6.5294250784570824e+00  2.7650482837498700e+01
-1.2449286979621525e+02  1.3176267990329613e+01  -1.8030194890969685e+01
7.2582563201573407e+01  4.6247514062766477e+01  -9.3723143173272572e+00
-9.5954875757714348e+01  2.8042708001733821e+01  2.0371727076003879e+01
-5.5722397737036168e+01  -3.8094579983598486e+01  1.7261384031588481e+01
-1.6302026754293868e+00  3.3421785035962898e+01  6.6151433679214575e+00
-7.2258464447899797e+00  1.4340109034421037e+01  2.7276936974795301e+01
-2.4093065738314664e+01  7.3780732283240180e+00  3.0705558994270454e+01
-1.0190556973546602e+02  -2.3100662000371546e+01  2.3434718084073612e+01
1.1303623020156647e+02  5.9008860772735066e+00  -2.2298230162630915e+01
-4.9153986796335715e+01  -1.3882028982276372e+01  -2.6800095976525004e+01
1.2649127021424925e+02  5.3780382824732547e+00  -1.1383666178016673e+01
7.7861454184672169e+01  4.3316685064314285e+01  -2.5078815123296511e+01
-4.5013424731914562e+01  -2.7713748979481828e+01  2.5060712019076945e+01
6.4420864263423255e+01  -3.7602293939554954e+01  1.7820467894078295e+01
-7.0567265779442948e+01  -3.9370599989961356e+01  -2.0201479951390876e+01
1.0046527026437472e+02  -2.2407441926205205e+01  2.3517540852453052e+01
-1.0177526979375205e+02  -2.4719789001590744e+01  -2.8013000916035637e+01
-9.9017235801096177e+01  -1.8177724000686428e+01  -3.2335272919353173e+01
-1.3084146977778937e+02  1.5451447988417419e+01  -1.2014617837600543e+00
9.8958343202890859e+01  -1.8576237928050240e+01  -2.8979083145916693e+01
-3.0860198806524870e+01  1.5844557024443052e+01  -2.6184110998193393e+01
-7.8626037761993970e+01  3.3599773008036180e+01  1.8411747056035026e+01
1.2506460021883957e+02  -1.1916126918087192e+01  -1.2910687175958033e+01
-1.2439070975096118e+02  -1.0500729008845894e+01  1.3930103109496466e+01
-6.5600638774380485e+01  3.6530323012566278e+01  8.5270729410559287e+00
-2.7751791796875928e+01  -1.3073741974438207e+01  -2.7013293001038669e+01
-7.3006762790707612e+01  3.7286374009506737e+01  -5.4971605504867433e+00
-7.1723827760355817e+01  -4.3627302990008062e+01  -4.8865814499624198e+00
7.8040811180509948e+01  2.8031269064169908e+01  -3.3610405123125354e+01
-9.3024995741239366e+01  1.8498171003086792e+01  3.1710893072885817e+01
5.0144355222500657e+01  -3.9144809945679697e+01  -1.8430894089544957e+01
4.4188654194772589e+01  1.9366282052002436e+01  -2.3922687084169844e+01
7.6237797186001032e+01  4.4253094634411507e+00  -3.6371522120480577e+01
4.8738033241837670e+01  -4.4575977945821819e+01  -3.2737452878017428e+00
7.3172143032442731e+00  7.7207984385803510e+00  -2.0249413041685511e+01
-9.2655695774468427e+01  3.5877166002644174e+01  8.2410853720351973e+00
-1.0006832981088138e+02  2.5175661999059688e+01  -2.7002725919217870e+01
2.9765891261384915e+01  -2.8587896952227990e+01  1.8925993933517219e+01
1.1666638022688277e+02  3.1256795079348574e+01  7.9421734325901419e+00
-9.2222196814752138e+01  1.8283730001797480e+01  -3.2591877928027664e+01
1.1677408021252089e+02  3.1142538079078104e+01  -4.6435435675303030e+00
-1.9218050738359480e+01  -2.1662980970119378e+01  2.1366841989406399e+01
-1.8752594788158024e+01  -2.2253280971025006e+01  -2.2335231011111752e+01
-1.2127236979860379e+02  1.9598191991509093e+01  -1.8060832894813537e+01
-8.4255090812052998e+01  3.1851747046562600e+00  -3.5068290936773806e+01
-6.7381909726780705e+01  -1.6277269987478714e+01  3.3208783044394949e+01
3.5349374191114373e+00  -2.1060010962691297e+01  -1.5601198036648125e+01
-1.5091725886210239e+00  3.2313957035714658e+01  -5.2662146321897740e+00
2.7444361254166154e+01  1.5913802047116825e+01  2.6868753935078196e+01
-6.4900159781976583e+01  -3.5587163987909172e+01  -2.1203784957969770e+01
7.1202932225364691e+01  3.6773879062698100e+01  8.3824106844849613e+00
2.7770720201264620e+01  1.3981970046082873e+01  -1.9974240065247734e+01
-5.0821625729246605e+01  -2.0020146981492324e+01  2.9855576025534685e+01
3.9359954254355827e+01  -3.9376959948948304e+01  9.3292186228029763e+00
-1.0534627977559050e+02  3.1645230997935837e+01  5.9054599866631650e+00
-6.5469261731515559e+01  -2.4793759986946814e+01  2.6344387042415743e+01
-3.5134271943706286e+00  3.1686410034851473e+01  -1.0491067029880549e+01
-1.0510968973956652e+02  8.9805751986189719e+00  3.0124868086950539e+01
-1.0440284981056811e+02  9.0067680973504256e+00  -3.1906635913859049e+01
-4.7807699776299621e+01  3.7492398019053269e+01  7.1582364206690920e+00
-1.1538533973997461e+02  -2.6289647052471512e+00  2.6050666098996409e+01
-3.7651750690983117e+00  3.3352147035316158e+01  1.2124819970366541e+01
-8.3026889809549857e+01  -4.4111324948996726e+00  -3.5313590937992359e+01
1.0008554019463975e+02  -2.7221090276896720e+00  -3.1111917147597136e+01
-1.8111380525657181e+00  -3.0980566964119301e+01  5.9700088697145013e+00
1.2896786021568727e+02  -5.3454521631020685e-02  -1.1866424180717253e+01
-4.7496453791445710e+01  3.5142947018822902e+01  -6.8284661796292561e+00
5.5694260218495785e+01  -3.7589708943719693e+01  -2.1432298095934847e+01
6.2614448215219902e+01  4.1391156059368733e+01  9.9662081420035475e-01
2.7009485209612873e+01  3.2599118046130336e+01  -6.7180909648350005e+00
-3.9338071468632778e+00  -3.0966096964774398e+01  1.0957328972143435e+01
-7.1892218728483329e+01  -3.7565599890695389e+00  3.5730457049248443e+01
3.6704156035098827e+00  2.2615314037367053e+01  -1.5247792037878721e+01
-9.0395707809601348e+01  3.1109800002678824e+01  -2.3984028930433848e+01
-9.3972512775988776e+01  -3.6074967998438524e+01  -1.6127950924685877e+01
-3.6924754702198888e+00  -2.7839065965163872e+01  -8.4499040282097635e+00
5.1505393202212424e+01  -1.7610815945447651e+01  -2.9262733091632896e+01
7.1937350207972216e+01  -2.5984735937901903e+01  -2.6911434114810049e+01
-6.7301665818246889e+01  9.1980745107834423e+00  -3.8554938956324243e+01
-5.2958948399378123e+00  4.0062466351512365e+00  2.8207550972841048e+01
1.0637306255285447e+01  1.1319059040945273e+01  2.6375437954426197e+01
1.2897920023060533e+02  1.9419601083847695e+01  7.4043984187902270e+00
-9.9012490734699469e+01  -1.6361606999241658e+01  2.6262495080596672e+01
8.9892579246525884e+01  2.4201825069903627e+01  2.2846834863405174e+01
-1.1485854980505347e+02  4.0673088935983603e+00  -2.8669761901771377e+01
1.2481868021186435e+02  1.1284937081855551e+01  -1.1576043176247939e+01
-5.6561310784841709e+01  3.7347592015660325e+01  -3.5204208930926384e-01
7.4971754268160311e+01  -2.7125035935503746e+01  2.5314644881745302e+01
1.2024280024437303e+02  1.9980652080946676e+01  1.9613990828774789e+01
5.2764830270506600e+01  -1.5506460943499963e+01  3.1085299906873917e+01
-1.1489522980267097e+02  -2.7216008064173516e+00  -2.8761916901562216e+01
1.2542825025587992e+02  -1.3358662917168273e+01  1.8992545823661313e+01
1.2550622024613929e+02  1.3240198082860456e+01  1.8998880822917055e+01
7.7326389225588514e+01  -4.1654465935671446e+01  -1.6536433120591656e+01
1.3062503236494615e+01  3.1183969041586369e+01  1.6317519951161483e+01
2.1537933207390836e+01  -1.6155541956307140e+01  -2.4271928057372445e+01
-4.3255405802818451e+01  3.2686424020113058e+01  -1.7552390984422434e+01
6.9917707195288955e+01  -7.7198801387709359e+00  -3.2145036112948453e+01
3.7108563195713174e+01  -4.5070242507602760e+00  -3.0745550075479127e+01
1.1892389021992562e+02  3.0522505080020405e+01  1.6280332300246148e+00
1.1470890020395137e+02  -6.0078872087603492e-03  -2.2105843164399744e+01
-1.3155738978268332e+02  1.3415457988033690e+01  -6.1296309828905811e+00
9.0032458212984409e+01  -3.2682593931215422e+01  -2.4676682135354071e+01
8.1605301615767729e+00  -2.0783414960080187e+01  2.1592796958051302e+01
9.3138413189676655e+01  8.8707229697489893e+00  -3.1736315139931978e+01
-9.2585843750245701e+01  -3.7464254997387371e+01  5.9209826737613627e+00
-3.5682717768642533e+01  -3.7848104976932547e+01  -1.0276744991352020e+01
5.4333270268185835e+01  -2.4572064943046595e+01  2.6154472905302164e+01
-1.1572700974050606e+02  4.2416781946703797e+00  2.7786422099218242e+01
1.9543556205308061e+01  2.0585166043206879e+01  -1.4326672055994758e+01
1.0142258023174305e+02  -4.0655444926700426e+01  -1.0838800148193169e+01
-7.9294097785543329e+01  -3.5306964993258759e+01  -2.4230616941503513e+01
5.6356317186151422e+01  3.0997515056367821e+01  -2.7731137098381570e+01
6.9060553269809432e+01  -1.9514585937574566e+01  2.9192638888322968e+01
7.8036982197050008e+01  -1.2609658935796073e+01  -3.2172083122120149e+01
1.0076844252883030e+01  1.6138838040726188e+01  2.5819646954948926e+01
-1.2066532979106526e+02  -1.3997157008371149e+01  -2.2231728894680948e+01
3.5713282200164443e+01  -1.5486075951262412e+01  -3.0371843073611924e+01
-3.0356917758638335e+01  -4.1519066974794448e+01  -2.7107822973567344e+00
1.2672172023756249e+02  2.0153876083175874e+01  1.3718540821355719e+01
-6.8204916797170881e+01  -1.6618593989297658e+01  -2.8406155954654757e+01
-8.0536328747096519e+01  -3.8807511992914328e+01  8.2425331600043616e+00
-2.1551327794784342e+01  -1.6210031972145607e+01  -2.6190005008057561e+01
1.0500536202198269e+01  1.4083012039774630e+01  -1.9126078045485343e+01
-1.0430993975963197e+02  -3.3227251001852544e+01  -9.2378851292532627e-01
7.5939085193545878e+01  4.7128358063830774e+01  -1.6104567121190321e+01
1.1805399024119365e+02  -2.7624512920299289e+01  1.5917282324521009e+00
2.0973652264473007e+01  -1.6149306955285606e+01  2.5607408943273192e+01
-7.6787110740657440e+01  2.3943277009093066e+01  3.3963007054168266e+01
3.8076806236843026e+01  3.3385446050778405e+01  1.7326915922479628e+01
-1.7057181648897148e+00  -2.9273388964332394e+01  -4.2517971304481881e+00
-5.2840086816702346e+01  1.6107772016171001e+01  -3.4992715973044966e+01
8.5961081145532354e+00  -1.9693673960923807e+01  -1.9146542042474032e+01
9.2542897268749854e+01  -3.6196248288662738e+00  3.3356712861057154e+01
2.9273620242975202e+01  2.8379793047644704e+01  2.1082180932677712e+01
-8.1262356803551995e+01  3.3217783006172780e+01  -1.8023198940938432e+01
-4.3829039762195244e+01  3.4638572020792353e+01  1.8568531016185990e+01
-4.2513894811527962e+01  2.0369624020100268e+01  -2.9106698984967743e+01
-6.1026295742632605e+01  2.7371302014853580e+01  3.3334871036046373e+01
5.4180632197758385e+01  -1.1435999944514384e+01  -3.1177290094846636e+01
7.5636024237671080e+01  3.1492799064545885e+01  1.7444376879541554e+01
1.1205679020552503e+02  -1.2068293923141958e+01  -2.4593421161067486e+01
1.2842934022058989e+02  1.8106036083420317e+01  -1.7675503805481383e+00
-3.0824510800538636e+01  3.3967697024727862e+01  -1.5150041998680534e+01
-2.7553384735026935e+01  -3.1209552729561589e+00  3.0216302998489166e+01
1.1966487025694062e+02  -1.8382702919297216e+01  1.8310571830380940e+01
4.8369024269222763e+01  -3.8096646450463143e+00  3.3709073911616663e+01
-1.1771151976360042e+02  -2.2856810006767528e+01  -1.0705199978432582e+00
1.1425847022927184e+02  -2.9522282921961754e+01  -9.4330308631573789e+00
-6.5536673801835477e+01  -1.0634930988372989e+01  -3.0565890957855785e+01
1.0202543024936045e+02  -3.5948324926063286e+01  6.0622846510009829e+00
4.9270715205032943e+01  -2.2500377946244480e+01  -2.8363966088955006e+01
-7.5843122817449597e+01  2.3144688007780324e+01  -3.3392277946892413e+01
2.5953123228517612e+01  -2.9486990954339600e+01  -1.0080755062097115e+01
1.2590628022725159e+02  -1.7768907917643883e+01  -7.4345987767771637e+00
-5.8562571808205625e+01  -3.0256749858942080e+00  -3.3695365966024681e+01
1.2021276020575171e+02  1.9224682080098663e+01  -1.4374683171172213e+01
-3.1242387765703384e+01  3.5706869025338008e+01  1.5845275001754876e+01
3.7947952197343930e+01  -1.0596517950465589e+01  -3.1270608076289804e+01
5.2815953192963192e+01  7.3827880550307103e+00  -2.9341069093748260e+01
1.4074377212483357e+01  3.0449211041434733e+01  -4.8983570499784603e+00
1.1579600022041694e+02  -2.4711774921550887e+01  -1.5629860165035470e+01
1.1501225020523712e+02  3.1694871078280059e+01  -1.0831096165527578e+01
1.0286959020984521e+02  3.8211732073980599e+01  -4.7177926517913820e+00
6.7613242184365461e+01  1.5310211060331092e+01  -3.4315078110878247e+01
-4.0911234805977600e+01  4.4790469206817285e+00  -2.9345394986410586e+01
-8.8914005736907868e+01  1.2846678004642017e+01  3.3685952068320169e+01
-1.0800973979850853e+02  -1.8212014003926566e+01  -3.0085213909060855e+01
4.4748468195309762e+01  2.3984898052255577e+01  -2.1974337084924262e+01
2.7222390249578545e+01  -3.4059321953457314e+01  6.8577432365628708e+00
-2.7532419805969550e+01  3.8400641255798926e+00  -2.9542975001706246e+01
-8.9983771789016316e+01  -3.1175692997218437e+01  -2.5942340929371444e+01
-7.0499392794218451e+01  -2.1009108990109624e+01  -2.7232309951920719e+01
-1.1826252978187527e+02  2.7060967993030943e+01  -1.0540196984419297e+00
1.0256681023827412e+02  -3.7990148926119545e+01  -4.2785862495683178e+00
-4.3796035737659430e+01  -3.9915794979255523e+01  1.6133603017984193e+01
6.6232924232721274e+01  -4.3053908939594500e+01  -1.0752074107861270e+01
-1.1487762980017402e+02  2.4281597993855765e+01  -1.7933137902247339e+01
1.1589312023536483e+02  -2.8317989921222086e+01  -3.7234439650578119e+00
3.7158117268158662e+01  -1.0221145949228312e+01  3.0726189924604878e+01
-8.2050746803871320e+01  -1.0093330994464557e+01  -3.2171336938969574e+01
7.2181915179254418e+01  2.1061202061940779e+01  -3.6939421116248496e+01
1.1568860024708734e+02  -2.8011430921042379e+01  6.6176334351687016e+00
-1.4824007275735043e-01  3.3645693036350089e+01  2.8380442621990959e-01
-1.0887875974816575e+02  1.8383569997126806e+01  2.5622042091032494e+01
5.9341925252551654e+01  2.3356475058830505e+01  2.7841332898389716e+01
-1.0768378974958867e+02  -3.0676182002852759e+01  8.6687692908730565e+00
-8.7931012813393011e+01  1.2508105003353803e+01  -3.3253766932796481e+01
1.9838985246777128e+01  2.2520732044222729e+01  2.2528036943619476e+01
3.6282745220163982e+01  3.8563447049802846e+01  4.4111769244053312e+00
-5.8012194816009476e+01  2.8309243014386670e+01  -3.0480133967426219e+01
1.1485322026246764e+02  -3.1432813796932878e-02  2.9016445835435714e+01
-6.7940441814307789e+01  2.4957611105812529e+00  -3.7259243955428147e+01
1.5367129257364036e+01  7.6250047426942418e+00  2.7008756949104114e+01
9.7254571224797246e+01  -4.0454799928375785e+01  -1.6843656143428028e+01
-8.2956831729371572e+01  -1.0585919993197434e+01  3.2767430062079526e+01
1.0790771020647901e+02  -1.8409695924691981e+01  -2.5790484156162904e+01
5.2405309262935674e+01  -3.5041917943948683e+01  1.8214306907766456e+01
5.2901633190792587e+01  1.4114840055068491e+01  -2.9081958094012101e+01
-3.3663622888998934e-01  -3.1580150963719742e+01  2.5197823804177144e-01
4.3713378253833838e+01  2.0177326053105517e+01  2.7943654916354113e+01
-1.3050331976759054e+02  -1.2405645011458875e+01  -1.2103235834610417e+00
-5.6872821745215155e+01  -4.2992243984234705e+01  8.5464025330256916e+00
4.1384251201794122e+01  3.0588729051214273e+01  -1.4193739081236709e+01
-1.2024720975517057e+02  -2.0405423007496079e+01  7.0803159049983471e+00
-1.0600517975435278e+02  -3.1666258002347902e+01  4.1889260889763520e+00
1.2850665024436557e+02  -1.8199096916326042e+01  7.3815137202574341e+00
-1.2178444975983841e+02  2.0000262992158746e+01  1.5940410105762611e+01
-1.7657595763109907e+01  -3.3721591970175169e+01  -4.1210436120825058e+00
-8.4345223800918873e+01  -1.4483856995276525e+01  -3.0997491936235541e+01
-6.7391575738913232e+01  -3.4602122987887824e+01  1.6739603044857276e+01
1.0420149024436712e+02  -3.6785847925379862e+01  1.4310080485312140e+00
-1.9351826768817638e+01  -3.3233343970915037e+01  -8.9520068101555648e+00
-6.5088215762234356e+01  -4.5095772987628266e+01  -6.9982478575203890e+00
5.2146167192037304e+01  1.9880099547227847e+00  -3.1877610092848872e+01
1.0942663020035293e+02  3.0273451076116753e+01  -1.5553981159100106e+01
1.1994515021946293e+02  -1.8370388920000838e+01  -1.4432804169940132e+01
7.6701108207939313e+01  4.4263031064397154e+01  -4.4453836219918585e+00
-1.0843700981008199e+02  1.8835352995959962e+01  -2.8334546909484192e+01
-1.1932791976918764e+02  -2.2029021007473599e+01  -5.6874395960137525e+00
-2.0218266803460665e+01  -2.0264741717319144e+00  -2.9229345009932466e+01
-7.2342890737861936e+01  2.0821218010757306e+01  3.5405919049158960e+01
8.9339597208661758e+01  4.1955749069026226e+01  -4.5529565363991695e+00
8.2839816270326239e+01  -2.7834572323817182e+00  3.5001882872141259e+01
-4.4075766754621696e+01  -4.5223339979764873e+01  -3.8730611156496414e-01
-1.3123382977889926e+02  -1.2122721011967696e+01  -1.1001072882631977e+01
-1.0830647975439361e+02  2.2081098997231681e+01  2.1364285090286494e+01
1.0926772022181380e+02  -3.0010907923955084e+01  -1.6106194157433677e+01
-8.5026206731499897e+01  -1.4644838994033618e+01  2.9607971064547776e+01
-7.1528412820048686e+01  2.0524073009284979e+01  -3.6502495951765852e+01
-1.0099856973523502e+02  3.3290819001742409e+00  3.2099917082384735e+01
-4.9929250802538576e+01  -7.0559460826401317e+00  -3.0034181975805851e+01
1.0225401022346765e+02  3.5916606074030028e+01  6.4502968489696384e+00
-1.2059154974534432e+02  -1.2771798007350636e+01  1.8110754105204439e+01
-1.1240244978204248e+02  -2.5389051005238674e+01  -1.7995723903856870e+01
9.2661495187268429e+01  3.6872644069743203e+01  -2.4873774140075746e+01
-1.0686102976962962e+02  2.9792903997494374e+01  1.0520824088442335e+01
1.9881838202101285e+01  2.5525127431196495e+00  -2.2903129055937832e+01
-4.9089026728660969e+01  -4.9314574807257765e+00  3.5199011023180240e+01
-1.3152469976540101e+02  1.3745601988420150e+01  9.0770399170638765e+00
8.4068372257113921e+01  -3.8403996932496668e+01  1.2050758871612427e+01
-1.2047781979182191e+02  2.3561971991977469e+01  -1.0865671895820473e+01
-1.0011171980920901e+02  3.2311479989067262e+00  -3.2568528918627806e+01
-1.1938990975883631e+02  -2.1866735007272300e+01  3.4093206040531951e+00
-7.3122938762554242e+01  3.4684782010049439e+01  1.8269647049710279e+01
-3.3195595740066807e+01  1.0717180024976777e+01  3.0243824004605621e+01
-3.5217494751839617e+01  2.5395286024098219e+01  2.4657197006558125e+01
8.9937365249000209e+01  -4.2272170930550914e+01  3.7224682649909111e+00
-9.1472905800911605e+01  -1.7038232997908647e+01  -3.1809102928015353e+01
1.1148781025576626e+02  1.1979192077920235e+01  2.7006954838991490e+01
-9.2216558733236113e+01  -1.5919456966031458e+00  3.2270717072455341e+01
-7.6063884746952411e+01  2.9411444009265782e+01  3.0213604053205909e+01
-1.1976184978692801e+02  2.5597960992361219e+01  -5.9374925966900038e+00
-1.7603566777805103e+01  3.6802324030084556e+01  5.6218067861189391e+00
1.1144736020144677e+02  1.1028393076729081e+01  -2.0760879160938803e+01
-4.4117886785443162e+01  -2.3974676980275966e+01  -2.0514260982040032e+01
-1.0739879977160255e+02  -3.0254039003218672e+01  -1.0431392909463497e+01
-1.5670841757779737e+01  -3.5155930969343686e+01  7.7056196679073916e-02
-6.2531589726855103e+01  -1.3667777985682203e+01  3.3979388038779732e+01
-5.2908834812512460e+01  3.0527839016349681e+01  -2.6714056973321402e+01
-3.8729488751795678e+01  -4.4261665977737195e+01  2.3899675122928010e+00
7.1882673186268548e+01  6.5017300618672280e+00  -3.5472860115547483e+01
-1.0824318973488933e+02  -1.7456613002637219e+01  2.5745954091187716e+01
-1.7472840789885762e+01  3.6244404029868122e+01  -5.1127108140169319e+00
-1.7793514752077296e+01  -3.5141452969998781e+01  5.0643798881080118e+00
1.0192234010622085e+00  7.7404709362254849e+00  -2.2149761034478257e+01
3.4568922205513445e+01  -2.2055904951618505e+01  -2.7801779072140469e+01
3.4892352267104243e+01  -1.4315684950113640e+01  2.8493699927298771e+01
7.6310863246680000e+01  -4.3528756935604548e+01  1.2927409806167180e+00
-1.2531766805835426e+01  1.7610444031188766e+01  -2.5016214019212871e+01
-5.9634686730577045e+01  -2.6539983984802152e+01  2.6605270035781359e+01
8.6969776262464947e+01  9.7179014690612444e+00  3.2136024867106862e+01
8.4607732248469119e+01  2.2904984067998438e+01  2.4129517869485362e+01
6.4752444182281451e+01  2.2982586059298331e+01  -3.3679191107793145e+01
-7.5150112814625516e+01  2.8148007008134520e+01  -2.9322483947808745e+01
5.5540041239794981e+01  -4.6061422943384706e+01  -5.5342814955497266e+00
-3.7304235732306950e+01  -2.4804002764660442e+00  3.2798096009632765e+01
-2.8499087804509394e+01  3.0809477025469725e+01  -1.9630942001264096e+01
-6.2222697731567621e+01  8.8442375145071210e+00  3.7070499037871841e+01
-4.9877382730179157e+01  3.3924672190182812e+00  3.6537941023877487e+01
1.1428909023322143e+02  2.9514020078599998e+01  1.2922714835353750e+01
-1.1498741976235672e+02  2.3452426994622734e+01  1.4845394097898732e+01
1.1351246025208067e+02  -2.7173910921725835e+01  1.1248906837638563e+01
-1.0578223976601537e+02  -3.1081818002512545e+01  -5.8144678112931851e+00
-8.4891663760992003e+01  3.2480568005752708e+01  1.8928864063233288e+01
8.5141696190620536e+01  -5.0003213332706995e+00  -3.5353367130438535e+01
-3.7296339736496805e+01  9.1644504235385220e+00  3.2866005009336966e+01
-4.7519730741129671e+01  2.0737070019783449e+01  3.2523693020752148e+01
-1.0417246978445731e+02  3.4614520998198643e+01  -8.9134683475332543e-01
-6.2682284818313306e+01  1.1631300012494098e+01  -3.7833796961670814e+01
-8.4679350739320995e+01  -3.0826928994202405e+01  1.7592190064549317e+01
-1.2091106976884657e+02  2.4014564992316640e+01  9.3546898046642131e+00
-9.1391295807986651e+01  -1.7946641979107676e+00  -3.3109844928484137e+01
-1.1977740977591439e+02  2.5208632992589433e+01  3.5613331033373914e+00
-3.1128766737264318e+01  -2.7875852974509812e+01  2.0334285003190633e+01
-1.2631496792801087e+01  -1.6744758968838230e+01  -2.4628308018252703e+01
-1.2077888977559485e+02  -2.2525446008147131e+01  -1.1444901894340965e+01
4.3246438240577795e+01  3.0948355052734090e+01  1.9809882916623256e+01
-7.6067508807002739e+01  3.2142255007993839e+01  -2.1382797946857192e+01
-3.7160806799740278e+01  3.3872390022422181e+01  -1.4482974991426609e+01
1.2614118025025927e+02  -1.8586012917069169e+01  1.2407417822974127e+01
1.1495440021200491e+02  -1.8858999921994169e+01  -2.1105942164216430e+01
2.2682296202041840e+01  -9.5857120559510456e+00  -2.6841987058843902e+01
1.0732256019788338e+02  1.7048118075188228e+01  -2.1946856156366415e+01
-1.1264883974393690e+02  -2.4947549004505547e+01  1.5441605096414238e+01
-1.3091704748562117e+01  1.7620645032216032e+01  2.5031407981427702e+01
1.9393233261281171e+01  2.6696511442149284e+00  2.8844672944618470e+01
-8.3185815788749210e+01  3.8424821005827461e+01  -3.4213966388653527e+00
-9.7707416805668117e+01  -1.0530456000244479e+01  -3.3881325921040521e+01
-3.0016018806395373e+01  2.0840759024794608e+01  -2.4471071999282550e+01
1.0504220019448762e+02  2.9123216074374678e+01  -2.1047311154054015e+01
-3.7594036766733289e+01  3.5627188022987475e+01  1.4919849009025988e+01
-7.4965357792873959e+01  -2.6262380991758796e+01  -2.7739716946680275e+01
-1.9621468746320051e+01  -3.5178028970545085e+01  1.0083241990200916e+01
3.1470460258083293e+01  1.0958453048637510e+01  2.8704671930592554e+01
-8.5655037796346960e+01  -2.2131109995718472e+01  -2.9451443934548198e+01
8.1854430243552102e+01  -4.3684410933641487e+01  -1.4902026257237890e+00
5.8109167265984937e+01  7.8862520585457876e+00  3.4625201900181523e+01
-4.1948306797462429e+01  -1.0463810979632944e+01  -2.6690008984855726e+01
4.9391759209242238e+01  3.9099695054376227e+01  -4.9603226906104965e+00
-1.0722024979421226e+02  3.1450421996846835e+01  -1.0428277911187374e+01
-7.3198328796808212e+01  3.6108847009295971e+01  -1.1204823950238509e+01
-5.8258559797512703e+01  3.3897742014738469e+01  -1.2528430967281890e+01
9.7183023196645536e+01  3.8756660071616878e+01  -1.6076932145296805e+01
6.6625487194506150e+01  4.6430684060432718e+01  -1.5488912110514185e+01
2.1423006214874697e+01  -2.3115557956243109e+01  -1.9961413057069521e+01
-1.3070096978614060e+02  1.2563019988266433e+01  -9.4235165838497199e+00
-6.2281431373056479e+00  -2.3053098651835451e+00  2.8486394974063391e+01
7.8405612631819031e+00  -7.6156031600590701e+00  2.7211939958093218e+01
8.5773836204609495e+01  -2.3107295932880817e+01  -2.8928312130716087e+01
-5.5971732012334945e+00  -2.2052292663271027e+00  -2.7340525026661190e+01
8.4192091029209895e+00  -7.3676325611417326e+00  -2.5363525042575120e+01
6.1207458195824017e+01  -3.5670400419187831e+00  -3.0347701103082276e+01
1.3422473022899712e+02  -5.6999751144626263e+00  -2.0446558865944304e+00
-1.5468597784136167e+01  3.6871953030731298e+01  1.1213583367385692e-01
-1.1381600762601989e+01  2.9132813032631422e+01  1.6450066979187074e+01
1.0463133021712899e+02  3.7659389074778616e+01  1.4697603462059949e+00
-1.3136058976392482e+02  -1.0944337011682643e+01  2.4606660174840753e+00
-9.8434206776761158e+01  3.5088380000470920e+01  5.9851419786678459e+00
-2.8980423759026539e+01  3.1508374026277526e+01  2.0334931999269561e+01
-3.9823719751212835e+01  2.7512070022440327e+01  2.5882704011777594e+01
7.0460902268748825e+01  2.8765175630923823e+00  3.5436001886168938e+01
1.2806717023308042e+02  -1.7075437916721071e+01  -2.1194264792672737e+00
4.5971654229762372e+01  3.8429729053559100e+01  1.2755248913320141e+01
6.0554124232501415e+01  3.5134626058936192e+01  1.4093415896712367e+01
9.8930299195288327e+01  -8.5407121281449694e+00  -3.2408459146131726e+01
8.8173317234498384e+01  3.1445479069071872e+01  1.4656987865194406e+01
1.0156748020251085e+02  3.9906899073358957e+01  -1.0583594150342927e+01
1.0671018025173051e+02  1.6433735076117628e+01  2.4907033844349556e+01
1.2713445206619678e+01  2.9117476040799307e+01  -1.0448381048388146e+01
8.7728493189162947e+01  -3.1758462314881025e-02  -3.5035944133521355e+01
7.0404220261938775e+01  -3.9052399937405568e+01  1.6059006887266346e+01
1.2611400024185089e+02  1.6697047083018177e+01  1.6358704822136353e+01
7.2694131257018839e+01  1.8188923063779153e+01  3.0089926883236028e+01
8.2998581265314854e+01  8.1458820676548189e+00  3.4122820871690415e+01
-1.0351352979980237e+02  -1.8194863002306512e+01  -3.1210246914206966e+01
-8.6001987749541144e+01  -3.9156826994972718e+01  5.9946171662681440e+00
-3.5098361734190647e+01  -2.0335312975838974e+01  2.5434640007547944e+01
3.5055018261517105e+01  -3.0486464950301770e+01  1.8433543927510829e+01
-5.3385146727795224e+01  -7.9948749823057348e+00  3.4974512028172377e+01
-3.5277360803637947e+01  -4.0333242772703688e+00  -3.0026884992648654e+01
4.4307557248762834e+01  2.5098058053252959e+01  2.5088424915552928e+01
2.8557125198935260e+01  -2.2074191538067169e+00  -2.7193771065749054e+01
1.1608796020218833e+02  2.5244397078557814e+01  -1.5560657166599826e+01
4.5281255207015796e+01  -2.7246601947701283e+01  -2.8151225084272383e+01
8.9326191201394764e+01  -1.9302630931618129e+01  -3.0518949134875278e+01
-9.8054162733137545e+01  -9.9637402988063908e+00  2.9676023079342357e+01
2.4232215204546225e+01  2.3374601044930770e+01  -1.4099116061429390e+01
7.6900264189109024e+01  4.5222524064072523e+01  -2.0591693122243413e+01
-1.1086439980007088e+02  -1.3549448004969580e+01  -2.9957311905908657e+01
7.1044549270924193e+01  -5.2254400367108040e+00  3.4742393885700501e+01
-1.1069333980057371e+02  2.7451744995405608e+01  -1.7267230907114119e+01
1.1462716020086752e+02  1.7803270077935366e+01  -1.9097569164744765e+01
-5.5785337729823937e+01  5.8578500168802359e+00  3.7637793030578145e+01
-4.7917527730580588e+01  -2.3866938980487074e+01  2.7458141022305821e+01
8.1703700632501519e+00  -1.3152380959980396e+01  2.5498580957852120e+01
5.7631876270498623e+01  -1.3073628941697290e+01  3.1857377901243915e+01
9.8508314191830692e+01  2.7437201071909698e+01  -2.3908792146534783e+01
4.3511749195698911e+01  2.7685802051839900e+01  -2.0449199083600035e+01
5.5119613186540562e+01  3.4698414055952156e+01  -2.6206008097057360e+01
1.3489340222779138e+01  3.3828092041468516e+01  5.1798929506078766e+00
1.0509979021486801e+02  -2.9810256925630409e+01  -2.2111035152668627e+01
8.8567817264524351e+01  -2.7911569930605538e+01  2.1885747866204646e+01
4.5624269220510584e+01  -3.5445383947349846e+01  -1.8985143084463044e+01
-7.8696992732431951e+01  6.9875840084364276e+00  3.5720734056771583e+01
1.0396839019464720e+02  2.2136983073929496e+01  -2.3145024152653047e+01
8.7110352070693882e+00  -1.2733658960987835e+01  -2.3457046042776955e+01
6.0341048268429638e+01  -2.5852253940849732e+01  2.5957553898458084e+01
5.1290999199102259e+01  3.9576348054857824e+01  -1.3667815092795822e+01
6.3751672190686484e+01  4.4733122059283950e+01  -1.9370054107183442e+01
5.3062531249419457e+01  -4.5091430944077914e+01  3.1860283072617750e+00
-9.1716481733714218e+01  -1.5607790996540693e+01  2.7364791072228183e+01
1.0356217022372292e+02  -3.4620757926041307e+01  -1.5914207150790434e+01
-1.1007466798996894e+01  2.8442547031979956e+01  -1.5572166021224106e+01
-6.8941726735597030e+01  1.7076335012022959e+01  3.6185768045358721e+01
1.0343309020468496e+02  -1.8492967926371087e+01  -2.7384782151039872e+01
4.4829866266302417e+01  2.0339048536399069e+00  3.3028557915523145e+01
2.2049573264526209e+01  -9.6110588548386016e+00  2.7747583941880841e+01
-4.1043820734988230e+01  -3.5254277978152651e+01  1.9960359014719625e+01
5.8223117253599490e+01  -4.3519285942084331e+01  7.3418893013170221e+00
-4.5194622771202511e+01  3.7531425020120885e+01  1.1624500017677592e+01
-5.4223958738102766e+01  1.9881523017384890e+01  3.4894576028445876e+01
-7.4930679782493129e+01  -3.7338774991610052e+01  -2.2216046946447197e+01
6.5122327179565914e+01  3.3469147059458152e+01  -3.2693967108474702e+01
6.5452763184219990e+01  4.2758126059752641e+01  -2.5652787109081622e+01
1.1491912025656386e+02  -2.3012151921081042e+01  1.6498906835926221e+01
-1.2847226976049808e+02  1.3976201989646116e+01  1.3434976113564842e+01
7.5509829254487045e+01  -4.3373682935728894e+01  8.1640505815296436e+00
-9.7785949738651453e+01  1.1677530001343914e+01  3.1788052078502464e+01
-1.0572100978915955e+02  3.2913426997516538e+01  -5.5448008129392061e+00
7.3977351196169494e+01  -1.0164770937283503e+01  -3.2158560117534314e+01
-3.8236209011163842e+00  1.9371468034495532e+01  -2.0328886029222282e+01
8.1814344395475604e+00  2.7993030039838096e+01  1.7963319956826208e+01
9.0580656240687148e+01  2.8772272070066197e+01  1.9208599862505157e+01
-6.9945387778430756e+01  3.6977111010890390e+01  5.1310888460172785e+00
1.2007372230107110e+01  3.3604162041081331e+01  1.1511231952309430e+01
-9.6910667811848953e+01  1.1577263000088850e+01  -3.2202674922496783e+01
2.5593703254596111e+01  -3.4073695953946334e+01  1.1237392938427178e+01
1.0001996022908607e+02  3.2763067073307333e+01  1.0349731851604057e+01
4.7188178197214945e+01  3.4095031053270390e+01  -1.7072148087965363e+01
1.1546507024033730e+02  2.4435197079144036e+01  1.7514089834132967e+01
1.5127446217342287e+01  3.3913306041952531e+01  4.5655892873104648e-01
1.5769911204371503e+01  6.6594866416939595e+00  -1.9604314051333070e+01
1.1796201252836532e+01  -3.1507660959020434e+01  1.0521607954154549e+01
8.4576803268118994e+01  -2.0953905931935935e+01  2.7254670870600826e+01
-1.9418816772104698e+01  3.6540869029539913e+01  1.0518992988202841e+01
-5.0791403757282197e+01  -4.3333735982268351e+01  -2.1069119739257807e+00
9.9845478253220207e+01  -3.3035217926756175e+01  1.0367698853424091e+01
-4.4574434763239481e+01  -4.2781948980113803e+01  -7.1355760810543840e+00
-1.1889267980456735e+02  1.3895887992207911e+01  -2.5097670897396551e+01
8.8176267233900361e+01  -4.5236429931544606e+01  -1.0420701132920602e+01
-5.6297612741125661e+01  -4.0543414983916605e+01  1.2903889032307090e+01
-3.2051147764346062e+01  -4.1030835975534316e+01  -7.5417483954297948e+00
9.6259214239348466e+01  -4.3824184928454024e+01  -5.2080283422059148e+00
-7.8642434728775001e+01  -5.7049765915649804e+00  3.4851681057021715e+01
-4.9112259735786346e+01  1.4095219019262426e+01  3.5065726022738275e+01
1.0291516024822947e+02  2.0440602074683103e+01  2.3130967848594096e+01
1.0186331026604350e+02  -5.1858652255211410e+00  3.0490400850428962e+01
3.1882636198994415e+01  9.8750030475085584e+00  -2.3273040069852481e+01
2.8792819204434444e+01  -1.5792423953709140e+01  -2.6738893065684252e+01
8.0046016247820077e+01  2.4629728066326312e+01  2.4114699874663547e+01
1.4899378241494702e+01  -3.2092871958131859e+01  4.2392911061752725e-01
-1.1146465777848455e+01  -2.5932292968044706e+01  -1.4505016019725995e+01
-4.6134054807654962e+01  2.4357964187154768e+00  -3.1465333980383008e+01
4.1242199220973781e+01  3.9601411051645989e+01  5.4511431187039188e+00
-9.3301217741144200e+01  -3.3164111997419781e+01  1.5250708074474176e+01
-1.0519128973748531e+02  -2.7185138001651342e+01  2.0362361087934541e+01
5.8495905208854005e+01  4.3375646057738052e+01  -3.9303069011350447e+00
-9.4281093744966526e+01  -3.5903244997882730e+01  1.1033698075663050e+01
2.7940166263179041e+01  -1.9432954526483546e+00  2.9025830934950523e+01
1.0396659019753642e+02  3.5573676074096966e+01  -1.6317754152981880e+01
-8.5984530733061845e+01  -2.1042705994468886e+01  2.6194443065802083e+01
-6.2191569728632089e+01  1.4624136145234818e+00  3.7271693038018000e+01
-6.7080876753097954e+01  -4.2929901988144856e+01  1.6785125447067768e+00
1.3423548024182554e+02  6.6626888859148412e+00  1.3123364813088822e+01
1.3419510024676049e+02  -6.8250128141001296e+00  1.3116360813467184e+01
1.2251578020880804e+02  1.5254803080977132e+01  -1.2975358173710145e+01
4.8704312192267068e+01  1.7394199053587855e+01  -2.6743469089289231e+01
-3.4422725790700419e+01  -1.9504223976800780e+01  -2.3676423993245756e+01
1.3270710246512266e+01  -3.2107245958620879e+01  4.8035823524818113e+00
-1.2278995974433057e+02  9.8058279197395781e-01  2.3400347107381748e+01
-1.2804371978337036e+02  -1.2344047010896547e+01  -1.4978692886277450e+01
-4.3160559509031646e+00  2.0582749035405094e+01  2.3934373971311455e+01
-1.1949611974910532e+02  1.3644684993178201e+01  2.3283599103300240e+01
-3.3055559744097792e+01  -4.1145763975467617e+01  1.0114021005722535e+01
-7.5379145730667446e+01  2.5003824096549243e+00  3.5825612053084974e+01
8.0286730218189945e+01  -3.9578625934729381e+01  -2.2336440124030744e+01
8.8407590221614541e+01  3.7107029068925144e+01  5.2122793647868715e+00
3.0391855217018168e+01  -2.6555274952937232e+01  -1.9189955067249223e+01
4.8166931257555049e+01  1.7747657054798555e+01  3.0417148911317071e+01
-5.5338726804061928e+01  3.2852228015659342e+01  -1.8585828970597749e+01
3.3816426267051050e+01  -2.0853949950560651e+01  2.6353527928691125e+01
5.8103142269206835e+01  1.0559943585590448e+00  3.5253238900356621e+01
-4.9176390772763376e+01  -3.5775897981950010e+01  -1.3213892975960205e+01
-6.5057683748072918e+01  3.1581460013292304e+01  2.9929408040556414e+01
-1.1503139743658616e+01  -2.7009662967448229e+01  1.5024435980708732e+01
9.4202560267489304e+01  -1.6382113928385817e+01  2.8168440859472035e+01
-7.5312227733454051e+01  -2.4537322990593729e+01  2.4732686053674218e+01
1.1923103230932343e+01  -2.7413611959412972e+01  -7.3068654460915043e+00
-3.0589527783423680e+01  -2.6371611975293575e+01  -1.9517222997463548e+01
2.8597170242848378e+01  -3.5307784953108147e+01  5.7726603502024731e-01
-1.6686509752238692e+01  2.1666047030851406e+01  2.3114305985442158e+01
7.8962763264565638e+01  -3.4082714934173339e+01  1.9945710877349129e+01
1.1253186022111537e+02  -2.7361340922752984e+01  -1.5868020161234574e+01
2.0963817262799640e+01  -2.3780349955385393e+01  2.1701636943472373e+01
-8.7209092808768261e+01  -3.1028988964052204e+00  -3.4211713933238244e+01
-3.9190486885171185e+00  -1.9153239965572130e+01  -2.1656301028164357e+01
-2.1630697801518988e+01  -7.5652190722514341e+00  -2.9306369008179612e+01
5.9727298204368388e+01  -1.7076379942383905e+01  -2.7207761101055624e+01
-1.8092322736711456e+01  -4.6351074695370826e+00  2.8259536987698734e+01
7.2016157268984870e+01  -2.3319811936539153e+01  2.7253638885034132e+01
-4.4042426383928639e+00  -1.9068512964670713e+01  2.2168475972388833e+01
-9.4219015769163050e+01  -3.6914675998388617e+01  -1.0432662924383088e+01
4.1602811263863785e+01  6.0945126524368112e+00  3.2198015919116365e+01
1.2093334026172325e+02  -6.6050572186365635e+00  2.6260983828639201e+01
-1.6158292804031809e+01  2.1345944029927992e+01  -2.2244062015154476e+01
1.2097109025691751e+02  6.5061102813772544e+00  2.6260290828273121e+01
2.5371295233499087e+01  -3.0454947954453271e+01  -6.0379932614074026e+00
2.8148305265573530e+01  -1.5489607952627376e+01  2.6780275935045907e+01
-5.6061914760495590e+01  3.5743245016354564e+01  2.0407394030158709e+01
7.3959430229882088e+01  3.4369395063786527e+01  1.1559663881389497e+01
1.0829584023776248e+02  2.7054871076481934e+01  1.6103131842273289e+01
-1.9123370793997658e+01  3.4320632029159590e+01  -9.3216402120806059e+00
-6.1949094748371195e+01  -4.2303869986157522e+01  6.0091459388182873e+00
-4.4694076794786795e+01  3.3978164019768826e+01  -1.0120837982807755e+01
-1.0362778973479442e+02  -1.6909104000939422e+01  2.6004229085892135e+01
8.7757499252859944e+01  -3.9359058931243759e+01  8.0278831674139202e+00
6.9349460249046189e+01  -4.3516981938104735e+01  3.3640459885834120e+00
1.3367756024142511e+02  -9.9813894144294935e+00  7.4436904141372127e+00
-6.6937407790738206e+01  -2.7694751988782070e+01  -2.6332205955832599e+01
-6.4166242814430944e+01  2.9993527012178600e+01  -2.8561500960424691e+01
-9.2746664762779659e+01  -3.9060107997728586e+01  -5.5419828260152864e+00
-1.1995318736974433e+01  -6.2385959673209728e+00  2.7516283980760498e+01
-5.9803180796747277e+01  -1.6457824986208230e+01  -2.7984531964274094e+01
-4.0284687778166422e+01  -3.0842063978768760e+01  -1.6355062986257824e+01
-5.2729831777093118e+01  -3.4442886983334915e+01  -1.6570286971926294e+01
-6.4064046772025847e+01  -4.2009750987439290e+01  -1.4565662958768499e+01
-4.9442482785648949e+01  -2.5262571982241891e+01  -2.1106482975914577e+01
-1.1107126973692515e+02  -1.2880210003681363e+01  2.5432560094311615e+01
1.1420614026218450e+02  -1.7784817921180167e+01  2.3084035836613463e+01
4.1552862267770244e+01  -5.6473501475900276e+00  3.1851425919462674e+01
1.1424961024891408e+02  1.7521524078828634e+01  2.2794413835694261e+01
6.4566271267436846e+01  5.0706550609212071e+00  3.4992240892861020e+01
-2.7970769738985553e+01  -3.1450313973417700e+01  1.7685682999664483e+01
-7.5251893817555271e+01  7.2710197078695504e+00  -3.8567707947178143e+01
-3.0977830779359941e+01  3.8651898025164328e+01  4.8554869013795798e+00
1.0805390025732456e+02  -2.6576012923608722e+01  1.6022377843870892e+01
-8.6443760731555685e+01  -4.3289800944729713e+00  3.2862584065916060e+01
6.8467178180767959e+01  2.2021887060619552e+01  -3.5309305112020816e+01
6.6771748270707434e+01  -7.9331185383027050e+00  3.3685923890657193e+01
-3.4407697560374011e+00  2.4332679035644958e+01  2.0648978970217389e+01
9.1136605226501800e+01  -4.3160593930602545e+01  -1.6220712136359683e+01
8.4197973227584782e+01  -4.1907527933112199e+01  -1.4873160128449618e+01
4.4394688267315452e+01  -2.4651089946708211e+01  2.5368638916678332e+01
8.6079297196428001e+01  4.4075531067584876e+01  -1.4563785132720119e+01
-9.5232034810241345e+01  2.8142729000869249e+01  -2.5493369924825839e+01
5.3012026257889389e+01  1.7724678056581187e+01  3.0701925905772665e+01
5.1421101255642178e+01  -4.2033839944521446e+01  9.6024254090650150e+00
1.2292567022335727e+02  -1.8069645918822378e+01  -1.0933692173358597e+01
9.2097521187919867e+01  2.3889962069448160e+01  -2.8461892139110589e+01
-6.2808611803709674e+01  3.3957765012938104e+01  -1.7924018962076058e+01
-1.6968463775328456e+01  -2.9139931970149409e+01  -1.3330238012984012e+01
5.9222428188427877e+01  4.0179728057539577e+01  -2.2801675101887813e+01
-9.3080543784060836e+01  -3.4437933998272428e+01  -2.2656957925747005e+01
-1.0487203978879654e+02  -2.7982026002644734e+01  -2.4727618912411202e+01
-9.1231647756813217e+01  -4.0467494997056086e+01  -7.7928535771449103e-01
-3.5546073407289351e+00  -2.2563980964437174e+01  1.9007937971502546e+01
-9.9868233778356611e+01  -3.2847028000624675e+01  -1.7163280918018007e+01
-1.2214981979979628e+02  6.8505399101272779e-01  -2.5159172893343584e+01
-1.0425269981048169e+02  2.2005504997509814e+01  -2.7668630914350999e+01
1.2290295025359994e+02  -1.8484348918183223e+01  1.5358996826677618e+01
9.0641736215996133e+01  4.0260569069647879e+01  1.3128463621523419e+00
-2.5541956736366060e+01  -1.5421498972344830e+01  2.5107308996490101e+01
-1.5957157757501189e+01  2.7072852031048100e+01  2.0247407984474300e+01
-8.0124440776472369e+01  3.8115563007211122e+01  7.2068516576386701e+00
7.1209325262690911e+01  1.2534151063312468e+01  3.3235284885074570e+01
8.1750108233682241e+01  3.2375112066707686e+01  1.4241548872522559e+01
6.9988068031306154e+00  -2.2445780616173678e+00  -2.3539847041075703e+01
1.3616294023649695e+02  3.5667445864821374e+00  7.4759506109591802e+00
-5.6662809748886403e+01  3.0733538016344642e+01  2.8947074030969773e+01
-1.7091406793792714e+01  -1.6477396970491917e+01  -2.5409159013155136e+01
-1.5654771783654789e+01  -2.5995633969822336e+01  -1.9598768014564900e+01
1.0355332026140056e+02  -2.5399142925161094e+01  1.9960762848992601e+01
1.2371577022883913e+02  2.6160047081933918e+01  8.0195190246479715e+00
3.9472868207622625e+01  3.7023784050689954e+01  -7.0402548792076916e+00
-6.8584707746492668e+01  -4.0835403988537323e+01  8.1208132463762581e+00
5.9148109211656653e+01  -2.9642899942538435e+01  -2.4863467100083305e+01
9.2607319188411751e+01  1.7893514069598286e+01  -2.9952283139546363e+01
6.0098075189563090e+01  1.0499533057650858e+01  -3.1313969102159042e+01
8.8340061201116569e+01  4.5017540068521704e+01  -1.0165367135330650e+01
1.3391267023400010e+02  1.0317495085656972e+01  7.4560081133682603e+00
6.7387521208899585e+01  4.3565363060999104e+01  -3.8297351113157347e+00
4.0734711247625654e+01  -4.0625429948599162e+01  3.0487432212603798e+00
-5.1032238818263018e+01  2.5924825016877367e+01  -3.3212776975355716e+01
-4.0825514811268988e+01  3.0362043020803387e+01  -2.5680622987146084e+01
9.3276272218481679e+01  -3.7125900929943384e+01  -2.1296116138957039e+01
1.0360317024239072e+02  2.5011029074845649e+01  1.9492710847694152e+01
-1.1767776979599796e+02  2.3921781992916600e+01  -1.4399401899033855e+01
1.3196782024721466e+02  3.2956425851732050e+00  1.6754075815766967e+01
1.3194768024968212e+02  -3.4482084148342627e+00  1.6750570815956088e+01
8.1411407183085842e+01  1.4362434065352796e+01  -3.5736686126646227e+01
1.1143099020924195e+02  -1.8634349923343102e+01  -2.3448215160189594e+01
-2.4178368742742148e+01  -3.3405804972124123e+01  1.3777048995372422e+01
-1.2008253980158558e+02  1.6747035991858496e+01  -2.1579255896105028e+01
-1.6060059740080717e+01  -2.5237436969027272e+01  1.8718238985880262e+01
-8.5829026806576664e+01  3.2163791004425811e+01  -2.1003616935686143e+01
2.3065151201055293e+01  8.9147281443139246e+00  -2.1779782059737652e+01
-7.5733876658501522e+00  3.1242476033973791e+01  1.4287440974776807e+01
1.1744975021573391e+02  -1.8614694920997515e+01  -1.7769377167078250e+01
-8.3429825745790751e+01  2.5135493006557610e+01  2.9859403061741165e+01
-6.2289661820181522e+01  2.5390522012706285e+01  -3.5060221962458996e+01
7.1326670179791989e+01  3.3748440061738968e+01  -3.2406983115582143e+01
1.2382336021447725e+02  2.6045793081663412e+01  -4.5662002754723447e+00
8.4081162093012498e+00  -1.7229420961086277e+01  -2.2946524042319570e+01
2.1235003209622718e+01  -2.0651301956405586e+01  -2.3761389056915046e+01
2.2630002256814208e+01  1.0020118045362976e+01  2.7295292940733134e+01
-1.2759690979117791e+02  1.2869640989298027e+01  -1.3726859887409717e+01
6.6057104258542921e+01  1.7555669061374640e+01  3.1218849890847377e+01
8.7691362269538047e+01  -3.2015410306239942e+00  3.4179298866599204e+01
-1.5485560802275305e+01  2.6318451030251541e+01  -1.9116961016046840e+01
-7.8096285789728427e+01  3.7855601007667104e+01  -4.4592790446760526e+00
-8.8563968798629276e+01  -1.9584672996813556e+01  -3.0630272931281780e+01
-3.6847961740341184e+01  -3.9190269976761186e+01  1.4022661010014597e+01
-1.3075119975948755e+02  -1.0189060011357880e+01  6.5797379167680594e+00
3.8828971204305276e+01  3.4785628050364956e+01  -1.0655603078415668e+01
2.6365578206295510e+01  3.0360958045805333e+01  -1.0333444064042965e+01
-7.2604449966837619e+00  3.0064482033415718e+01  -1.3031614025552331e+01
-3.0813092789172231e+01  3.6989573025000453e+01  -4.2506225987680182e+00
9.7333934265932015e+01  -1.9394784927295504e+01  2.5842994855962520e+01
-1.1794932976560165e+02  2.3733495993469656e+01  1.2100043101281569e+01
3.3675208239909111e+01  3.0882619049211545e+01  1.9204545927578678e+01
6.2886056032354301e+00  3.1694865814481488e-01  -2.2628008040325991e+01
-6.3073744011286745e+00  3.5629750343507999e-01  -2.6428681025911480e+01
7.1282288194025995e+01  4.6779521062131749e+01  -1.5796738115852257e+01
-3.1087256793788178e+01  -1.6288968975619493e+01  -2.5344855997142215e+01
2.0670742264908895e+01  -2.0529408955421779e+01  2.4585681943727721e+01
7.8674667636860320e+00  -1.7532465960116564e+01  2.4476851958306639e+01
-7.3367380739215164e+01  -3.3588187990076321e+01  1.6800460051671323e+01
-7.4914535807937625e+01  -5.1134949918975270e+00  -3.4129761947259247e+01
6.4206492252115012e+01  -4.4969391939934937e+01  5.5804244945050536e+00
1.1275724020127063e+02  2.7758926077337264e+01  -1.5557319162849902e+01
3.2832844197324228e+01  -3.3572222522834965e+00  -2.8969660070614090e+01
-2.3994373767003907e+01  3.4480912027956585e+01  1.4316327993490070e+01
3.3834147250519329e+01  -3.6396397951032434e+01  6.9313985290535918e+00
-2.9162570785060346e+01  3.8913355025708988e+01  -4.1692222704334925e-02
-6.4482109777001213e+01  -3.8798459987674228e+01  -1.7884726958369129e+01
-5.3147888782068478e+01  -3.1231600983569866e+01  -1.9889344971526928e+01
-6.5318211786951949e+01  -3.2375882988144113e+01  -2.4522856957570408e+01
-1.1925844974241831e+02  2.6111308933221813e+00  2.5593384103299954e+01
-7.6602243803243944e-02  2.0993384035931289e+01  -1.7788335033550503e+01
1.2060028021012579e+02  -6.2739203198662707e+00  -1.8717866170987783e+01
-1.0963076980781081e+02  6.5370400954743673e+00  -3.0288201907815132e+01
9.8944327199089585e+01  -1.3558475928097604e+01  -3.0693776146024220e+01
1.3596811023898704e+02  -3.2444291135893937e+00  7.4706547113498871e+00
-1.1041832974003628e+02  6.6111265966446835e+00  2.8955640093084366e+01
9.1655788261550171e+01  -3.0903267929561455e+01  1.8328959862744288e+01
6.5329032250040520e+00  3.2525880038956750e+01  6.7069868586012458e+00
8.6496730226709403e+01  3.4322077068312531e+01  8.7722711670423372e+00
5.6765451228208292e+01  -4.3990865943168608e+01  -1.4995473097003138e+01
6.7865257220198544e+01  -4.0880667939248610e+01  -2.0998299109782913e+01
-1.1852251980123361e+02  -1.0182730077023101e+00  -2.6960545897452906e+01
-3.8092592733825150e+01  5.8435244232780130e+00  3.4137015010330018e+01
-4.9908516733114695e+01  1.0774287019001918e+01  3.6336736023731341e+01
9.8597986569046459e+00  -2.7774355959613107e+01  1.5271731956278730e+01
1.3292178236932063e+01  -2.9720361958800332e+01  -2.8030911476015365e+00
6.5562595195556497e+01  -5.6434596403448554e+00  -3.1246370108015380e+01
