-1.10642e+00 5.90519e-01 9.40942e+01
8.75077e+00 1.02248e+00 9.39209e+01
3.45068e+00 9.34247e+00 9.38069e+01
-6.43475e+00 8.94550e+00 9.39920e+01
-1.09614e+01 1.55452e-01 9.36705e+01
-5.63786e+00 -8.13752e+00 9.34488e+01
4.21282e+00 -7.75303e+00 9.41463e+01
1.86541e+01 1.45335e+00 9.31643e+01
1.54539e+01 1.11251e+01 9.23579e+01
8.02059e+00 1.80958e+01 9.27897e+01
-1.98329e+00 2.05727e+01 9.39314e+01
-1.18768e+01 1.74767e+01 9.37923e+01
-1.87835e+01 9.77796e+00 9.31922e+01
-2.08263e+01 -2.83597e-01 9.25859e+01
-1.75654e+01 -9.92920e+00 9.16961e+01
-1.01205e+01 -1.67940e+01 9.19923e+01
-2.25125e-01 -1.92251e+01 9.32939e+01
9.64814e+00 -1.62676e+01 9.40718e+01
1.66280e+01 -8.63238e+00 9.41556e+01
2.87256e+01 1.88958e+00 9.20332e+01
2.63394e+01 1.13474e+01 9.07991e+01
2.13143e+01 1.96263e+01 9.05745e+01
1.40513e+01 2.61035e+01 9.12798e+01
5.01339e+00 3.00560e+01 9.24819e+01
-4.92437e+00 3.06738e+01 9.30468e+01
-1.44781e+01 2.77720e+01 9.27635e+01
-2.25349e+01 2.19070e+01 9.25029e+01
-2.80983e+01 1.36834e+01 9.16149e+01
-3.06175e+01 4.17455e+00 9.07912e+01
-2.99279e+01 -5.55641e+00 9.03735e+01
-2.61037e+01 -1.44445e+01 8.95266e+01
-1.98306e+01 -2.17197e+01 8.94634e+01
-1.16597e+01 -2.67972e+01 9.01868e+01
-2.22369e+00 -2.90993e+01 9.12961e+01
7.60002e+00 -2.83318e+01 9.30519e+01
1.66547e+01 -2.41306e+01 9.38099e+01
2.37355e+01 -1.70324e+01 9.38388e+01
2.79283e+01 -7.96892e+00 9.33326e+01
3.92140e+01 2.34470e+00 9.10070e+01
3.67580e+01 1.24965e+01 8.93309e+01
3.21301e+01 2.17109e+01 8.86218e+01
2.56334e+01 2.96936e+01 8.88363e+01
1.74242e+01 3.60899e+01 8.98934e+01
7.70580e+00 4.02082e+01 9.10021e+01
-2.86433e+00 4.13307e+01 9.13153e+01
-1.32831e+01 3.92697e+01 9.06407e+01
-2.27326e+01 3.45494e+01 8.98647e+01
-3.06827e+01 2.76776e+01 8.94064e+01
-3.66701e+01 1.90803e+01 8.93357e+01
-4.00868e+01 9.19924e+00 8.89280e+01
-4.06655e+01 -1.17793e+00 8.82826e+01
-3.85025e+01 -1.12631e+01 8.76819e+01
-3.38416e+01 -2.03590e+01 8.69378e+01
-2.72255e+01 -2.80559e+01 8.68336e+01
-1.90254e+01 -3.40510e+01 8.75122e+01
-9.54645e+00 -3.78740e+01 8.83856e+01
7.00912e-01 -3.92229e+01 8.94848e+01
1.10676e+01 -3.78084e+01 9.04462e+01
2.08511e+01 -3.37994e+01 9.18315e+01
2.91920e+01 -2.71270e+01 9.24703e+01
3.53972e+01 -1.83889e+01 9.27341e+01
3.88262e+01 -8.25386e+00 9.22317e+01
5.01082e+01 2.81393e+00 8.92904e+01
4.77704e+01 1.31926e+01 8.77542e+01
4.35540e+01 2.27899e+01 8.66352e+01
3.78646e+01 3.15010e+01 8.63732e+01
3.08204e+01 3.92108e+01 8.69194e+01
2.23856e+01 4.55745e+01 8.78844e+01
1.26706e+01 5.00917e+01 8.89192e+01
2.08344e+00 5.19068e+01 8.87948e+01
-8.58858e+00 5.10203e+01 8.79271e+01
-1.86647e+01 4.76979e+01 8.65770e+01
-2.78053e+01 4.25655e+01 8.55721e+01
-3.58833e+01 3.60015e+01 8.53226e+01
-4.26658e+01 2.80955e+01 8.56702e+01
-4.77114e+01 1.89303e+01 8.61283e+01
-5.05476e+01 8.82745e+00 8.62125e+01
-5.08701e+01 -1.64084e+00 8.55314e+01
-4.89675e+01 -1.18626e+01 8.49632e+01
-4.50396e+01 -2.14211e+01 8.46130e+01
-3.92758e+01 -2.99229e+01 8.42828e+01
-3.20158e+01 -3.71216e+01 8.42357e+01
-2.35210e+01 -4.27726e+01 8.44062e+01
-1.40864e+01 -4.67174e+01 8.49054e+01
-3.99978e+00 -4.87119e+01 8.55239e+01
6.35645e+00 -4.85743e+01 8.61190e+01
1.65972e+01 -4.65052e+01 8.73379e+01
2.61935e+01 -4.20989e+01 8.79254e+01
3.48184e+01 -3.58732e+01 8.89186e+01
4.20254e+01 -2.79189e+01 8.99926e+01
4.72016e+01 -1.84195e+01 9.03974e+01
4.99671e+01 -7.95379e+00 9.02073e+01
6.12077e+01 3.28591e+00 8.64052e+01
5.91206e+01 1.42180e+01 8.56393e+01
5.49413e+01 2.43846e+01 8.42124e+01
4.94396e+01 3.37540e+01 8.35272e+01
4.28140e+01 4.23536e+01 8.37192e+01
3.50159e+01 5.00506e+01 8.45638e+01
2.59212e+01 5.63752e+01 8.54624e+01
1.56196e+01 6.05670e+01 8.55860e+01
4.62837e+00 6.23835e+01 8.51460e+01
-6.42275e+00 6.16392e+01 8.39763e+01
-1.69174e+01 5.85433e+01 8.21723e+01
-2.65939e+01 5.38866e+01 8.07153e+01
-3.55055e+01 4.81860e+01 8.02438e+01
-4.35822e+01 4.13688e+01 8.04342e+01
-5.05832e+01 3.33522e+01 8.09886e+01
-5.60166e+01 2.40999e+01 8.13128e+01
-5.98402e+01 1.40269e+01 8.21725e+01
-6.14675e+01 3.31047e+00 8.24615e+01
-6.08688e+01 -7.51812e+00 8.22888e+01
-5.81931e+01 -1.79885e+01 8.18937e+01
-5.36799e+01 -2.77532e+01 8.15611e+01
-4.75506e+01 -3.65454e+01 8.14043e+01
-3.99510e+01 -4.40206e+01 8.11063e+01
-3.12182e+01 -5.00284e+01 8.08671e+01
-2.16482e+01 -5.44824e+01 8.08119e+01
-1.14842e+01 -5.72346e+01 8.08283e+01
-9.99376e-01 -5.81954e+01 8.08895e+01
9.52528e+00 -5.74217e+01 8.11897e+01
1.98791e+01 -5.51230e+01 8.21726e+01
2.96945e+01 -5.08503e+01 8.27712e+01
3.87503e+01 -4.49623e+01 8.35481e+01
4.69281e+01 -3.77292e+01 8.50322e+01
5.37159e+01 -2.89711e+01 8.63685e+01
5.85694e+01 -1.88744e+01 8.70695e+01
6.11221e+01 -7.92492e+00 8.70859e+01
7.21695e+01 3.74415e+00 8.20856e+01
7.03323e+01 1.50648e+01 8.17570e+01
6.64077e+01 2.57432e+01 8.06685e+01
6.10102e+01 3.55900e+01 7.96040e+01
5.46234e+01 4.47392e+01 7.93027e+01
4.73016e+01 5.32375e+01 7.97958e+01
3.88590e+01 6.07811e+01 8.05679e+01
2.91751e+01 6.67306e+01 8.08940e+01
1.84906e+01 7.06872e+01 8.07007e+01
7.23737e+00 7.24205e+01 8.00327e+01
-4.05195e+00 7.18063e+01 7.88012e+01
-1.48282e+01 6.88569e+01 7.67890e+01
-2.49030e+01 6.46735e+01 7.53293e+01
-3.42988e+01 5.95300e+01 7.45118e+01
-4.31243e+01 5.35876e+01 7.44845e+01
-5.13105e+01 4.66898e+01 7.50202e+01
-5.85294e+01 3.86160e+01 7.56722e+01
-6.44499e+01 2.94177e+01 7.63229e+01
-6.87565e+01 1.92748e+01 7.68526e+01
-7.14782e+01 8.52576e+00 7.77216e+01
-7.21115e+01 -2.61398e+00 7.80165e+01
-7.09065e+01 -1.37391e+01 7.83446e+01
-6.76817e+01 -2.44535e+01 7.82210e+01
-6.27587e+01 -3.44851e+01 7.81504e+01
-5.61583e+01 -4.34439e+01 7.77728e+01
-4.81925e+01 -5.11104e+01 7.72588e+01
-3.91677e+01 -5.73369e+01 7.66936e+01
-2.93928e+01 -6.20824e+01 7.62059e+01
-1.91030e+01 -6.52533e+01 7.57158e+01
-8.54100e+00 -6.68919e+01 7.53403e+01
2.10193e+00 -6.71521e+01 7.53418e+01
1.26686e+01 -6.58869e+01 7.54677e+01
2.30683e+01 -6.34883e+01 7.63763e+01
3.29815e+01 -5.92809e+01 7.68377e+01
4.23577e+01 -5.38019e+01 7.77129e+01
5.09694e+01 -4.69537e+01 7.87222e+01
5.87462e+01 -3.89467e+01 8.02813e+01
6.52759e+01 -2.96620e+01 8.19313e+01
6.98011e+01 -1.90875e+01 8.26230e+01
7.22663e+01 -7.79985e+00 8.29594e+01
8.26385e+01 4.17253e+00 7.62334e+01
8.08444e+01 1.56797e+01 7.58586e+01
7.73415e+01 2.67275e+01 7.53447e+01
7.21194e+01 3.69241e+01 7.42053e+01
6.59203e+01 4.64153e+01 7.35256e+01
5.89402e+01 5.53444e+01 7.35653e+01
5.10577e+01 6.35943e+01 7.40529e+01
4.20883e+01 7.07397e+01 7.44745e+01
3.20413e+01 7.63101e+01 7.45124e+01
2.11407e+01 7.99175e+01 7.40256e+01
9.80575e+00 8.16410e+01 7.33804e+01
-1.56965e+00 8.12899e+01 7.23699e+01
-1.25150e+01 7.85861e+01 7.04700e+01
-2.28504e+01 7.48050e+01 6.90330e+01
-3.26504e+01 7.03178e+01 6.82946e+01
-4.19904e+01 6.50998e+01 6.81061e+01
-5.08912e+01 5.90793e+01 6.84006e+01
-5.92956e+01 5.21861e+01 6.92176e+01
-6.66082e+01 4.39355e+01 6.96427e+01
-7.28726e+01 3.47529e+01 7.03522e+01
-7.77678e+01 2.46633e+01 7.10762e+01
-8.10731e+01 1.38537e+01 7.16777e+01
-8.29936e+01 2.61263e+00 7.27024e+01
-8.28550e+01 -8.87028e+00 7.30748e+01
-8.09318e+01 -2.02278e+01 7.33379e+01
-7.71381e+01 -3.11043e+01 7.32759e+01
-7.16521e+01 -4.12009e+01 7.30179e+01
-6.46497e+01 -5.02407e+01 7.25635e+01
-5.63781e+01 -5.80127e+01 7.19480e+01
-4.71172e+01 -6.43793e+01 7.12167e+01
-3.71599e+01 -6.92972e+01 7.04512e+01
-2.67750e+01 -7.28221e+01 6.97774e+01
-1.61741e+01 -7.51100e+01 6.93897e+01
-5.47165e+00 -7.62400e+01 6.93507e+01
5.24609e+00 -7.60084e+01 6.93647e+01
1.58429e+01 -7.44248e+01 6.94390e+01
2.62625e+01 -7.18171e+01 7.00263e+01
3.63248e+01 -6.78317e+01 7.06244e+01
4.59030e+01 -6.25739e+01 7.13385e+01
5.49201e+01 -5.61781e+01 7.23457e+01
6.31160e+01 -4.85189e+01 7.33553e+01
7.04673e+01 -3.98349e+01 7.47811e+01
7.65894e+01 -3.00338e+01 7.62696e+01
8.07248e+01 -1.90944e+01 7.68706e+01
8.27799e+01 -7.53814e+00 7.68738e+01
9.23367e+01 4.55851e+00 6.87856e+01
9.03436e+01 1.63099e+01 6.82163e+01
8.68270e+01 2.76150e+01 6.76603e+01
8.19717e+01 3.83134e+01 6.71138e+01
7.58731e+01 4.82120e+01 6.64227e+01
6.87536e+01 5.72405e+01 6.57105e+01
6.15273e+01 6.65322e+01 6.68185e+01
5.27617e+01 7.41779e+01 6.67808e+01
4.32207e+01 8.10658e+01 6.72301e+01
3.24471e+01 8.54360e+01 6.63031e+01
2.11891e+01 8.83299e+01 6.55303e+01
9.69937e+00 8.99519e+01 6.51871e+01
-1.78412e+00 8.89563e+01 6.38191e+01
-1.28412e+01 8.64058e+01 6.23973e+01
-2.33927e+01 8.29295e+01 6.13594e+01
-3.35298e+01 7.88253e+01 6.08565e+01
-4.34099e+01 7.42204e+01 6.09967e+01
-5.29098e+01 6.86543e+01 6.12985e+01
-6.19498e+01 6.21171e+01 6.18430e+01
-7.05358e+01 5.47434e+01 6.29642e+01
-7.78638e+01 4.58995e+01 6.35761e+01
-8.40785e+01 3.61080e+01 6.43180e+01
-8.90267e+01 2.54847e+01 6.51559e+01
-9.21647e+01 1.40858e+01 6.54711e+01
-9.39274e+01 2.32797e+00 6.60744e+01
-9.38687e+01 -9.62487e+00 6.64600e+01
-9.19934e+01 -2.14675e+01 6.67048e+01
-8.82524e+01 -3.28640e+01 6.66856e+01
-8.27817e+01 -4.35021e+01 6.64166e+01
-7.58591e+01 -5.31862e+01 6.60487e+01
-6.77040e+01 -6.17446e+01 6.56090e+01
-5.84924e+01 -6.89706e+01 6.50108e+01
-4.85298e+01 -7.48705e+01 6.44218e+01
-3.79751e+01 -7.92458e+01 6.36585e+01
-2.71413e+01 -8.23417e+01 6.30325e+01
-1.61758e+01 -8.42184e+01 6.25615e+01
-5.18629e+00 -8.50254e+01 6.23572e+01
5.77650e+00 -8.47245e+01 6.23459e+01
1.66720e+01 -8.34456e+01 6.26711e+01
2.74112e+01 -8.09547e+01 6.30979e+01
3.79090e+01 -7.73294e+01 6.37348e+01
4.80116e+01 -7.24582e+01 6.44540e+01
5.75665e+01 -6.63478e+01 6.52291e+01
6.64121e+01 -5.90318e+01 6.60382e+01
7.43815e+01 -5.05776e+01 6.68846e+01
8.15004e+01 -4.12233e+01 6.81351e+01
8.72951e+01 -3.08142e+01 6.93183e+01
9.10582e+01 -1.93859e+01 6.96974e+01
9.28556e+01 -7.46125e+00 6.96683e+01
1.01529e+02 4.91638e+00 6.02431e+01
9.91478e+01 1.70179e+01 5.95123e+01
9.52289e+01 2.85767e+01 5.87053e+01
9.01991e+01 3.95484e+01 5.81107e+01
8.39241e+01 4.96689e+01 5.72965e+01
7.68899e+01 5.91109e+01 5.67401e+01
6.95468e+01 6.84481e+01 5.71428e+01
6.07751e+01 7.61971e+01 5.66445e+01
5.15266e+01 8.36416e+01 5.69584e+01
4.13057e+01 8.97629e+01 5.71134e+01
3.01273e+01 9.36865e+01 5.65412e+01
1.84760e+01 9.56030e+01 5.56113e+01
6.78382e+00 9.66265e+01 5.52988e+01
-4.78605e+00 9.52998e+01 5.42904e+01
-1.59339e+01 9.26141e+01 5.32683e+01
-2.66821e+01 8.92458e+01 5.26383e+01
-3.71593e+01 8.53474e+01 5.24450e+01
-4.75016e+01 8.09366e+01 5.27349e+01
-5.75998e+01 7.56089e+01 5.32338e+01
-6.73462e+01 6.92912e+01 5.39886e+01
-7.64190e+01 6.17445e+01 5.47954e+01
-8.45164e+01 5.29356e+01 5.55338e+01
-9.14663e+01 4.30133e+01 5.62115e+01
-9.72105e+01 3.21843e+01 5.69201e+01
-1.01784e+02 2.06417e+01 5.78511e+01
-1.04344e+02 8.38040e+00 5.82269e+01
-1.05349e+02 -4.17680e+00 5.87754e+01
-1.04332e+02 -1.67865e+01 5.90902e+01
-1.01218e+02 -2.90595e+01 5.90731e+01
-9.59080e+01 -4.04818e+01 5.84143e+01
-8.93776e+01 -5.11393e+01 5.80168e+01
-8.19247e+01 -6.11100e+01 5.80507e+01
-7.28080e+01 -6.93364e+01 5.71728e+01
-6.30991e+01 -7.65970e+01 5.66643e+01
-5.26756e+01 -8.24914e+01 5.60945e+01
-4.18037e+01 -8.71600e+01 5.56572e+01
-3.07310e+01 -9.10240e+01 5.57205e+01
-1.92319e+01 -9.24860e+01 5.48085e+01
-7.88432e+00 -9.40802e+01 5.51376e+01
3.51922e+00 -9.36762e+01 5.48024e+01
1.49431e+01 -9.33543e+01 5.56073e+01
2.61612e+01 -9.08281e+01 5.55900e+01
3.72645e+01 -8.76231e+01 5.61163e+01
4.80668e+01 -8.32082e+01 5.67431e+01
5.84150e+01 -7.75511e+01 5.74347e+01
6.81083e+01 -7.06026e+01 5.80937e+01
7.72430e+01 -6.27313e+01 5.91150e+01
8.53091e+01 -5.35431e+01 5.99327e+01
9.17853e+01 -4.30111e+01 6.01658e+01
9.70205e+01 -3.17778e+01 6.05946e+01
1.00878e+02 -1.99468e+01 6.12547e+01
1.02446e+02 -7.53697e+00 6.11982e+01
1.11047e+02 5.28627e+00 5.12690e+01
1.07928e+02 1.76903e+01 5.02218e+01
1.03312e+02 2.93901e+01 4.91211e+01
9.77114e+01 4.03814e+01 4.82328e+01
9.11338e+01 5.05387e+01 4.73348e+01
8.40947e+01 6.01524e+01 4.68256e+01
7.68787e+01 6.96846e+01 4.70482e+01
6.82627e+01 7.76449e+01 4.64596e+01
5.93420e+01 8.54710e+01 4.65831e+01
4.94083e+01 9.19293e+01 4.64400e+01
3.88064e+01 9.75121e+01 4.65707e+01
2.74187e+01 1.01198e+02 4.63641e+01
1.55952e+01 1.02740e+02 4.57630e+01
3.77045e+00 1.02841e+02 4.52309e+01
-7.79909e+00 1.01026e+02 4.43676e+01
-1.89273e+01 9.80077e+01 4.34953e+01
-2.97714e+01 9.47478e+01 4.31320e+01
-4.04635e+01 9.10501e+01 4.31169e+01
-5.10364e+01 8.66640e+01 4.33243e+01
-6.14694e+01 8.14839e+01 4.37811e+01
-7.15773e+01 7.52759e+01 4.44111e+01
-8.15138e+01 6.83518e+01 4.55942e+01
-9.03879e+01 5.97969e+01 4.64635e+01
-9.82319e+01 5.00151e+01 4.72564e+01
-1.04801e+02 3.91006e+01 4.78646e+01
-1.10076e+02 2.73229e+01 4.84332e+01
-1.13898e+02 1.48586e+01 4.90168e+01
-1.16475e+02 1.90854e+00 5.00132e+01
-1.16339e+02 -1.13533e+01 5.03233e+01
-1.13760e+02 -2.43689e+01 5.02163e+01
-1.08985e+02 -3.66992e+01 4.97659e+01
-1.02978e+02 -4.83844e+01 4.96046e+01
-9.52195e+01 -5.88072e+01 4.89420e+01
-8.67274e+01 -6.83740e+01 4.85340e+01
-7.71361e+01 -7.64977e+01 4.77966e+01
-6.71692e+01 -8.38724e+01 4.74886e+01
-5.62539e+01 -8.93607e+01 4.66815e+01
-4.50646e+01 -9.38243e+01 4.61496e+01
-3.37045e+01 -9.74106e+01 4.59546e+01
-2.21156e+01 -9.95136e+01 4.56237e+01
-1.05174e+01 -1.00611e+02 4.54451e+01
1.05567e+00 -1.00912e+02 4.55163e+01
1.26837e+01 -1.00966e+02 4.61946e+01
2.42349e+01 -9.91679e+01 4.64321e+01
3.54795e+01 -9.56520e+01 4.63215e+01
4.69047e+01 -9.24366e+01 4.73239e+01
5.73936e+01 -8.65246e+01 4.72590e+01
6.80171e+01 -8.07623e+01 4.82934e+01
7.76847e+01 -7.32063e+01 4.88493e+01
8.66649e+01 -6.46428e+01 4.95339e+01
9.46845e+01 -5.49788e+01 5.02036e+01
1.02186e+02 -4.47012e+01 5.15037e+01
1.07646e+02 -3.30253e+01 5.21178e+01
1.10630e+02 -2.04026e+01 5.19097e+01
1.12086e+02 -7.57740e+00 5.19232e+01
1.19451e+02 5.59682e+00 4.03549e+01
1.16059e+02 1.84239e+01 3.95775e+01
1.10894e+02 3.04527e+01 3.86212e+01
1.04512e+02 4.15650e+01 3.76493e+01
9.72731e+01 5.17353e+01 3.66986e+01
8.95869e+01 6.11388e+01 3.59173e+01
8.18388e+01 7.02354e+01 3.55823e+01
7.35556e+01 7.86872e+01 3.53148e+01
6.47477e+01 8.66187e+01 3.52297e+01
5.55442e+01 9.46064e+01 3.56981e+01
4.49967e+01 1.00439e+02 3.55572e+01
3.40083e+01 1.06203e+02 3.60666e+01
2.20227e+01 1.08639e+02 3.56586e+01
9.83851e+00 1.08784e+02 3.49244e+01
-2.14104e+00 1.08174e+02 3.45454e+01
-1.37124e+01 1.05277e+02 3.36930e+01
-2.48593e+01 1.01861e+02 3.30927e+01
-3.57595e+01 9.81556e+01 3.27921e+01
-4.66991e+01 9.44407e+01 3.29511e+01
-5.75976e+01 9.00144e+01 3.32885e+01
-6.82840e+01 8.45529e+01 3.37131e+01
-7.89875e+01 7.85135e+01 3.45943e+01
-8.87524e+01 7.06928e+01 3.51882e+01
-9.87157e+01 6.25066e+01 3.65277e+01
-1.05988e+02 5.15977e+01 3.64989e+01
-1.13230e+02 4.04516e+01 3.71910e+01
-1.20530e+02 2.87560e+01 3.87059e+01
-1.24082e+02 1.54183e+01 3.87922e+01
-1.26077e+02 1.73218e+00 3.91140e+01
-1.25743e+02 -1.21193e+01 3.93183e+01
-1.23222e+02 -2.57834e+01 3.95060e+01
-1.17029e+02 -3.82475e+01 3.85519e+01
-1.10134e+02 -5.00052e+01 3.81216e+01
-1.01632e+02 -6.03677e+01 3.73268e+01
-9.26566e+01 -6.98460e+01 3.67698e+01
-8.32631e+01 -7.85175e+01 3.64334e+01
-7.33020e+01 -8.62261e+01 3.61967e+01
-6.32949e+01 -9.39763e+01 3.66845e+01
-5.16780e+01 -9.83991e+01 3.59769e+01
-4.00093e+01 -1.02122e+02 3.56611e+01
-2.80238e+01 -1.03829e+02 3.50068e+01
-1.61700e+01 -1.04643e+02 3.45455e+01
-4.47372e+00 -1.05088e+02 3.44717e+01
7.18379e+00 -1.05029e+02 3.46857e+01
1.88529e+01 -1.04143e+02 3.50377e+01
3.05720e+01 -1.02564e+02 3.56270e+01
4.19476e+01 -9.89394e+01 3.57912e+01
5.36193e+01 -9.56781e+01 3.68217e+01
6.40934e+01 -8.92221e+01 3.67559e+01
7.47531e+01 -8.29733e+01 3.75070e+01
8.46878e+01 -7.52722e+01 3.80901e+01
9.47380e+01 -6.72457e+01 3.93442e+01
1.03177e+02 -5.72282e+01 3.99563e+01
1.10798e+02 -4.63456e+01 4.07966e+01
1.16125e+02 -3.40395e+01 4.10050e+01
1.19504e+02 -2.10545e+01 4.10478e+01
1.20637e+02 -7.70447e+00 4.08407e+01
1.27038e+02 5.86580e+00 2.83733e+01
1.23796e+02 1.90652e+01 2.79975e+01
1.17974e+02 3.13136e+01 2.71797e+01
1.10660e+02 4.23948e+01 2.62256e+01
1.02693e+02 5.24441e+01 2.53538e+01
9.45641e+01 6.17494e+01 2.46789e+01
8.64308e+01 7.05745e+01 2.42248e+01
7.83140e+01 7.92195e+01 2.40376e+01
6.99973e+01 8.78107e+01 2.41060e+01
6.08941e+01 9.56808e+01 2.41640e+01
5.10514e+01 1.03039e+02 2.43700e+01
4.00728e+01 1.08557e+02 2.43436e+01
2.83704e+01 1.12605e+02 2.43076e+01
1.60976e+01 1.13891e+02 2.39010e+01
3.85268e+00 1.13757e+02 2.35467e+01
-8.13470e+00 1.12174e+02 2.31843e+01
-1.95730e+01 1.08397e+02 2.25064e+01
-3.06734e+01 1.04738e+02 2.21592e+01
-4.16054e+01 1.00869e+02 2.20196e+01
-5.25081e+01 9.66645e+01 2.20712e+01
-6.39299e+01 9.29325e+01 2.26819e+01
-7.50042e+01 8.76140e+01 2.31910e+01
-8.47879e+01 7.98440e+01 2.32122e+01
-9.55210e+01 7.27724e+01 2.41206e+01
-1.04462e+02 6.32119e+01 2.44279e+01
-1.12320e+02 5.24249e+01 2.46085e+01
-1.19773e+02 4.10173e+01 2.50431e+01
-1.26649e+02 2.88341e+01 2.57524e+01
-1.30900e+02 1.54307e+01 2.60529e+01
-1.32416e+02 1.47401e+00 2.60852e+01
-1.31729e+02 -1.25219e+01 2.61530e+01
-1.28132e+02 -2.60699e+01 2.59504e+01
-1.22169e+02 -3.86988e+01 2.55632e+01
-1.14755e+02 -5.02997e+01 2.51762e+01
-1.06074e+02 -6.06095e+01 2.46545e+01
-9.68837e+01 -6.98949e+01 2.41996e+01
-8.76514e+01 -7.86544e+01 2.40233e+01
-7.79817e+01 -8.66362e+01 2.39594e+01
-6.79809e+01 -9.41514e+01 2.41494e+01
-5.71698e+01 -1.00311e+02 2.42664e+01
-4.60709e+01 -1.06069e+02 2.46863e+01
-3.36964e+01 -1.07134e+02 2.39455e+01
-2.18121e+01 -1.08687e+02 2.38050e+01
-1.00073e+01 -1.09082e+02 2.36559e+01
1.63853e+00 -1.07914e+02 2.33392e+01
1.30938e+01 -1.06430e+02 2.32455e+01
2.45630e+01 -1.05074e+02 2.35330e+01
3.61970e+01 -1.03572e+02 2.41519e+01
4.74544e+01 -9.99144e+01 2.44377e+01
5.88017e+01 -9.59808e+01 2.50524e+01
6.91977e+01 -8.95894e+01 2.51618e+01
8.00827e+01 -8.36389e+01 2.59057e+01
9.00558e+01 -7.58063e+01 2.63231e+01
1.00452e+02 -6.78394e+01 2.72769e+01
1.09486e+02 -5.79812e+01 2.78753e+01
1.17671e+02 -4.70798e+01 2.85693e+01
1.23698e+02 -3.47297e+01 2.89099e+01
1.27466e+02 -2.14863e+01 2.90241e+01
1.27784e+02 -7.69296e+00 2.84872e+01
1.34484e+02 6.12494e+00 1.57211e+01
1.30360e+02 1.97503e+01 1.53243e+01
1.23005e+02 3.20116e+01 1.45622e+01
1.14521e+02 4.28972e+01 1.38098e+01
1.05964e+02 5.28343e+01 1.32322e+01
9.75292e+01 6.21154e+01 1.28129e+01
8.93198e+01 7.10522e+01 1.25435e+01
8.12019e+01 7.98210e+01 1.23936e+01
7.33220e+01 8.91699e+01 1.24850e+01
6.48648e+01 9.84681e+01 1.26522e+01
5.50682e+01 1.06273e+02 1.26681e+01
4.41474e+01 1.12559e+02 1.26106e+01
3.22216e+01 1.16664e+02 1.24313e+01
1.97195e+01 1.18466e+02 1.21518e+01
7.12387e+00 1.18184e+02 1.18145e+01
-5.21511e+00 1.16913e+02 1.15632e+01
-1.70209e+01 1.13212e+02 1.11485e+01
-2.83898e+01 1.09447e+02 1.08838e+01
-3.92309e+01 1.04548e+02 1.05800e+01
-5.04044e+01 1.00974e+02 1.06279e+01
-6.17109e+01 9.70203e+01 1.07918e+01
-7.29374e+01 9.20760e+01 1.10005e+01
-8.27331e+01 8.43154e+01 1.09050e+01
-9.29903e+01 7.68898e+01 1.11190e+01
-1.02963e+02 6.84907e+01 1.14041e+01
-1.12006e+02 5.85935e+01 1.16146e+01
-1.20093e+02 4.74720e+01 1.17887e+01
-1.26957e+02 3.52668e+01 1.19409e+01
-1.32315e+02 2.21756e+01 1.21076e+01
-1.35520e+02 8.36928e+00 1.22539e+01
-1.36249e+02 -5.78258e+00 1.23826e+01
-1.33553e+02 -1.97033e+01 1.23228e+01
-1.28022e+02 -3.27447e+01 1.21320e+01
-1.21128e+02 -4.48705e+01 1.20079e+01
-1.13508e+02 -5.62246e+01 1.19876e+01
-1.04733e+02 -6.63342e+01 1.18820e+01
-9.55676e+01 -7.55820e+01 1.18200e+01
-8.59904e+01 -8.39931e+01 1.18026e+01
-7.58100e+01 -9.13587e+01 1.18000e+01
-6.56697e+01 -9.89292e+01 1.20706e+01
-5.45451e+01 -1.04773e+02 1.22446e+01
-4.26703e+01 -1.08429e+02 1.22661e+01
-3.03286e+01 -1.09053e+02 1.19983e+01
-1.83915e+01 -1.09244e+02 1.18562e+01
-6.80403e+00 -1.10382e+02 1.20342e+01
4.73965e+00 -1.09558e+02 1.20454e+01
1.61157e+01 -1.07757e+02 1.20520e+01
2.78837e+01 -1.08008e+02 1.25759e+01
3.91185e+01 -1.04561e+02 1.26636e+01
5.06119e+01 -1.01607e+02 1.30386e+01
6.13399e+01 -9.61725e+01 1.31587e+01
7.19323e+01 -9.01991e+01 1.33679e+01
8.29781e+01 -8.43267e+01 1.38268e+01
9.33213e+01 -7.66809e+01 1.41338e+01
1.03930e+02 -6.85588e+01 1.46247e+01
1.13545e+02 -5.87935e+01 1.50064e+01
1.22391e+02 -4.79083e+01 1.54377e+01
1.29175e+02 -3.55103e+01 1.57068e+01
1.33628e+02 -2.20677e+01 1.58495e+01
1.34679e+02 -7.94697e+00 1.56891e+01
1.39618e+02 6.27481e+00 1.62428e+00
1.34568e+02 2.03288e+01 1.49389e+00
1.26329e+02 3.28093e+01 1.33147e+00
1.18398e+02 4.44251e+01 1.17702e+00
1.08917e+02 5.43597e+01 1.01143e+00
9.99916e+01 6.37540e+01 8.55352e-01
9.14393e+01 7.28313e+01 7.05427e-01
8.29137e+01 8.15424e+01 5.57597e-01
7.51935e+01 9.16048e+01 4.13260e-01
6.60910e+01 1.00135e+02 2.59137e-01
5.60885e+01 1.07839e+02 9.78180e-02
4.53093e+01 1.15183e+02 -7.14123e-02
3.31946e+01 1.19659e+02 -2.43414e-01
2.03919e+01 1.21520e+02 -4.11367e-01
7.46782e+00 1.21156e+02 -5.70106e-01
-5.20244e+00 1.20035e+02 -7.22051e-01
-1.75134e+01 1.17718e+02 -8.63773e-01
-2.90325e+01 1.12536e+02 -9.81859e-01
-4.04244e+01 1.08490e+02 -1.10384e+00
-5.16595e+01 1.04080e+02 -1.22212e+00
-6.29367e+01 9.94240e+01 -1.33974e+00
-7.35407e+01 9.29861e+01 -1.44041e+00
-8.32589e+01 8.49744e+01 -1.52251e+00
-9.24325e+01 7.61966e+01 -1.59415e+00
-1.03249e+02 6.86826e+01 -1.69228e+00
-1.13071e+02 5.92643e+01 -1.76890e+00
-1.21160e+02 4.79300e+01 -1.81475e+00
-1.28341e+02 3.56700e+01 -1.84488e+00
-1.33542e+02 2.23463e+01 -1.84530e+00
-1.36898e+02 8.40338e+00 -1.81981e+00
-1.38279e+02 -5.94762e+00 -1.76785e+00
-1.35732e+02 -2.01702e+01 -1.66771e+00
-1.29718e+02 -3.33626e+01 -1.52948e+00
-1.22260e+02 -4.54637e+01 -1.37859e+00
-1.14663e+02 -5.70024e+01 -1.22867e+00
-1.06527e+02 -6.78485e+01 -1.07540e+00
-9.76295e+01 -7.77505e+01 -9.17213e-01
-8.79173e+01 -8.65254e+01 -7.54340e-01
-7.73165e+01 -9.38898e+01 -5.87226e-01
-6.65589e+01 -1.00980e+02 -4.19488e-01
-5.48422e+01 -1.06019e+02 -2.49714e-01
-4.22142e+01 -1.07543e+02 -8.55549e-02
-2.98885e+01 -1.07881e+02 6.91355e-02
-1.80932e+01 -1.08305e+02 2.17653e-01
-6.60454e+00 -1.09348e+02 3.65348e-01
4.87810e+00 -1.09504e+02 5.08695e-01
1.63682e+01 -1.08777e+02 6.47881e-01
2.80264e+01 -1.08053e+02 7.89168e-01
3.95482e+01 -1.05621e+02 9.20537e-01
5.08321e+01 -1.01875e+02 1.04262e+00
6.18140e+01 -9.69625e+01 1.15533e+00
7.29155e+01 -9.17219e+01 1.26795e+00
8.40124e+01 -8.55981e+01 1.37626e+00
9.49724e+01 -7.83264e+01 1.47734e+00
1.05791e+02 -6.99584e+01 1.57139e+00
1.16412e+02 -6.05079e+01 1.65777e+00
1.25337e+02 -4.91683e+01 1.71398e+00
1.31485e+02 -3.61124e+01 1.72745e+00
1.36385e+02 -2.25337e+01 1.72289e+00
1.38703e+02 -8.27234e+00 1.68299e+00
1.39429e+02 6.18667e+00 -1.32744e+01
1.33546e+02 2.00756e+01 -1.27989e+01
1.25475e+02 3.24734e+01 -1.22317e+01
1.17366e+02 4.38593e+01 -1.19271e+01
1.07716e+02 5.34800e+01 -1.14528e+01
9.89315e+01 6.27353e+01 -1.12918e+01
9.12023e+01 7.24611e+01 -1.14994e+01
8.32251e+01 8.18442e+01 -1.17394e+01
7.53604e+01 9.17313e+01 -1.21796e+01
6.63729e+01 1.00525e+02 -1.24960e+01
5.64450e+01 1.08489e+02 -1.28127e+01
4.56500e+01 1.15894e+02 -1.32272e+01
3.33475e+01 1.19615e+02 -1.32760e+01
2.05532e+01 1.21413e+02 -1.32892e+01
7.63112e+00 1.20959e+02 -1.32129e+01
-5.08577e+00 1.20911e+02 -1.34387e+01
-1.74778e+01 1.18485e+02 -1.35018e+01
-2.91490e+01 1.13632e+02 -1.33462e+01
-4.02817e+01 1.08329e+02 -1.32554e+01
-5.12273e+01 1.03238e+02 -1.33418e+01
-6.24109e+01 9.86641e+01 -1.36970e+01
-7.29477e+01 9.23686e+01 -1.39170e+01
-8.20443e+01 8.36920e+01 -1.38140e+01
-9.14460e+01 7.54738e+01 -1.40067e+01
-1.02266e+02 6.81415e+01 -1.47346e+01
-1.10195e+02 5.74786e+01 -1.47865e+01
-1.18703e+02 4.68161e+01 -1.51671e+01
-1.26084e+02 3.49643e+01 -1.55002e+01
-1.30969e+02 2.18313e+01 -1.55800e+01
-1.34385e+02 8.17968e+00 -1.57418e+01
-1.36839e+02 -5.96148e+00 -1.61498e+01
-1.35725e+02 -2.03472e+01 -1.62506e+01
-1.29680e+02 -3.36086e+01 -1.56803e+01
-1.21198e+02 -4.52374e+01 -1.48675e+01
-1.15042e+02 -5.75755e+01 -1.48622e+01
-1.06695e+02 -6.83057e+01 -1.45259e+01
-9.62992e+01 -7.66217e+01 -1.38091e+01
-8.69356e+01 -8.56004e+01 -1.35830e+01
-7.63733e+01 -9.28762e+01 -1.32340e+01
-6.57612e+01 -1.00127e+02 -1.31418e+01
-5.34180e+01 -1.03286e+02 -1.25453e+01
-4.09293e+01 -1.04296e+02 -1.18475e+01
-2.91148e+01 -1.05544e+02 -1.14153e+01
-1.76438e+01 -1.06496e+02 -1.11039e+01
-6.38501e+00 -1.08206e+02 -1.10505e+01
5.02735e+00 -1.09677e+02 -1.10946e+01
1.66715e+01 -1.10204e+02 -1.11518e+01
2.83926e+01 -1.09182e+02 -1.11594e+01
4.00393e+01 -1.06820e+02 -1.11690e+01
5.11950e+01 -1.02450e+02 -1.10713e+01
6.18843e+01 -9.68415e+01 -1.09659e+01
7.32417e+01 -9.21145e+01 -1.12191e+01
8.44811e+01 -8.61608e+01 -1.14697e+01
9.52671e+01 -7.86184e+01 -1.16376e+01
1.05168e+02 -6.93822e+01 -1.16848e+01
1.16787e+02 -6.07921e+01 -1.22821e+01
1.25866e+02 -4.95006e+01 -1.25590e+01
1.31879e+02 -3.63365e+01 -1.25704e+01
1.36681e+02 -2.26927e+01 -1.27740e+01
1.38899e+02 -8.38112e+00 -1.29459e+01
1.31098e+02 5.75164e+00 -2.61678e+01
1.26185e+02 1.90299e+01 -2.53873e+01
1.20942e+02 3.16663e+01 -2.51731e+01
1.14177e+02 4.33565e+01 -2.48752e+01
1.04757e+02 5.28952e+01 -2.37171e+01
9.65480e+01 6.24165e+01 -2.34122e+01
8.87765e+01 7.19807e+01 -2.35882e+01
8.04037e+01 8.07475e+01 -2.36653e+01
7.20533e+01 8.97227e+01 -2.41015e+01
6.28008e+01 9.77529e+01 -2.44182e+01
5.33687e+01 1.06752e+02 -2.53949e+01
4.25980e+01 1.14272e+02 -2.62043e+01
3.00821e+01 1.16724e+02 -2.58274e+01
1.74539e+01 1.18801e+02 -2.58724e+01
4.69799e+00 1.20346e+02 -2.62645e+01
-7.91936e+00 1.17415e+02 -2.57445e+01
-1.99822e+01 1.13712e+02 -2.53914e+01
-3.14234e+01 1.08970e+02 -2.50498e+01
-4.21471e+01 1.03043e+02 -2.46068e+01
-5.32760e+01 9.89999e+01 -2.51353e+01
-6.43615e+01 9.43807e+01 -2.58551e+01
-7.33534e+01 8.57179e+01 -2.53363e+01
-8.25351e+01 7.76925e+01 -2.54106e+01
-9.16972e+01 6.94526e+01 -2.58085e+01
-1.01093e+02 6.09078e+01 -2.66052e+01
-1.08972e+02 5.05604e+01 -2.69093e+01
-1.17926e+02 4.02670e+01 -2.81322e+01
-1.26242e+02 2.87026e+01 -2.95499e+01
-1.28293e+02 1.48678e+01 -2.88915e+01
-1.31258e+02 1.21033e+00 -2.95237e+01
-1.32917e+02 -1.30378e+01 -3.05165e+01
-1.28414e+02 -2.66641e+01 -2.97075e+01
-1.21935e+02 -3.92207e+01 -2.87392e+01
-1.15603e+02 -5.14560e+01 -2.84231e+01
-1.07435e+02 -6.22836e+01 -2.76979e+01
-9.73790e+01 -7.09540e+01 -2.63862e+01
-8.73681e+01 -7.89615e+01 -2.54837e+01
-7.72331e+01 -8.64811e+01 -2.49809e+01
-6.72006e+01 -9.43099e+01 -2.51306e+01
-5.59206e+01 -9.98223e+01 -2.48609e+01
-4.31613e+01 -1.00195e+02 -2.32482e+01
-3.14901e+01 -1.01725e+02 -2.25049e+01
-2.04383e+01 -1.05014e+02 -2.26566e+01
-9.19304e+00 -1.07064e+02 -2.26492e+01
2.21082e+00 -1.07739e+02 -2.24746e+01
1.37304e+01 -1.07405e+02 -2.23134e+01
2.55575e+01 -1.07393e+02 -2.26481e+01
3.72976e+01 -1.05389e+02 -2.28007e+01
4.90185e+01 -1.02560e+02 -2.31571e+01
5.94845e+01 -9.62292e+01 -2.27624e+01
7.02140e+01 -9.04941e+01 -2.29654e+01
8.08260e+01 -8.40124e+01 -2.32979e+01
9.13924e+01 -7.67258e+01 -2.37596e+01
1.02116e+02 -6.87431e+01 -2.44878e+01
1.11861e+02 -5.90848e+01 -2.50609e+01
1.21019e+02 -4.83855e+01 -2.58746e+01
1.29115e+02 -3.64812e+01 -2.69024e+01
1.33561e+02 -2.28132e+01 -2.72616e+01
1.34237e+02 -8.41012e+00 -2.70291e+01
1.21142e+02 5.25532e+00 -3.71863e+01
1.16738e+02 1.79202e+01 -3.61224e+01
1.14055e+02 3.07333e+01 -3.72168e+01
1.07356e+02 4.20249e+01 -3.64216e+01
9.91395e+01 5.18333e+01 -3.51260e+01
9.08403e+01 6.08628e+01 -3.42296e+01
8.29643e+01 6.98963e+01 -3.41497e+01
7.49393e+01 7.87939e+01 -3.44980e+01
6.60473e+01 8.67049e+01 -3.46619e+01
5.66893e+01 9.43536e+01 -3.51742e+01
4.71777e+01 1.03223e+02 -3.68452e+01
3.57501e+01 1.08179e+02 -3.70606e+01
2.37702e+01 1.12220e+02 -3.75621e+01
1.13587e+01 1.15573e+02 -3.84907e+01
-1.34884e+00 1.14245e+02 -3.79602e+01
-1.34850e+01 1.09816e+02 -3.66511e+01
-2.49874e+01 1.05248e+02 -3.58573e+01
-3.62203e+01 1.01308e+02 -3.59086e+01
-4.71159e+01 9.67235e+01 -3.61604e+01
-5.80171e+01 9.20895e+01 -3.69683e+01
-6.72590e+01 8.40769e+01 -3.63501e+01
-7.63330e+01 7.61449e+01 -3.62766e+01
-8.59678e+01 6.87331e+01 -3.72482e+01
-9.41801e+01 5.93581e+01 -3.74434e+01
-1.01972e+02 4.93567e+01 -3.78702e+01
-1.10649e+02 3.93515e+01 -3.95859e+01
-1.19289e+02 2.83083e+01 -4.20297e+01
-1.23545e+02 1.51233e+01 -4.25399e+01
-1.24797e+02 1.34058e+00 -4.23787e+01
-1.23624e+02 -1.23948e+01 -4.19959e+01
-1.20134e+02 -2.56578e+01 -4.13559e+01
-1.16015e+02 -3.86843e+01 -4.14179e+01
-1.08346e+02 -4.98676e+01 -3.98939e+01
-1.00907e+02 -6.07711e+01 -3.93142e+01
-9.22013e+01 -7.04398e+01 -3.85372e+01
-8.18285e+01 -7.79649e+01 -3.71055e+01
-7.17635e+01 -8.56104e+01 -3.67530e+01
-6.13586e+01 -9.28383e+01 -3.69342e+01
-4.92248e+01 -9.58197e+01 -3.54397e+01
-3.71391e+01 -9.69275e+01 -3.36936e+01
-2.59818e+01 -9.97048e+01 -3.33798e+01
-1.50215e+01 -1.03914e+02 -3.41616e+01
-3.58399e+00 -1.05485e+02 -3.40330e+01
8.01042e+00 -1.05020e+02 -3.34347e+01
1.98250e+01 -1.04797e+02 -3.35680e+01
3.19993e+01 -1.04501e+02 -3.43806e+01
4.38860e+01 -1.01742e+02 -3.47669e+01
5.56684e+01 -9.80927e+01 -3.54741e+01
6.65124e+01 -9.19686e+01 -3.55808e+01
7.65020e+01 -8.42578e+01 -3.53884e+01
8.67529e+01 -7.66594e+01 -3.59013e+01
9.76982e+01 -6.90968e+01 -3.73393e+01
1.06298e+02 -5.86957e+01 -3.75764e+01
1.13719e+02 -4.72979e+01 -3.78939e+01
1.21200e+02 -3.56550e+01 -3.93338e+01
1.26186e+02 -2.26078e+01 -4.04242e+01
1.25499e+02 -8.37124e+00 -3.93184e+01
1.11655e+02 4.78276e+00 -4.76178e+01
1.08150e+02 1.70006e+01 -4.66936e+01
1.05323e+02 2.91981e+01 -4.76093e+01
9.92845e+01 4.00897e+01 -4.65359e+01
9.25943e+01 5.02085e+01 -4.57131e+01
8.49094e+01 5.92263e+01 -4.46924e+01
7.71767e+01 6.79984e+01 -4.44925e+01
6.94207e+01 7.70173e+01 -4.53170e+01
6.03371e+01 8.45068e+01 -4.54926e+01
5.07688e+01 9.17144e+01 -4.62245e+01
4.00441e+01 9.68564e+01 -4.62609e+01
2.90870e+01 1.02482e+02 -4.75512e+01
1.72508e+01 1.05530e+02 -4.80532e+01
5.07532e+00 1.05877e+02 -4.77991e+01
-6.93129e+00 1.04258e+02 -4.72523e+01
-1.84441e+01 1.00777e+02 -4.63745e+01
-2.93726e+01 9.63202e+01 -4.56254e+01
-4.02815e+01 9.27971e+01 -4.62912e+01
-5.05145e+01 8.74346e+01 -4.63889e+01
-5.98941e+01 8.04880e+01 -4.59641e+01
-6.94553e+01 7.39468e+01 -4.66640e+01
-7.90711e+01 6.70191e+01 -4.80227e+01
-8.79857e+01 5.86903e+01 -4.91021e+01
-9.50988e+01 4.84292e+01 -4.89676e+01
-1.02214e+02 3.79758e+01 -4.98507e+01
-1.09660e+02 2.71001e+01 -5.22133e+01
-1.13782e+02 1.45496e+01 -5.29108e+01
-1.15412e+02 1.41057e+00 -5.30712e+01
-1.14187e+02 -1.17409e+01 -5.24440e+01
-1.12295e+02 -2.48328e+01 -5.29139e+01
-1.07569e+02 -3.71581e+01 -5.22674e+01
-9.99748e+01 -4.77505e+01 -5.00930e+01
-9.37089e+01 -5.90055e+01 -5.04680e+01
-8.59000e+01 -6.92287e+01 -5.05198e+01
-7.56124e+01 -7.66049e+01 -4.88504e+01
-6.49030e+01 -8.28847e+01 -4.75872e+01
-5.36422e+01 -8.74999e+01 -4.61799e+01
-4.23248e+01 -9.09205e+01 -4.49079e+01
-3.10820e+01 -9.31435e+01 -4.35961e+01
-2.02841e+01 -9.64714e+01 -4.36893e+01
-9.34424e+00 -1.01011e+02 -4.51170e+01
2.19028e+00 -1.02196e+02 -4.49741e+01
1.39245e+01 -1.01779e+02 -4.46390e+01
2.60720e+01 -1.01984e+02 -4.56942e+01
3.81152e+01 -9.99693e+01 -4.63823e+01
4.95817e+01 -9.56566e+01 -4.65907e+01
6.12358e+01 -9.14638e+01 -4.79404e+01
7.08646e+01 -8.32321e+01 -4.71508e+01
8.07637e+01 -7.55143e+01 -4.76005e+01
9.09319e+01 -6.76345e+01 -4.90234e+01
9.96472e+01 -5.78259e+01 -4.97799e+01
1.05756e+02 -4.60362e+01 -4.93042e+01
1.11365e+02 -3.41575e+01 -4.99534e+01
1.15381e+02 -2.15948e+01 -5.08937e+01
1.14798e+02 -8.14473e+00 -4.95758e+01
1.02005e+02 4.30866e+00 -5.70039e+01
9.91382e+01 1.61940e+01 -5.61669e+01
9.54377e+01 2.76299e+01 -5.57702e+01
9.06986e+01 3.85254e+01 -5.54429e+01
8.52582e+01 4.90384e+01 -5.56220e+01
7.83111e+01 5.84773e+01 -5.52310e+01
7.05449e+01 6.72152e+01 -5.51648e+01
6.26330e+01 7.63048e+01 -5.66188e+01
5.32417e+01 8.37308e+01 -5.72536e+01
4.22603e+01 8.79424e+01 -5.59372e+01
3.14738e+01 9.29322e+01 -5.66792e+01
2.00205e+01 9.60237e+01 -5.69806e+01
8.23898e+00 9.69489e+01 -5.67219e+01
-3.49868e+00 9.68967e+01 -5.69306e+01
-1.48959e+01 9.41007e+01 -5.60184e+01
-2.55864e+01 8.93819e+01 -5.45150e+01
-3.60862e+01 8.54354e+01 -5.47220e+01
-4.59634e+01 8.00691e+01 -5.45981e+01
-5.51541e+01 7.35217e+01 -5.42367e+01
-6.47108e+01 6.75492e+01 -5.56178e+01
-7.35239e+01 6.00731e+01 -5.65047e+01
-8.21493e+01 5.19187e+01 -5.79921e+01
-8.91577e+01 4.20036e+01 -5.83099e+01
-9.66785e+01 3.20020e+01 -6.07163e+01
-1.01860e+02 2.04165e+01 -6.19155e+01
-1.05141e+02 8.01508e+00 -6.29405e+01
-1.05009e+02 -4.81071e+00 -6.22359e+01
-1.03811e+02 -1.75600e+01 -6.25505e+01
-9.95939e+01 -2.95963e+01 -6.13313e+01
-9.44509e+01 -4.11262e+01 -6.08240e+01
-8.74368e+01 -5.14376e+01 -5.95941e+01
-7.98276e+01 -6.12047e+01 -5.92067e+01
-7.11554e+01 -6.99728e+01 -5.89397e+01
-6.04064e+01 -7.55858e+01 -5.65087e+01
-4.97158e+01 -8.04855e+01 -5.49808e+01
-3.90881e+01 -8.48266e+01 -5.41793e+01
-2.82721e+01 -8.78275e+01 -5.31300e+01
-1.76399e+01 -9.17477e+01 -5.37560e+01
-6.58796e+00 -9.55026e+01 -5.50503e+01
5.01466e+00 -9.70628e+01 -5.55077e+01
1.69053e+01 -9.70830e+01 -5.59378e+01
2.89822e+01 -9.61757e+01 -5.70075e+01
4.06001e+01 -9.26866e+01 -5.73271e+01
5.15374e+01 -8.73830e+01 -5.73849e+01
6.15708e+01 -8.04233e+01 -5.70630e+01
7.12353e+01 -7.29586e+01 -5.73463e+01
8.06116e+01 -6.48931e+01 -5.82350e+01
8.91067e+01 -5.56113e+01 -5.90929e+01
9.63471e+01 -4.51490e+01 -5.99241e+01
1.01164e+02 -3.32835e+01 -5.98255e+01
1.04789e+02 -2.10883e+01 -6.05695e+01
1.04316e+02 -8.13798e+00 -5.88473e+01
9.25818e+01 3.84976e+00 -6.54071e+01
9.00885e+01 1.53074e+01 -6.43543e+01
8.66017e+01 2.63003e+01 -6.36578e+01
8.26142e+01 3.70880e+01 -6.40369e+01
7.81599e+01 4.80017e+01 -6.57848e+01
7.12836e+01 5.73845e+01 -6.56659e+01
6.31867e+01 6.57018e+01 -6.54896e+01
5.40337e+01 7.27917e+01 -6.52614e+01
4.42118e+01 7.89759e+01 -6.55242e+01
3.35047e+01 8.32334e+01 -6.51030e+01
2.25640e+01 8.69189e+01 -6.56791e+01
1.11588e+01 8.80363e+01 -6.50625e+01
-1.88833e-01 8.80900e+01 -6.49411e+01
-1.12401e+01 8.56017e+01 -6.36460e+01
-2.17647e+01 8.19721e+01 -6.25448e+01
-3.17590e+01 7.75401e+01 -6.18697e+01
-4.13374e+01 7.25721e+01 -6.18495e+01
-5.03638e+01 6.66152e+01 -6.18702e+01
-5.96070e+01 6.08511e+01 -6.36623e+01
-6.79181e+01 5.33614e+01 -6.45297e+01
-7.58529e+01 4.51048e+01 -6.59947e+01
-8.29071e+01 3.57223e+01 -6.74994e+01
-8.93334e+01 2.55022e+01 -6.99502e+01
-9.36981e+01 1.40191e+01 -7.16088e+01
-9.50706e+01 1.75104e+00 -7.15596e+01
-9.45029e+01 -1.05741e+01 -7.15179e+01
-9.06615e+01 -2.22164e+01 -6.92730e+01
-8.57008e+01 -3.31281e+01 -6.77059e+01
-8.06010e+01 -4.39779e+01 -6.82210e+01
-7.26311e+01 -5.26270e+01 -6.59094e+01
-6.51506e+01 -6.17502e+01 -6.65766e+01
-5.55012e+01 -6.80187e+01 -6.45820e+01
-4.54464e+01 -7.30353e+01 -6.28104e+01
-3.55224e+01 -7.80014e+01 -6.25451e+01
-2.51801e+01 -8.15876e+01 -6.19281e+01
-1.46924e+01 -8.51858e+01 -6.25365e+01
-3.73611e+00 -8.75448e+01 -6.30896e+01
7.65386e+00 -8.93389e+01 -6.45519e+01
1.92995e+01 -8.92782e+01 -6.57952e+01
3.03371e+01 -8.55198e+01 -6.48930e+01
4.13683e+01 -8.20677e+01 -6.60683e+01
5.10872e+01 -7.55480e+01 -6.52529e+01
6.02153e+01 -6.83352e+01 -6.48869e+01
6.94044e+01 -6.11330e+01 -6.60337e+01
7.78142e+01 -5.26891e+01 -6.71113e+01
8.52641e+01 -4.31460e+01 -6.84003e+01
8.98311e+01 -3.17679e+01 -6.76076e+01
9.26690e+01 -1.99884e+01 -6.70224e+01
9.43789e+01 -8.12053e+00 -6.75142e+01
8.41133e+01 3.43028e+00 -7.42784e+01
8.18503e+01 1.47812e+01 -7.29126e+01
7.84320e+01 2.56522e+01 -7.20623e+01
7.52207e+01 3.68691e+01 -7.43570e+01
6.95508e+01 4.70203e+01 -7.48187e+01
6.20553e+01 5.58217e+01 -7.43862e+01
5.29715e+01 6.27685e+01 -7.29266e+01
4.34649e+01 6.90872e+01 -7.28851e+01
3.29878e+01 7.33290e+01 -7.19184e+01
2.24311e+01 7.74069e+01 -7.28973e+01
1.13121e+01 7.87657e+01 -7.22261e+01
2.34588e-01 7.84510e+01 -7.14198e+01
-1.04990e+01 7.60191e+01 -6.97971e+01
-2.07627e+01 7.27767e+01 -6.89633e+01
-3.06299e+01 6.89200e+01 -6.90912e+01
-3.99160e+01 6.38190e+01 -6.91618e+01
-4.88728e+01 5.81150e+01 -7.01216e+01
-5.75518e+01 5.16678e+01 -7.19132e+01
-6.51802e+01 4.36141e+01 -7.28366e+01
-7.21559e+01 3.47063e+01 -7.44606e+01
-7.76783e+01 2.45923e+01 -7.57047e+01
-8.11010e+01 1.34831e+01 -7.60432e+01
-8.35369e+01 1.97498e+00 -7.80498e+01
-8.21165e+01 -9.72671e+00 -7.65002e+01
-7.88522e+01 -2.08663e+01 -7.48984e+01
-7.49048e+01 -3.17261e+01 -7.51362e+01
-6.85364e+01 -4.11640e+01 -7.32872e+01
-6.13314e+01 -4.97525e+01 -7.21580e+01
-5.35532e+01 -5.78040e+01 -7.22186e+01
-4.44530e+01 -6.39451e+01 -7.09351e+01
-3.47421e+01 -6.86425e+01 -6.94522e+01
-2.49846e+01 -7.34557e+01 -7.00135e+01
-1.46069e+01 -7.66192e+01 -7.00124e+01
-3.84280e+00 -7.85584e+01 -7.02878e+01
7.20247e+00 -7.93931e+01 -7.12221e+01
1.80003e+01 -7.69808e+01 -7.01353e+01
2.83243e+01 -7.33310e+01 -6.95496e+01
3.81567e+01 -6.87897e+01 -6.97164e+01
4.71742e+01 -6.27264e+01 -6.93899e+01
5.56678e+01 -5.58736e+01 -6.94388e+01
6.43543e+01 -4.89469e+01 -7.14647e+01
7.18993e+01 -4.04089e+01 -7.28017e+01
7.80249e+01 -3.06052e+01 -7.39074e+01
8.12814e+01 -1.94224e+01 -7.28899e+01
8.40591e+01 -8.21238e+00 -7.44006e+01
7.45915e+01 2.97636e+00 -8.09479e+01
7.29694e+01 1.43819e+01 -8.04251e+01
7.02768e+01 2.56564e+01 -8.15822e+01
6.59657e+01 3.66047e+01 -8.31889e+01
5.84422e+01 4.53834e+01 -8.08828e+01
5.01241e+01 5.32511e+01 -8.00878e+01
4.09823e+01 6.01608e+01 -8.04513e+01
3.04531e+01 6.42488e+01 -7.85028e+01
1.98171e+01 6.75591e+01 -7.82846e+01
8.92543e+00 6.93894e+01 -7.84150e+01
-1.99912e+00 6.81847e+01 -7.63259e+01
-1.24547e+01 6.55176e+01 -7.45059e+01
-2.26047e+01 6.27336e+01 -7.50947e+01
-3.25076e+01 5.91551e+01 -7.69952e+01
-4.12245e+01 5.28754e+01 -7.63467e+01
-4.94956e+01 4.60692e+01 -7.71878e+01
-5.65473e+01 3.77724e+01 -7.72365e+01
-6.26774e+01 2.86865e+01 -7.81482e+01
-6.73005e+01 1.86232e+01 -7.91001e+01
-7.04455e+01 7.87344e+00 -8.08693e+01
-7.06923e+01 -3.40192e+00 -8.05618e+01
-6.89333e+01 -1.45082e+01 -8.02206e+01
-6.57999e+01 -2.53631e+01 -8.09743e+01
-6.00201e+01 -3.48710e+01 -7.89971e+01
-5.31558e+01 -4.33701e+01 -7.75169e+01
-4.54792e+01 -5.10262e+01 -7.69651e+01
-3.69306e+01 -5.76578e+01 -7.68735e+01
-2.72808e+01 -6.21486e+01 -7.53344e+01
-1.74148e+01 -6.68109e+01 -7.67868e+01
-6.75607e+00 -6.82982e+01 -7.56361e+01
4.02285e+00 -6.88433e+01 -7.59344e+01
1.45301e+01 -6.66218e+01 -7.47400e+01
2.43899e+01 -6.27606e+01 -7.36058e+01
3.34421e+01 -5.75503e+01 -7.25094e+01
4.19210e+01 -5.16204e+01 -7.21496e+01
5.01336e+01 -4.51644e+01 -7.29478e+01
5.83328e+01 -3.81533e+01 -7.55384e+01
6.53904e+01 -2.95547e+01 -7.77281e+01
7.05109e+01 -1.94703e+01 -7.89958e+01
7.39287e+01 -8.54320e+00 -8.07504e+01
6.47547e+01 2.51140e+00 -8.70955e+01
6.34695e+01 1.38820e+01 -8.74751e+01
5.97268e+01 2.46878e+01 -8.71119e+01
5.37005e+01 3.42903e+01 -8.57854e+01
4.60100e+01 4.24396e+01 -8.43855e+01
3.75181e+01 4.97562e+01 -8.51341e+01
2.76713e+01 5.48487e+01 -8.45107e+01
1.71923e+01 5.79601e+01 -8.36058e+01
6.44620e+00 5.87546e+01 -8.18232e+01
-4.11326e+00 5.77255e+01 -8.01509e+01
-1.42575e+01 5.52002e+01 -7.90765e+01
-2.42473e+01 5.25214e+01 -8.14431e+01
-3.34218e+01 4.74589e+01 -8.22676e+01
-4.13734e+01 4.04238e+01 -8.17941e+01
-4.81295e+01 3.22138e+01 -8.15190e+01
-5.35536e+01 2.30616e+01 -8.18197e+01
-5.77635e+01 1.32198e+01 -8.38434e+01
-5.97204e+01 2.53114e+00 -8.51561e+01
-5.86087e+01 -8.29407e+00 -8.37124e+01
-5.63104e+01 -1.89302e+01 -8.46999e+01
-5.12629e+01 -2.83894e+01 -8.25880e+01
-4.50258e+01 -3.69128e+01 -8.13709e+01
-3.78763e+01 -4.47699e+01 -8.18171e+01
-2.94351e+01 -5.12487e+01 -8.20841e+01
-1.98413e+01 -5.57565e+01 -8.15264e+01
-9.58982e+00 -5.86816e+01 -8.16037e+01
1.00975e+00 -5.91116e+01 -8.07680e+01
1.13969e+01 -5.76154e+01 -8.02153e+01
2.08876e+01 -5.33269e+01 -7.76573e+01
2.95444e+01 -4.80619e+01 -7.60382e+01
3.78350e+01 -4.24447e+01 -7.64557e+01
4.57610e+01 -3.59444e+01 -7.79391e+01
5.34103e+01 -2.85006e+01 -8.12620e+01
5.96628e+01 -1.93891e+01 -8.43674e+01
6.37340e+01 -8.84809e+00 -8.67545e+01
5.39616e+01 2.01610e+00 -9.10690e+01
5.19989e+01 1.28353e+01 -8.98392e+01
4.76866e+01 2.28509e+01 -8.88781e+01
4.13565e+01 3.16375e+01 -8.81744e+01
3.34938e+01 3.89918e+01 -8.81263e+01
2.44348e+01 4.46613e+01 -8.84567e+01
1.43084e+01 4.74007e+01 -8.61393e+01
4.05523e+00 4.81261e+01 -8.41327e+01
-6.02317e+00 4.71923e+01 -8.31962e+01
-1.58004e+01 4.48953e+01 -8.39906e+01
-2.50562e+01 4.08977e+01 -8.55704e+01
-3.30129e+01 3.44592e+01 -8.51168e+01
-3.95325e+01 2.65631e+01 -8.46729e+01
-4.47508e+01 1.77781e+01 -8.60917e+01
-4.78493e+01 7.91720e+00 -8.70817e+01
-4.82538e+01 -2.44752e+00 -8.63473e+01
-4.67336e+01 -1.26928e+01 -8.67014e+01
-4.30591e+01 -2.23754e+01 -8.66065e+01
-3.73962e+01 -3.09355e+01 -8.56927e+01
-3.02638e+01 -3.83076e+01 -8.53858e+01
-2.17655e+01 -4.41567e+01 -8.54366e+01
-1.22209e+01 -4.85408e+01 -8.68145e+01
-1.88225e+00 -4.95709e+01 -8.52981e+01
8.39583e+00 -4.89447e+01 -8.55240e+01
1.77584e+01 -4.48321e+01 -8.21403e+01
2.62856e+01 -3.97847e+01 -8.06611e+01
3.43587e+01 -3.41024e+01 -8.17073e+01
4.18760e+01 -2.72472e+01 -8.41993e+01
4.85951e+01 -1.90246e+01 -8.84740e+01
5.29379e+01 -8.98490e+00 -9.11348e+01
4.26036e+01 1.50921e+00 -9.25779e+01
4.02568e+01 1.19962e+01 -9.09127e+01
3.52120e+01 2.13514e+01 -8.98236e+01
2.80359e+01 2.90609e+01 -8.94063e+01
1.91941e+01 3.44675e+01 -8.83964e+01
9.43232e+00 3.72468e+01 -8.67032e+01
-5.43787e-01 3.77282e+01 -8.58126e+01
-1.03214e+01 3.60380e+01 -8.60865e+01
-1.93926e+01 3.19528e+01 -8.64907e+01
-2.70932e+01 2.55552e+01 -8.63641e+01
-3.30075e+01 1.74597e+01 -8.67350e+01
-3.67935e+01 8.12092e+00 -8.80065e+01
-3.76237e+01 -1.98672e+00 -8.74731e+01
-3.62396e+01 -1.21172e+01 -8.90784e+01
-3.20739e+01 -2.15084e+01 -8.92404e+01
-2.56441e+01 -2.95635e+01 -8.93600e+01
-1.73150e+01 -3.58293e+01 -9.00089e+01
-7.52014e+00 -3.97178e+01 -9.09010e+01
2.92646e+00 -4.01202e+01 -8.96075e+01
1.29187e+01 -3.76020e+01 -8.78384e+01
2.18935e+01 -3.28538e+01 -8.64976e+01
2.98799e+01 -2.66046e+01 -8.71657e+01
3.67966e+01 -1.88638e+01 -9.02106e+01
4.15668e+01 -9.28086e+00 -9.32048e+01
3.14654e+01 1.01856e+00 -9.28565e+01
2.88840e+01 1.05665e+01 -9.08168e+01
2.33679e+01 1.85841e+01 -8.93312e+01
1.56804e+01 2.42375e+01 -8.77084e+01
6.81327e+00 2.71547e+01 -8.63166e+01
-2.38991e+00 2.73745e+01 -8.60363e+01
-1.12032e+01 2.47827e+01 -8.62612e+01
-1.88808e+01 1.96609e+01 -8.76014e+01
-2.44641e+01 1.21628e+01 -8.82316e+01
-2.73830e+01 3.19643e+00 -8.91639e+01
-2.71439e+01 -6.30277e+00 -8.93429e+01
-2.40293e+01 -1.54208e+01 -9.08968e+01
-1.78986e+01 -2.28973e+01 -9.07370e+01
-9.59626e+00 -2.80926e+01 -9.13468e+01
3.69990e-02 -3.00702e+01 -9.12790e+01
9.75867e+00 -2.87931e+01 -9.14318e+01
1.84144e+01 -2.42894e+01 -9.05982e+01
2.55441e+01 -1.76051e+01 -9.17863e+01
3.03875e+01 -8.94112e+00 -9.39305e+01
2.07695e+01 5.55276e-01 -9.16558e+01
1.73158e+01 9.98039e+00 -8.96107e+01
9.76771e+00 1.62688e+01 -8.77600e+01
3.31089e-01 1.81301e+01 -8.68706e+01
-8.81342e+00 1.53597e+01 -8.77111e+01
-1.54928e+01 8.38314e+00 -8.88783e+01
-1.79294e+01 -1.13897e+00 -9.06732e+01
-1.52151e+01 -1.07703e+01 -9.18309e+01
-7.90544e+00 -1.78246e+01 -9.28297e+01
2.07148e+00 -1.99768e+01 -9.21444e+01
1.18042e+01 -1.69024e+01 -9.21747e+01
1.88306e+01 -9.48341e+00 -9.34723e+01
1.08203e+01 1.18514e-01 -9.16235e+01
5.50089e+00 8.03138e+00 -8.94209e+01
-3.85277e+00 7.60514e+00 -8.95900e+01
-8.31832e+00 -7.18711e-01 -9.10129e+01
-3.27043e+00 -8.90619e+00 -9.21830e+01
6.44237e+00 -8.50881e+00 -9.23391e+01
1.19970e+00 -3.03915e-01 -9.16099e+01
