 0.000000 0.000000 94.338760
 9.880246 0.000000 94.044685
 4.941608 8.559251 94.036575
 -4.965209 8.595446 94.342972
 -9.885458 0.000000 94.034897
 -4.926276 -8.531443 93.706604
 4.956010 -8.583339 94.284546
 19.799534 0.000000 93.165741
 17.013098 9.823355 92.444588
 9.887187 17.123264 93.003174
 0.000000 20.035341 94.282997
 -10.037698 17.372776 94.251755
 -17.294861 9.975458 93.699486
 -19.789139 0.000000 93.069176
 -16.961542 -9.790780 92.090828
 -9.810486 -16.989113 92.261757
 0.000000 -19.863659 93.430634
 10.019096 -17.342207 94.101219
 17.340338 -10.008950 94.135201
 29.882675 0.000000 91.909721
 27.896189 9.575826 90.748947
 23.229490 18.082418 90.626511
 16.255648 24.879536 91.454483
 7.400700 29.225431 92.789970
 -2.509184 30.277414 93.482292
 -12.200101 27.795015 93.303391
 -20.523174 22.281437 93.114319
 -26.462826 14.301351 92.254448
 -29.412170 4.901131 91.414894
 -29.155466 -4.864592 90.940979
 -25.730339 -13.922359 90.002327
 -19.774323 -21.477905 89.825928
 -11.812912 -26.921864 90.424377
 -2.458781 -29.646181 91.406914
 7.426303 -29.319235 93.046967
 16.680782 -25.517118 93.713875
 24.078802 -18.725393 93.688942
 28.666887 -9.837222 93.173538
 40.385162 0.000000 90.753693
 38.353916 10.275718 89.154465
 34.119987 19.703651 88.546265
 27.973139 27.976206 88.880386
 20.053238 34.732033 90.072052
 10.523522 39.274323 91.323341
 0.000000 40.860378 91.773911
 -10.524215 39.259495 91.217857
 -20.196856 34.955391 90.535393
 -28.459921 28.430641 90.142059
 -34.830334 20.090979 90.104294
 -38.688976 10.355423 89.690804
 -39.732597 0.000000 89.001488
 -38.019444 -10.183940 88.324295
 -33.765034 -19.486914 87.477203
 -27.484810 -27.479330 87.253372
 -19.535101 -33.842564 87.802170
 -10.207832 -38.089470 88.540581
 0.000000 -39.895496 89.507568
 10.447215 -38.940758 90.348343
 20.430140 -35.366383 91.633484
 29.077751 -29.059408 92.201721
 35.674576 -20.589357 92.430954
 39.545639 -10.595380 91.933968
 51.285828 0.000000 88.901108
 49.384598 10.496767 87.441635
 45.574257 20.292011 86.419640
 40.261414 29.260521 86.269974
 33.558769 37.282333 86.941864
 25.410538 44.015854 88.044022
 15.900904 48.957554 89.223000
 5.385523 51.239834 89.238846
 -5.342779 50.826382 88.498222
 -15.587944 47.951736 87.255341
 -24.972353 43.222881 86.337730
 -33.347347 37.010761 86.156647
 -40.477779 29.395508 86.551086
 -45.924339 20.443241 87.028404
 -49.205883 10.457664 87.099297
 -49.997616 0.000000 86.370628
 -48.550575 -10.309334 85.728561
 -45.045166 -20.045231 85.282845
 -39.655987 -28.804316 84.839378
 -32.708862 -36.326862 84.667183
 -24.455275 -42.355900 84.705070
 -15.182365 -46.720791 85.068672
 -5.169620 -49.163242 85.553062
 5.206411 -49.483833 86.021011
 15.559486 -47.869862 87.124405
 25.362949 -43.885445 87.614731
 34.279305 -38.039837 88.532272
 41.854057 -30.402580 89.556717
 47.456455 -21.126225 89.943596
 50.681984 -10.773851 89.769295
 62.377781 0.000000 85.875610
 60.761131 11.035450 85.187119
 57.009254 21.400366 83.858994
 51.908123 31.021721 83.286339
 45.659138 39.917355 83.602592
 38.205196 47.957855 84.582680
 29.394148 54.681618 85.626236
 19.272070 59.328369 85.898399
 8.348550 61.631466 85.603180
 -2.756516 61.378616 84.565559
 -13.416058 58.751457 82.874245
 -23.321280 54.524643 81.512833
 -32.495110 49.214272 81.123947
 -40.874588 42.746349 81.382233
 -48.226002 35.028908 81.985947
 -54.066013 26.007263 82.333557
 -58.324814 16.090746 83.193596
 -60.421238 5.436906 83.451622
 -60.300835 -5.424522 83.218971
 -58.089046 -16.017538 82.739426
 -54.006783 -25.985531 82.303009
 -48.262581 -35.052288 82.027313
 -40.990818 -42.865005 81.598343
 -32.519867 -49.259464 81.221107
 -23.140568 -54.136829 81.025322
 -13.091123 -57.337666 80.902069
 -2.641307 -58.760269 80.828262
 7.927652 -58.450172 81.001831
 18.401148 -56.610115 81.868515
 28.418056 -52.769047 82.366600
 37.748131 -47.279133 83.060539
 46.267494 -40.408398 84.480164
 53.461304 -31.949759 85.776405
 58.770683 -22.063198 86.466843
 61.807037 -11.218435 86.504333
 73.313873 0.000000 81.414978
 71.969719 11.410920 81.163376
 68.499306 22.275049 80.173477
 63.518780 32.371464 79.221947
 57.526932 41.809338 79.043716
 50.580601 50.632610 79.669640
 42.474159 58.548244 80.584419
 33.050018 64.925682 81.060181
 22.530565 69.355576 81.018539
 11.338454 71.588165 80.497780
 0.000000 71.476288 79.401802
 -10.937345 69.009285 77.506271
 -21.220417 65.273605 76.149345
 -30.858479 60.543774 75.422585
 -39.951290 54.985363 75.476379
 -48.439678 48.439682 76.081451
 -56.010471 40.674065 76.785378
 -62.331470 31.726126 77.466324
 -67.080666 21.762615 78.001488
 -70.266548 11.121153 78.853905
 -71.386871 0.000000 79.103340
 -70.666748 -11.187536 79.363297
 -67.912979 -22.050364 79.147736
 -63.429237 -32.304790 78.967369
 -57.223637 -41.557819 78.463928
 -49.596447 -49.576881 77.812981
 -40.846924 -56.201305 77.104698
 -31.280724 -61.377029 76.471680
 -21.130102 -64.999657 75.837585
 -10.638155 -67.101563 75.322166
 0.000000 -67.829659 75.190041
 10.630481 -67.028564 75.190880
 21.153349 -65.090279 75.983109
 31.263552 -61.318092 76.342186
 40.897415 -56.252045 77.128639
 49.828266 -49.782990 78.065392
 57.981308 -42.120636 79.568893
 64.943924 -33.125336 81.185089
 69.945740 -22.746183 81.872635
 72.913391 -11.560894 82.233299
 83.736778 0.000000 75.425468
 82.443398 11.595909 75.127892
 79.418243 22.808033 74.710037
 74.627739 33.247314 73.682976
 68.834160 43.021103 73.125099
 62.243160 52.262871 73.294724
 54.724731 60.862274 73.920937
 46.069340 68.404449 74.489250
 36.261654 74.420036 74.679008
 25.507069 78.511528 74.344452
 14.232982 80.737869 73.847519
 2.822677 80.891891 72.975266
 -8.271716 78.677353 71.195396
 -18.797510 75.355614 69.866425
 -28.810202 71.300011 69.227180
 -38.387955 66.489883 69.129341
 -47.555687 60.854740 69.505966
 -56.258701 54.321793 70.395515
 -63.933823 46.384571 70.872421
 -70.597572 37.467136 71.616692
 -75.931046 27.581882 72.354034
 -79.706818 16.906893 72.945473
 -82.110725 5.736956 73.941498
 -82.472778 -5.761958 74.257332
 -81.045044 -17.213211 74.442116
 -77.728386 -28.263617 74.280357
 -72.686470 -38.606892 73.905075
 -66.083084 -47.958176 73.319183
 -58.155807 -56.095764 72.562347
 -49.178318 -62.869793 71.684044
 -39.440495 -68.224510 70.769730
 -29.212444 -72.204620 69.948662
 -18.710381 -74.957916 69.417480
 -8.051445 -76.558784 69.239861
 2.683365 -76.798141 69.121704
 13.357441 -75.679497 69.071922
 23.905493 -73.531120 69.543175
 34.156780 -69.988411 70.036232
 43.981068 -65.151688 70.657707
 53.297523 -59.153175 71.585182
 61.848034 -51.854355 72.531464
 69.603508 -43.495079 73.909943
 76.178917 -33.964268 75.371887
 80.805695 -23.202301 75.975250
 83.370728 -11.728381 76.008644
 93.367043 0.000000 67.847084
 91.882942 11.850077 67.358360
 88.854851 23.320490 66.899818
 84.460663 34.242649 66.464478
 78.785469 44.419720 65.895851
 72.050125 53.771133 65.314621
 65.241768 63.380886 66.559052
 56.806721 71.417236 66.667282
 47.568436 78.726807 67.269119
 36.969067 83.578392 66.495758
 25.821898 86.973251 65.875763
 14.392217 89.103119 65.682686
 2.841024 88.618835 64.450577
 -8.352578 86.560112 63.151741
 -19.076323 83.550659 62.226677
 -29.406576 79.891869 61.829262
 -39.493782 75.717239 62.070408
 -49.240891 70.563156 62.463940
 -58.567631 64.415817 63.090218
 -67.469826 57.408337 64.284393
 -75.184105 48.877167 64.945801
 -81.824554 39.348003 65.718864
 -87.233177 28.930368 66.568451
 -90.870911 17.659845 66.868111
 -93.144798 5.968164 67.437569
 -93.607430 -5.997556 67.765450
 -92.249146 -17.932014 67.930145
 -89.007622 -29.500753 67.809380
 -84.004875 -40.385120 67.420654
 -77.508682 -50.378139 66.919289
 -69.730507 -59.298447 66.336266
 -60.838413 -66.931076 65.587608
 -51.136494 -73.269669 64.845352
 -40.777004 -78.107704 63.928417
 -30.080383 -81.678497 63.151806
 -19.196335 -84.035858 62.534588
 -8.237960 -85.325249 62.189365
 2.744788 -85.505875 62.043163
 13.707375 -84.706696 62.239498
 24.568134 -82.688309 62.545418
 35.239838 -79.525246 63.070320
 45.571899 -75.098503 63.688450
 55.411133 -69.408020 64.375404
 64.594147 -62.480042 65.111076
 72.950882 -54.374817 65.900459
 80.501205 -45.333572 67.109489
 86.772057 -35.178333 68.272720
 91.045166 -23.909641 68.660706
 93.368050 -12.055570 68.666801
 102.476120 0.000000 59.178528
 100.617523 12.218397 58.534573
 97.195030 23.961691 57.830849
 92.637604 35.165234 57.350758
 86.794136 45.572765 56.662155
 80.164330 55.333447 56.237919
 73.232506 64.997589 56.777622
 64.790169 73.140053 56.424988
 55.867348 80.994461 56.890392
 45.911346 87.568344 57.202293
 34.891670 91.988914 56.787140
 23.306040 94.423813 56.009884
 11.647812 95.963486 55.847267
 0.000000 95.149712 54.974773
 -11.285523 92.957588 54.076756
 -22.196331 90.062721 53.563210
 -32.854061 86.623123 53.481091
 -43.393353 82.662170 53.878784
 -53.726265 77.771919 54.478432
 -63.747559 71.874222 55.325184
 -73.148361 64.716652 56.209694
 -81.629433 56.253643 57.007477
 -89.012123 46.626305 57.724773
 -95.227829 36.038471 58.453735
 -100.300385 24.683849 59.387383
 -103.397011 12.524619 59.736454
 -104.948578 0.000000 60.237766
 -104.482056 -12.664736 60.479534
 -101.907310 -25.082899 60.364517
 -97.104218 -36.742954 59.583492
 -91.043640 -47.692608 59.052822
 -84.024506 -57.997929 58.945950
 -75.274796 -66.625938 57.913548
 -65.885574 -74.315453 57.248524
 -55.721989 -80.668877 56.519665
 -45.054092 -85.816162 55.923939
 -34.143715 -90.169785 55.831001
 -22.712927 -92.133247 54.767456
 -11.424357 -94.228951 54.948292
 0.000000 -94.324120 54.472664
 11.455023 -94.508347 55.138332
 22.791147 -92.473282 54.993599
 34.048828 -89.756821 55.398075
 45.059853 -85.817017 55.912861
 55.671871 -80.614525 56.504097
 65.685165 -74.090736 57.077072
 75.184387 -66.620941 58.024342
 83.669945 -57.785248 58.787354
 90.616585 -47.531841 58.991119
 96.354637 -36.523193 59.409660
 100.743622 -24.857153 60.079830
 102.857857 -12.507374 60.063629
 111.906914 0.000000 50.073643
 109.319756 12.555214 49.123470
 105.201630 24.471876 48.134834
 100.070694 35.721630 47.367809
 93.925003 46.179817 46.599266
 87.298363 56.112164 46.223114
 80.500061 65.966866 46.581806
 72.221802 74.314468 46.137875
 63.641476 82.537300 46.410294
 53.983990 89.437439 46.421677
 43.622768 95.489265 46.711357
 32.387665 99.678978 46.663830
 20.617235 101.744949 46.216297
 8.783068 102.368256 45.830975
 -2.884121 101.065422 45.101437
 -14.162779 98.538940 44.351635
 -25.161570 95.755257 44.106873
 -36.023270 92.525002 44.206863
 -46.793240 88.599388 44.524963
 -57.455208 83.871773 45.087284
 -67.834969 78.100334 45.813995
 -78.067963 71.601746 47.089146
 -87.313469 63.426285 48.028950
 -95.583160 53.978298 48.873451
 -102.628929 43.341637 49.511730
 -108.419403 31.784657 50.089985
 -112.784584 19.476528 50.661919
 -115.921516 6.625531 51.629444
 -116.365166 -6.653096 51.874367
 -114.358147 -19.790459 51.672321
 -110.128555 -32.336658 51.102394
 -104.634178 -44.293026 50.809746
 -97.337517 -55.060383 49.999294
 -89.266090 -65.004761 49.438919
 -80.035301 -73.551613 48.541866
 -70.390472 -81.367767 48.073803
 -59.719814 -87.335182 47.103184
 -48.726410 -92.290710 46.409805
 -37.519436 -96.377678 46.055874
 -26.019836 -98.989716 45.570183
 -14.464863 -100.596321 45.241749
 -2.896962 -101.406853 45.167679
 8.744300 -101.975388 45.702080
 20.384735 -100.684990 45.805008
 31.789740 -97.660255 45.571323
 43.375870 -94.950172 46.448689
 54.130638 -89.494675 46.281727
 65.027084 -84.200806 47.213486
 75.040039 -77.067429 47.686405
 84.411079 -68.896362 48.301773
 92.869148 -59.581818 48.919426
 100.843445 -49.633739 50.177799
 106.828819 -38.193077 50.781315
 110.366676 -25.691608 50.596600
 112.388313 -12.921687 50.653927
 120.196419 0.000000 39.039288
 117.357910 12.989168 38.364746
 112.707352 25.258305 37.529163
 106.798355 36.663929 36.688793
 99.990891 47.164452 35.875687
 92.704147 56.916428 35.234070
 85.347481 66.361557 35.038857
 77.427773 75.184631 34.914650
 68.962357 83.509155 34.977310
 60.110344 91.904274 35.599361
 49.811275 98.204918 35.617577
 39.075848 104.453445 36.292255
 27.185024 107.419617 36.044502
 14.990605 108.104454 35.461346
 2.972073 108.022285 35.227848
 -8.744378 105.636436 34.503986
 -20.055964 102.710960 34.024925
 -31.129751 99.484009 33.841572
 -42.237724 96.246483 34.118923
 -53.333714 92.294250 34.571114
 -64.261925 87.296356 35.102970
 -75.227173 81.718491 36.089558
 -85.335083 74.318390 36.768082
 -95.648521 66.557205 38.194180
 -103.405945 55.960484 38.203091
 -111.134010 45.121243 38.932587
 -118.935341 33.730286 40.484272
 -123.075180 20.539089 40.550518
 -125.670372 6.929503 40.831692
 -125.943024 -6.947332 40.965332
 -124.019249 -20.732616 41.055981
 -118.382446 -33.472378 39.963242
 -112.006172 -45.538776 39.389805
 -103.964584 -56.277874 38.438046
 -95.407448 -66.154060 37.722801
 -86.393822 -75.242569 37.227180
 -76.768669 -83.392998 36.829063
 -67.090370 -91.590881 37.155762
 -55.669579 -96.523476 36.281193
 -44.161224 -100.759880 35.801785
 -32.251347 -102.991684 34.989189
 -20.431625 -104.323982 34.375732
 -8.748480 -105.283173 34.154240
 2.921547 -105.737350 34.223858
 14.641210 -105.366096 34.435513
 26.444349 -104.304192 34.887596
 37.988529 -101.177727 34.928070
 49.823700 -98.432571 35.830788
 60.587624 -92.432076 35.665756
 71.538208 -86.651482 36.315620
 81.825180 -79.384850 36.813190
 92.250168 -71.801193 37.982967
 101.142448 -62.150982 38.539391
 109.258286 -51.600292 39.338768
 115.132530 -39.520981 39.540588
 119.085083 -26.675753 39.604126
 120.803841 -13.365176 39.446934
 127.654434 0.000000 26.945721
 124.986145 13.352976 26.673380
 119.689423 25.870115 25.985760
 112.847191 37.285477 25.174536
 105.306648 47.696507 24.448919
 97.574120 57.369015 23.918970
 89.818512 66.560036 23.607922
 82.074829 75.568703 23.563047
 74.131821 84.530998 23.776485
 65.370003 92.806221 23.985796
 55.847572 100.601013 24.349966
 45.104595 106.605240 24.486717
 33.572563 111.170868 24.615749
 21.343756 112.998665 24.367319
 9.080917 113.404984 24.164183
 -2.988069 112.349220 23.942617
 -14.607962 109.076752 23.387726
 -25.880636 105.904167 23.160398
 -36.991463 102.513840 23.137833
 -48.085350 98.785484 23.304867
 -59.671085 95.549606 24.040609
 -70.980148 90.711372 24.662537
 -81.111694 83.365845 24.767982
 -92.151588 76.756195 25.777279
 -101.515190 67.580368 26.150126
 -109.850456 57.130363 26.376692
 -117.805130 46.040123 26.849648
 -125.213142 34.146954 27.586809
 -130.053207 20.919443 27.875996
 -132.183411 7.019616 27.859928
 -132.111160 -7.016435 27.851694
 -129.110474 -20.730824 27.538708
 -123.704651 -33.628342 27.015848
 -116.801529 -45.561016 26.480047
 -108.574471 -56.256603 25.799776
 -99.792877 -65.949837 25.185032
 -90.942528 -75.120110 24.851461
 -81.618744 -83.532051 24.628601
 -71.940140 -91.492905 24.658258
 -61.391975 -98.132309 24.611347
 -50.534378 -104.384758 24.866034
 -38.208076 -105.989731 23.965034
 -26.386415 -108.065224 23.668982
 -14.593380 -108.978806 23.370932
 -2.892757 -108.320221 22.914478
 8.633817 -107.338173 22.685316
 20.173452 -106.486496 22.837231
 31.888336 -105.498734 23.319588
 43.317219 -102.334488 23.483505
 54.852261 -98.900085 23.976982
 65.537422 -92.961815 23.988127
 76.700180 -87.489502 24.626513
 87.029251 -80.092079 24.958237
 97.794708 -72.581734 25.822737
 107.274773 -63.116875 26.357208
 115.953423 -52.571400 27.003178
 122.531792 -40.479477 27.328934
 126.886002 -27.393192 27.460312
 127.805298 -13.601480 26.985159
 134.961288 0.000000 14.182221
 131.430237 13.818086 13.901789
 124.599968 26.415144 13.289170
 116.581261 37.685150 12.693603
 108.448685 48.008278 12.269446
 100.412178 57.668594 11.999194
 92.587723 66.973778 11.874554
 84.848808 76.106232 11.867689
 77.376549 85.807320 12.102373
 69.325272 95.482681 12.419868
 59.866268 103.723801 12.595227
 49.214508 110.494118 12.703808
 37.459755 115.127068 12.692357
 25.025772 117.481125 12.576588
 12.405705 117.754646 12.394136
 0.000000 117.026161 12.289777
 -11.981167 113.843727 12.003404
 -23.526108 110.576485 11.861447
 -34.593243 106.153053 11.668413
 -45.930428 103.066887 11.838129
 -57.416019 99.606506 12.123864
 -68.864609 95.151031 12.448702
 -79.009109 87.816132 12.437449
 -89.596931 80.835022 12.743544
 -99.941605 72.866844 13.112571
 -109.423958 63.359116 13.388158
 -118.003319 52.584431 13.609462
 -125.406288 40.671619 13.788367
 -131.342026 27.806040 13.958874
 -135.154465 14.130239 14.078586
 -136.505493 0.000000 14.148277
 -134.421326 -14.048505 13.987745
 -129.463379 -27.340870 13.664909
 -123.100121 -39.777313 13.396398
 -115.974716 -51.474041 13.226501
 -107.640816 -61.975685 12.962889
 -98.877472 -71.632301 12.742092
 -89.664619 -80.469917 12.565040
 -79.802132 -88.288017 12.400254
 -69.985352 -96.310783 12.508646
 -59.108814 -102.648926 12.516318
 -47.387222 -106.829369 12.372584
 -35.068520 -107.994774 11.947808
 -23.134132 -108.709564 11.656107
 -11.587319 -110.358711 11.684804
 0.000000 -110.041260 11.556358
 11.462493 -108.738586 11.430172
 23.233284 -109.509529 11.807285
 34.627815 -106.555183 11.772082
 46.262989 -104.106094 12.018935
 57.238335 -99.139702 12.031985
 68.102783 -93.628815 12.138635
 79.419540 -88.240265 12.489205
 90.109512 -81.045341 12.704886
 101.088608 -73.386536 13.103849
 111.143318 -64.039078 13.413630
 120.479538 -53.537510 13.788081
 127.816849 -41.430553 14.033093
 132.865829 -28.175114 14.185413
 134.537186 -14.090007 14.079853
 139.932800 0.000000 0.000000
 135.497009 14.286291 0.000000
 127.800484 27.138264 0.000000
 120.372971 39.111542 0.000000
 111.321396 49.470490 0.000000
 102.802261 59.264343 0.000000
 94.642258 68.724495 0.000000
 86.492882 77.817032 0.000000
 79.208878 88.226433 0.000000
 70.474236 97.163483 0.000000
 60.802608 105.313171 0.000000
 50.337746 113.136589 0.000000
 38.410378 118.148941 0.000000
 25.679464 120.575096 0.000000
 12.729361 120.779198 0.000000
 0.000000 120.215370 0.000000
 -12.422289 118.439011 0.000000
 -24.178190 113.759621 0.000000
 -35.756714 110.212357 0.000000
 -47.194405 106.293289 0.000000
 -58.684971 102.130798 0.000000
 -69.580139 96.154991 0.000000
 -79.658081 88.565376 0.000000
 -89.224533 80.185036 0.000000
 -100.379326 73.141724 0.000000
 -110.623779 64.149055 0.000000
 -119.216400 53.162609 0.000000
 -126.942017 41.209930 0.000000
 -132.733032 28.105618 0.000000
 -136.704178 14.300452 0.000000
 -138.717300 0.000000 0.000000
 -136.792892 -14.344853 0.000000
 -131.353973 -27.811392 0.000000
 -124.422546 -40.249393 0.000000
 -117.326393 -52.130653 0.000000
 -109.661324 -63.342545 0.000000
 -101.191711 -73.643326 0.000000
 -91.857620 -82.851967 0.000000
 -81.572220 -90.688187 0.000000
 -71.117867 -98.256485 0.000000
 -59.613483 -103.815132 0.000000
 -47.042660 -105.896225 0.000000
 -34.722271 -106.776756 0.000000
 -22.936426 -107.719856 0.000000
 -11.484698 -109.269638 0.000000
 0.000000 -109.931465 0.000000
 11.530954 -109.709747 0.000000
 23.230051 -109.498276 0.000000
 34.867744 -107.571762 0.000000
 46.325008 -104.318916 0.000000
 57.531384 -99.886635 0.000000
 68.871819 -95.130905 0.000000
 80.246483 -89.491119 0.000000
 91.534554 -82.696632 0.000000
 102.729477 -74.798836 0.000000
 113.774490 -65.809090 0.000000
 123.204430 -54.854153 0.000000
 129.931366 -42.059547 0.000000
 135.431046 -28.686796 0.000000
 138.378296 -14.517292 0.000000
 139.558640 0.000000 -14.920248
 134.288605 14.154526 -14.303858
 126.764931 26.912539 -13.575526
 119.156136 38.660934 -13.114755
 109.928566 48.709866 -12.473200
 101.548241 58.356720 -12.158005
 94.239700 68.429970 -12.222884
 86.667496 78.171364 -12.318851
 79.227654 88.413254 -12.614153
 70.617653 97.609268 -12.776929
 61.030159 106.017044 -12.932238
 50.549259 113.904251 -13.177317
 38.402218 118.168625 -13.055231
 25.678902 120.529900 -12.900710
 12.729679 120.642662 -12.665751
 0.000000 121.155510 -12.733956
 -12.507375 119.272034 -12.654763
 -24.397476 114.928474 -12.377106
 -35.769409 110.110603 -12.173323
 -46.947006 105.496834 -12.148284
 -58.343201 101.413528 -12.387013
 -69.166321 95.577972 -12.506635
 -78.649246 87.294594 -12.332208
 -88.420898 79.484955 -12.447906
 -99.579262 72.627075 -13.077706
 -107.982841 62.305500 -13.082507
 -116.969872 52.011585 -13.409363
 -124.881874 40.477882 -13.708363
 -130.348709 27.550861 -13.790903
 -134.369720 14.040870 -13.976249
 -137.452408 0.000000 -14.422614
 -136.972015 -14.444071 -14.606838
 -131.499420 -27.983324 -14.174833
 -123.514664 -39.997169 -13.522316
 -117.897202 -52.614368 -13.653069
 -110.013512 -63.720596 -13.471854
 -99.968369 -72.502960 -12.923332
 -90.991295 -81.900551 -12.856614
 -80.738335 -89.647499 -12.673561
 -70.437576 -97.370316 -12.748176
 -58.218372 -101.076515 -12.319543
 -45.757710 -102.640160 -11.780848
 -33.985474 -104.410622 -11.500911
 -22.545380 -105.868767 -11.336259
 -11.354225 -108.075722 -11.431081
 0.000000 -110.048965 -11.624338
 11.627520 -111.087677 -11.828948
 23.400879 -110.579849 -11.977476
 35.158703 -108.728256 -12.120557
 46.514851 -104.845306 -12.140298
 57.458981 -99.703636 -12.140684
 69.028404 -95.471130 -12.512757
 80.533798 -90.005951 -12.874827
 91.656471 -82.931473 -13.140728
 101.969276 -74.123680 -13.266630
 113.966515 -66.035164 -13.967920
 123.544464 -55.133327 -14.303682
 130.140686 -42.224434 -14.326361
 135.543945 -28.781174 -14.524181
 138.390701 -14.556264 -14.654979
 131.045273 0.000000 -27.732477
 126.722878 13.499096 -26.825563
 122.035896 26.373476 -26.484922
 115.784340 38.367390 -26.045963
 106.792313 48.320515 -24.722876
 99.001160 58.207424 -24.269464
 91.643555 68.120689 -24.302959
 83.650459 77.261856 -24.233795
 75.684464 86.612556 -24.523449
 66.775696 95.056595 -24.686890
 57.721806 104.481506 -25.504417
 47.265495 112.484993 -26.144785
 34.854305 115.486603 -25.599827
 22.309048 118.119720 -25.477787
 9.608359 120.228996 -25.704395
 -3.139540 117.847397 -25.040831
 -15.368580 114.669678 -24.554951
 -27.021448 110.425774 -24.093386
 -38.007320 104.963905 -23.544872
 -49.327572 101.409569 -23.955280
 -60.632095 97.278152 -24.560661
 -70.004509 89.001755 -23.970989
 -79.546043 81.374794 -23.969921
 -89.081406 73.533989 -24.294281
 -98.868546 65.400444 -25.016579
 -107.211441 55.393837 -25.273056
 -116.639053 45.493374 -26.436159
 -125.487038 34.294163 -27.808510
 -128.139862 20.536383 -27.190228
 -131.715118 7.003220 -27.852503
 -134.015060 -7.176469 -28.894939
 -130.098602 -21.014338 -28.206427
 -124.156776 -33.869495 -27.377760
 -118.354836 -46.393219 -27.198950
 -110.649368 -57.591122 -26.626421
 -100.953033 -66.716484 -25.479527
 -91.277176 -75.174232 -24.738708
 -81.460678 -83.147171 -24.397436
 -71.768211 -91.421394 -24.709948
 -60.720486 -97.434746 -24.606724
 -47.949924 -98.376663 -23.151941
 -36.329651 -100.425056 -22.560040
 -25.417606 -104.201210 -22.865309
 -14.255416 -106.747131 -23.007622
 -2.871972 -107.924210 -22.977919
 8.671434 -108.097313 -22.958052
 20.502396 -108.603630 -23.440355
 32.336159 -107.112556 -23.729570
 44.184616 -104.795120 -24.218651
 54.940514 -98.922150 -23.922962
 65.926674 -93.653549 -24.232040
 76.826492 -87.631920 -24.665878
 87.714577 -80.802223 -25.224482
 98.787552 -73.281380 -26.048771
 108.956566 -64.041588 -26.697336
 118.580681 -53.733051 -27.574633
 127.193054 -42.170822 -28.647322
 132.238922 -28.686884 -28.996426
 133.552567 -14.304847 -28.702515
 120.926346 0.000000 -38.646976
 117.090065 12.861437 -37.465496
 114.956421 25.807108 -38.466488
 108.759743 37.396584 -37.532162
 100.985519 47.565903 -36.085049
 93.089462 56.961548 -35.040440
 85.607033 66.346962 -34.818851
 77.964317 75.605263 -35.025040
 69.412949 83.913330 -35.040436
 60.379391 91.981285 -35.400234
 51.231762 101.283653 -36.912735
 40.012535 106.746239 -36.962421
 28.196867 111.319748 -37.296249
 15.913835 115.225533 -38.055771
 3.146361 114.451698 -37.372787
 -9.176286 110.546402 -35.932014
 -20.877283 106.476067 -35.016006
 -32.291134 103.027618 -34.946613
 -43.398449 98.919998 -35.085400
 -54.520306 94.766197 -35.781326
 -64.113037 87.150932 -35.085899
 -73.540840 79.611809 -34.937733
 -83.519768 72.623535 -35.826733
 -92.152168 63.604115 -35.965317
 -100.394485 53.940536 -36.344105
 -109.538010 44.318947 -38.002869
 -118.699753 33.661011 -40.396309
 -123.544350 20.656710 -40.918053
 -125.401688 6.918603 -40.807442
 -124.828125 -6.879785 -40.504906
 -121.911324 -20.308796 -39.971329
 -118.363846 -33.524944 -40.147449
 -111.164124 -45.061111 -38.770439
 -104.192635 -56.302204 -38.334892
 -95.897842 -66.364258 -37.711662
 -85.832207 -74.358116 -36.443024
 -76.093117 -82.453072 -36.251961
 -66.001953 -90.142204 -36.597778
 -53.973606 -93.666901 -35.266178
 -41.907764 -95.315964 -33.672970
 -30.861900 -98.587204 -33.510914
 -20.089542 -103.276878 -34.450516
 -8.712397 -105.352310 -34.471531
 2.917025 -105.400017 -34.014313
 14.747239 -105.694618 -34.293652
 26.932173 -105.929260 -35.257553
 38.943104 -103.688667 -35.779045
 50.884773 -100.551048 -36.616261
 62.003765 -94.898682 -36.828419
 72.341316 -87.622650 -36.722775
 82.926773 -80.466721 -37.327377
 94.194183 -73.372192 -38.867325
 103.254623 -63.340637 -39.161568
 111.177757 -52.259407 -39.516850
 119.158081 -40.929508 -40.995884
 124.708115 -28.086636 -42.087101
 124.660759 -13.815993 -40.902328
 111.285439 0.000000 -48.979183
 108.327682 12.375335 -47.950974
 106.024612 24.710386 -48.774155
 100.474380 35.869083 -47.571457
 94.235367 46.284470 -46.615276
 86.955048 55.640705 -45.453896
 79.605957 64.757553 -45.115139
 72.231949 74.127968 -45.801052
 63.470100 82.022743 -45.827808
 54.204140 89.659760 -46.407078
 43.698524 95.276756 -46.285358
 32.966427 101.394775 -47.414188
 21.250784 104.967361 -47.755112
 9.086107 105.848686 -47.347507
 -2.992570 104.753632 -46.658337
 -14.655057 101.770592 -45.652706
 -25.777424 97.787476 -44.787979
 -36.856335 94.744865 -45.336136
 -47.332901 89.828979 -45.332588
 -57.018883 83.287506 -44.824009
 -66.882500 77.165741 -45.437675
 -76.825790 70.663139 -46.712311
 -86.125648 62.726189 -47.722691
 -93.693161 52.769833 -47.548988
 -101.283554 42.626701 -48.395390
 -109.242111 32.083385 -50.721619
 -113.927361 19.709194 -51.429520
 -116.138321 6.633581 -51.633289
 -115.483864 -6.584117 -51.083752
 -114.172928 -19.765711 -51.641106
 -109.977867 -32.310619 -51.111752
 -102.818764 -43.255730 -49.079479
 -97.048904 -54.791813 -49.587318
 -89.685600 -65.364998 -49.785622
 -79.695877 -73.207314 -48.277138
 -69.240662 -79.968887 -47.175480
 -58.158794 -85.089615 -45.928242
 -46.969334 -89.016777 -44.811569
 -35.801296 -91.742409 -43.648232
 -25.144178 -95.546616 -43.891960
 -14.414722 -100.562309 -45.479816
 -2.923416 -102.256279 -45.485886
 8.840610 -102.355690 -45.294216
 20.973747 -103.089676 -46.503170
 33.104740 -101.598991 -47.332386
 44.765739 -97.786057 -47.662918
 56.595139 -94.095375 -49.139500
 66.601883 -86.285408 -48.428738
 76.841339 -78.994858 -48.965054
 87.345245 -71.548912 -50.478584
 96.488487 -62.112480 -51.297398
 103.126060 -50.585709 -50.840038
 109.253273 -38.941811 -51.502758
 113.812843 -26.541912 -52.433884
 113.837982 -13.064031 -51.041759
 101.494232 0.000000 -58.262379
 99.158760 12.015000 -57.331104
 95.964012 23.619284 -56.832565
 91.705437 34.728832 -56.393261
 86.722198 45.489132 -56.454216
 80.190880 55.237698 -55.930698
 72.805206 64.322556 -55.725670
 65.270569 73.773941 -57.039650
 56.192448 81.621185 -57.522800
 45.405636 86.311203 -56.047447
 34.822937 91.782410 -56.632420
 23.494862 95.380997 -56.776905
 11.749846 96.823250 -56.366814
 0.000000 97.287933 -56.430046
 -11.516250 94.986015 -55.388138
 -22.402721 90.725708 -53.772202
 -33.085381 87.238976 -53.867992
 -43.203354 82.302444 -53.646873
 -52.683498 76.152512 -53.202202
 -62.525906 70.603287 -54.495426
 -71.684410 63.514053 -55.310169
 -80.692284 55.741142 -56.732002
 -88.145256 46.128853 -57.010979
 -96.140350 36.463776 -59.375877
 -101.849243 25.104469 -60.568424
 -105.690689 12.844206 -61.614025
 -106.114212 0.000000 -60.971828
 -105.481110 -12.808974 -61.363285
 -101.775940 -25.045462 -60.252697
 -97.130981 -36.812042 -59.864246
 -90.551247 -47.445374 -58.769386
 -83.362411 -57.555683 -58.523048
 -75.067360 -66.712326 -58.405842
 -64.529060 -72.814659 -56.131737
 -54.028751 -78.195793 -54.758018
 -43.575607 -83.011147 -54.108406
 -32.872097 -86.495064 -53.206444
 -22.413452 -90.881943 -53.984646
 -11.535630 -95.118164 -55.436558
 0.000000 -97.186844 -56.046497
 11.891975 -97.727356 -56.625233
 24.003216 -97.344368 -57.842522
 35.778046 -94.361771 -58.290302
 46.954872 -89.534874 -58.458588
 57.304810 -83.012993 -58.227390
 67.300369 -75.966415 -58.595322
 77.026649 -68.302582 -59.563202
 85.925095 -59.383186 -60.483356
 93.620338 -49.227341 -61.355366
 98.963875 -37.565964 -61.259308
 103.118752 -25.517679 -61.990723
 103.236198 -12.546869 -60.197437
 91.942139 0.000000 -66.563911
 89.964363 11.569464 -65.423157
 86.967705 22.719463 -64.629150
 83.447800 33.691811 -64.907188
 79.449631 44.818150 -66.549789
 72.983406 54.508945 -66.299957
 65.249725 63.186871 -65.982491
 56.405754 70.682655 -65.605934
 46.846626 77.304146 -65.717094
 36.325424 82.032867 -65.141525
 25.532963 86.204842 -65.564713
 14.177422 87.820869 -64.799881
 2.826492 88.372650 -64.536919
 -8.325394 86.361427 -63.114311
 -19.002794 83.185921 -61.897942
 -29.190214 79.186462 -61.118809
 -38.992947 74.635849 -61.003475
 -48.287483 69.071686 -60.940605
 -57.811935 63.719452 -62.648453
 -66.468544 56.594421 -63.449936
 -74.789536 48.688744 -64.858353
 -82.279472 39.617851 -66.322952
 -89.189430 29.686296 -68.747047
 -94.082527 18.396011 -70.409409
 -95.995140 6.179549 -70.402153
 -95.969078 -6.179268 -70.426910
 -92.610153 -18.010397 -68.282471
 -88.107468 -29.156075 -66.827179
 -83.488281 -40.234673 -67.458931
 -75.865753 -49.252384 -65.284492
 -68.790245 -58.707039 -66.089813
 -59.386372 -65.414574 -64.242317
 -49.524342 -70.886002 -62.617180
 -39.809513 -76.293068 -62.498882
 -29.610971 -80.339592 -62.026791
 -19.282537 -84.397911 -62.784016
 -8.429974 -87.237091 -63.485634
 2.870302 -89.525085 -65.100578
 14.510666 -89.969437 -66.490334
 25.731638 -86.698433 -65.705856
 36.907284 -83.722343 -67.003632
 46.929161 -77.629684 -66.276337
 56.384857 -70.815018 -65.988510
 65.882652 -64.005585 -67.216652
 74.656235 -55.919697 -68.359810
 82.514984 -46.690437 -69.697495
 87.595322 -35.509472 -68.905411
 90.960541 -23.849712 -68.297821
 93.187828 -12.046200 -68.754433
 83.341446 0.000000 -75.345840
 81.593323 11.450842 -73.895035
 78.661674 22.475002 -72.948433
 75.914009 33.853081 -75.152634
 70.681625 44.262894 -75.495560
 63.574043 53.397453 -74.926743
 54.808174 60.740353 -73.318382
 45.574192 67.480995 -73.128052
 35.289051 72.180992 -72.009056
 24.893267 76.730881 -72.838562
 13.835243 78.575684 -72.021385
 2.746844 78.743248 -71.077576
 -8.080662 76.772675 -69.330566
 -18.483332 73.974632 -68.383392
 -28.527950 70.549561 -68.407394
 -38.045200 65.853554 -68.387245
 -47.270428 60.544308 -69.264671
 -56.260422 54.483738 -70.982216
 -64.259293 46.764648 -71.851082
 -71.651253 38.166054 -73.433846
 -77.637383 28.294456 -74.660011
 -81.555290 17.329832 -75.010033
 -84.523727 5.931601 -77.045029
 -83.598465 -5.848879 -75.567085
 -80.802818 -17.148237 -74.057098
 -77.333786 -28.187668 -74.396713
 -71.354149 -37.921848 -72.669563
 -64.508858 -46.838924 -71.669617
 -57.080841 -55.237495 -71.865952
 -48.229530 -61.789680 -70.723190
 -38.701210 -66.925011 -69.381401
 -29.156244 -72.167282 -70.088158
 -18.911283 -75.789101 -70.231453
 -8.229159 -78.201126 -70.650536
 2.774872 -79.516823 -71.727684
 13.698884 -77.583244 -70.761803
 24.197161 -74.387787 -70.286034
 34.233543 -70.274574 -70.553413
 43.527428 -64.605148 -70.309372
 52.327339 -58.120571 -70.430939
 61.299412 -51.559959 -72.534615
 69.208565 -43.340549 -73.926437
 75.755913 -33.793365 -75.062721
 79.519028 -22.751436 -74.030197
 82.773384 -11.647638 -75.523705
 73.712280 0.000000 -81.909683
 72.597488 11.481832 -81.310837
 70.385307 22.888638 -82.381851
 66.533737 34.042629 -83.884705
 59.419975 43.145580 -81.439049
 51.452641 51.379986 -80.501350
 42.604790 58.698200 -80.718391
 32.272697 63.241253 -78.616142
 21.778414 67.020020 -78.249344
 10.958881 69.330948 -78.235626
 0.000000 68.594353 -76.013115
 -10.557257 66.375153 -74.073151
 -20.843323 64.038406 -74.549980
 -30.933105 60.902859 -76.347656
 -39.923943 54.998390 -75.619934
 -48.510017 48.555508 -76.392365
 -55.931870 40.563206 -76.393486
 -62.476814 31.745329 -77.274147
 -67.557243 21.883329 -78.218658
 -71.198975 11.273921 -80.003326
 -71.938354 0.000000 -79.746689
 -70.662872 -11.193068 -79.480370
 -68.014397 -22.189091 -80.326614
 -62.625313 -31.968163 -78.464104
 -56.112648 -40.782753 -77.107880
 -48.761490 -48.784416 -76.687645
 -40.498238 -55.796711 -76.734222
 -31.021242 -60.722946 -75.334381
 -21.372011 -65.814224 -76.934288
 -10.758030 -67.777214 -75.921463
 0.000000 -68.794701 -76.356972
 10.626178 -67.039886 -75.280678
 20.675955 -63.615387 -74.248627
 29.976446 -58.805264 -73.237946
 38.726044 -53.245827 -72.954506
 47.218159 -47.142029 -73.824936
 55.699406 -40.472527 -76.487808
 63.113125 -32.166355 -78.727242
 68.665123 -22.293270 -80.012001
 72.544556 -11.499427 -81.759132
 63.773746 0.000000 -87.946846
 62.983513 11.436977 -88.256195
 59.718548 22.412750 -87.793716
 54.127262 32.279533 -86.343864
 46.807644 40.764923 -84.806839
 38.623333 48.463760 -85.415688
 29.002123 53.989193 -84.644279
 18.664501 57.558319 -83.592529
 7.968447 58.816082 -81.669693
 -2.622486 58.241405 -79.868401
 -12.871046 56.154408 -78.678261
 -23.013912 53.925480 -80.937309
 -32.427071 49.267078 -81.673409
 -40.687447 42.574013 -81.134186
 -47.805759 34.653797 -80.814262
 -53.639633 25.735249 -81.092049
 -58.310040 16.082621 -83.114090
 -60.754635 5.479618 -84.456116
 -60.100960 -5.409650 -83.076172
 -58.281403 -16.148777 -84.145096
 -53.621220 -25.847683 -82.138313
 -47.740517 -34.657600 -81.038002
 -40.937744 -42.831913 -81.611725
 -32.779716 -49.684715 -82.015358
 -23.371471 -54.620163 -81.597855
 -13.243225 -57.997349 -81.816872
 -2.645736 -58.898003 -81.113808
 7.820491 -57.860199 -80.682182
 17.537085 -53.999603 -78.217537
 26.450783 -49.120045 -76.678146
 34.988716 -43.861111 -77.172318
 43.187656 -37.696655 -78.725220
 51.128700 -30.566118 -82.112648
 57.748234 -21.706408 -85.256706
 62.256725 -11.324281 -87.647385
 52.903645 0.000000 -91.794762
 51.430813 10.906298 -90.486389
 47.568378 21.113129 -89.421844
 41.629642 30.180229 -88.595940
 34.086185 37.884827 -88.414429
 25.267033 43.958115 -88.605347
 15.283200 47.131996 -86.145149
 5.080019 48.297718 -84.004349
 -5.034341 47.801205 -82.945526
 -14.928504 45.936543 -83.630615
 -24.385298 42.351452 -85.117119
 -32.624783 36.255737 -84.594841
 -39.490578 28.638340 -84.107307
 -45.116051 20.084223 -85.505836
 -48.662590 10.358022 -86.506340
 -49.514500 0.000000 -85.815750
 -48.448559 -10.317273 -86.238770
 -45.196690 -20.168514 -86.236160
 -39.895809 -28.988232 -85.432610
 -33.079647 -36.680489 -85.249542
 -24.834106 -42.906864 -85.434357
 -15.493267 -47.706001 -86.954277
 -5.174999 -49.199284 -85.569061
 5.134308 -49.023216 -85.920082
 14.725101 -45.337326 -82.627655
 23.497766 -40.669151 -81.227814
 31.813190 -35.332134 -82.348740
 39.606537 -28.789164 -84.905060
 46.639481 -20.833254 -89.230408
 51.394272 -10.963232 -91.901047
 41.497746 0.000000 -93.167198
 39.631317 10.588442 -91.419632
 35.008427 20.165926 -90.220886
 28.172274 28.193874 -89.676529
 19.575190 33.987331 -88.528969
 9.950277 37.188435 -86.698235
 0.000000 38.103851 -85.679893
 -9.861479 36.843613 -85.840729
 -19.123066 33.156368 -86.152397
 -27.108442 27.092125 -85.960701
 -33.387291 19.253023 -86.297691
 -37.602158 10.080970 -87.569183
 -38.871258 0.000000 -87.073402
 -37.951714 -10.189654 -88.747314
 -34.198635 -19.769489 -89.006699
 -28.120798 -28.112080 -89.245262
 -20.070150 -34.744743 -90.029030
 -10.451215 -39.061607 -91.063103
 0.000000 -39.930298 -89.899429
 10.130971 -37.859020 -88.239670
 19.336718 -33.509155 -86.985489
 27.594934 -27.603022 -87.723801
 34.819408 -20.144493 -90.822281
 39.977776 -10.748566 -93.834274
 30.327583 0.000000 -93.310059
 28.189665 9.657011 -91.189011
 23.041124 17.914534 -89.593781
 15.617488 23.901035 -87.845551
 6.890167 27.202448 -86.327156
 -2.305669 27.825285 -85.930908
 -11.241247 25.620291 -86.059029
 -19.165499 20.839491 -87.330605
 -25.089985 13.584979 -87.928459
 -28.416677 4.745746 -88.869171
 -28.597633 -4.769544 -89.097244
 -25.901358 -14.022408 -90.736397
 -20.093916 -21.774296 -90.688591
 -12.022466 -27.334738 -91.427719
 -2.469388 -29.737486 -91.489197
 7.312703 -28.885906 -91.756950
 16.182259 -24.763933 -91.007957
 23.596067 -18.381973 -92.254364
 28.797636 -9.913405 -94.420448
 19.619320 0.000000 -91.976738
 16.603243 9.572409 -89.839981
 9.349747 16.186947 -87.862053
 0.000000 18.459450 -86.844910
 -9.282422 16.093542 -87.586426
 -16.287277 9.411963 -88.706039
 -19.166332 0.000000 -90.519409
 -16.888344 -9.751032 -91.759155
 -9.896814 -17.126062 -92.884453
 0.000000 -19.721912 -92.332542
 9.873697 -17.072918 -92.469109
 17.215145 -9.950643 -93.820419
 9.645009 0.000000 -91.822655
 4.697445 8.140264 -89.512260
 -4.682888 8.125703 -89.567337
 -9.534941 0.000000 -90.977089
 -4.858509 -8.408673 -92.251396
 4.875949 -8.437025 -92.526619
 0.000000 0.000000 -91.691505
